0, 0, 436, 108, -0.9082399010658264
0, 1, 449, 87, -0.8673307299613953
0, 2, 455, 88, -0.8674490451812744
0, 3, 464, 88, -0.8677310943603516
0, 4, 424, 88, -0.8730032444000244
0, 5, 416, 89, -0.8728551864624023
0, 6, 408, 90, -0.8731706142425537
0, 7, 478, 100, -0.5640104413032532
0, 8, 396, 103, -0.5799084901809692
0, 9, 452, 132, -0.7927576899528503
0, 10, 420, 134, -0.7974884510040283
0, 11, 546, 236, -0.35618606209754944
0, 12, 328, 236, -0.39584091305732727
0, 13, 573, 399, -0.22413228452205658
0, 14, 300, 415, -0.34718644618988037
0, 15, 576, 506, -0.43916085362434387
0, 16, 329, 502, -0.6085647344589233
0, 17, 595, 554, -0.511594295501709
0, 18, 347, 540, -0.6900114417076111
0, 19, 584, 552, -0.5710733532905579
0, 20, 357, 526, -0.7525601387023926
0, 21, 575, 536, -0.4707255959510803
0, 22, 356, 513, -0.6385307312011719
0, 23, 512, 514, -0.02413788251578808
0, 24, 378, 521, 0.025629613548517227
0, 25, 529, 745, 0.2347966879606247
0, 26, 392, 753, 0.2706760764122009
0, 27, 544, 932, 0.8191757798194885
0, 28, 409, 942, 0.7730926275253296
0, 29, 548, 963, 0.8574036359786987
0, 30, 407, 973, 0.8137927055358887
0, 31, 531, 1003, 0.4918566346168518
0, 32, 435, 1010, 0.415749728679657
1, 0, 436, 108, -0.9737940430641174
1, 1, 449, 87, -0.9305239915847778
1, 2, 456, 88, -0.9305468797683716
1, 3, 464, 88, -0.9307156205177307
1, 4, 424, 88, -0.9417604207992554
1, 5, 416, 89, -0.9417023062705994
1, 6, 408, 90, -0.9420815706253052
1, 7, 478, 100, -0.6226257681846619
1, 8, 396, 103, -0.6642868518829346
1, 9, 453, 132, -0.8577646613121033
1, 10, 421, 134, -0.8697482347488403
1, 11, 546, 235, -0.39504584670066833
1, 12, 328, 237, -0.4973575472831726
1, 13, 574, 399, -0.228505477309227
1, 14, 301, 419, -0.4551848769187927
1, 15, 578, 514, -0.404936820268631
1, 16, 338, 509, -0.680566132068634
1, 17, 598, 564, -0.4643508493900299
1, 18, 352, 553, -0.7584754824638367
1, 19, 587, 566, -0.5255705714225769
1, 20, 362, 541, -0.8246537446975708
1, 21, 578, 549, -0.4358955919742584
1, 22, 362, 527, -0.710896372795105
1, 23, 512, 515, -0.016775501891970634
1, 24, 378, 523, 0.018169360235333443
1, 25, 532, 751, 0.24379906058311462
1, 26, 392, 759, 0.24720266461372375
1, 27, 545, 944, 0.8371032476425171
1, 28, 409, 955, 0.7488911747932434
1, 29, 549, 974, 0.875264585018158
1, 30, 407, 985, 0.7888976335525513
1, 31, 533, 1016, 0.504439115524292
1, 32, 435, 1023, 0.37877175211906433
2, 0, 436, 108, -0.9868884682655334
2, 1, 450, 87, -0.943886935710907
2, 2, 456, 88, -0.9439079165458679
2, 3, 464, 89, -0.9440726637840271
2, 4, 424, 88, -0.9556262493133545
2, 5, 416, 89, -0.9555736184120178
2, 6, 408, 90, -0.9559532999992371
2, 7, 478, 101, -0.6358448266983032
2, 8, 396, 103, -0.679686427116394
2, 9, 453, 132, -0.8706670999526978
2, 10, 421, 134, -0.8832775950431824
2, 11, 546, 234, -0.4067867696285248
2, 12, 328, 238, -0.5121482014656067
2, 13, 575, 400, -0.23360790312290192
2, 14, 301, 421, -0.47006121277809143
2, 15, 579, 517, -0.40157365798950195
2, 16, 342, 512, -0.6957194209098816
2, 17, 599, 567, -0.4607596695423126
2, 18, 356, 558, -0.7740640640258789
2, 19, 589, 570, -0.5221198797225952
2, 20, 366, 547, -0.8402795791625977
2, 21, 579, 553, -0.4324972927570343
2, 22, 365, 533, -0.7259816527366638
2, 23, 513, 515, -0.013480679132044315
2, 24, 379, 524, 0.01481718197464943
2, 25, 533, 753, 0.2494550496339798
2, 26, 393, 762, 0.24221110343933105
2, 27, 546, 948, 0.8446489572525024
2, 28, 409, 959, 0.7442967891693115
2, 29, 550, 978, 0.8828260898590088
2, 30, 408, 989, 0.7843749523162842
2, 31, 534, 1020, 0.5111573338508606
2, 32, 435, 1028, 0.37391602993011475
3, 0, 436, 108, -0.9702882766723633
3, 1, 450, 87, -0.932353675365448
3, 2, 457, 88, -0.9323914647102356
3, 3, 464, 88, -0.9326723217964172
3, 4, 424, 88, -0.936710000038147
3, 5, 416, 89, -0.9366234540939331
3, 6, 408, 90, -0.9369346499443054
3, 7, 478, 100, -0.6217131018638611
3, 8, 396, 103, -0.651594877243042
3, 9, 453, 132, -0.8573935627937317
3, 10, 421, 134, -0.8619784712791443
3, 11, 546, 233, -0.3833931088447571
3, 12, 328, 238, -0.479109525680542
3, 13, 575, 400, -0.20688359439373016
3, 14, 303, 421, -0.43363121151924133
3, 15, 579, 517, -0.38104158639907837
3, 16, 341, 517, -0.6777864694595337
3, 17, 599, 567, -0.44275107979774475
3, 18, 355, 565, -0.7601754069328308
3, 19, 589, 570, -0.504781186580658
3, 20, 365, 556, -0.8193584084510803
3, 21, 579, 553, -0.41291776299476624
3, 22, 365, 540, -0.7063269019126892
3, 23, 513, 515, -0.011983527801930904
3, 24, 379, 525, 0.0134034538641572
3, 25, 534, 755, 0.24838677048683167
3, 26, 393, 764, 0.23747432231903076
3, 27, 546, 950, 0.8421905040740967
3, 28, 408, 962, 0.7403336763381958
3, 29, 550, 981, 0.8802902698516846
3, 30, 406, 994, 0.7799453139305115
3, 31, 534, 1022, 0.5095891952514648
3, 32, 434, 1030, 0.3651813864707947
4, 0, 436, 107, -0.959455132484436
4, 1, 450, 87, -0.9201822876930237
4, 2, 457, 87, -0.9202496409416199
4, 3, 464, 88, -0.9205352067947388
4, 4, 424, 88, -0.9258015155792236
4, 5, 416, 89, -0.9257029294967651
4, 6, 408, 90, -0.9260369539260864
4, 7, 478, 100, -0.6169787049293518
4, 8, 396, 103, -0.6418506503105164
4, 9, 453, 132, -0.8453384637832642
4, 10, 421, 134, -0.8517270088195801
4, 11, 546, 233, -0.37617793679237366
4, 12, 328, 238, -0.47335201501846313
4, 13, 575, 400, -0.19627460837364197
4, 14, 303, 421, -0.42654046416282654
4, 15, 578, 517, -0.36627197265625
4, 16, 341, 519, -0.6654857397079468
4, 17, 599, 567, -0.4275914132595062
4, 18, 353, 567, -0.7484983205795288
4, 19, 589, 570, -0.4892161786556244
4, 20, 364, 558, -0.807719349861145
4, 21, 579, 552, -0.39795681834220886
4, 22, 364, 543, -0.6943133473396301
4, 23, 513, 515, -0.01021602563560009
4, 24, 379, 526, 0.0116864750161767
4, 25, 534, 756, 0.2508608102798462
4, 26, 392, 765, 0.2387210726737976
4, 27, 544, 951, 0.8490802645683289
4, 28, 404, 963, 0.7440385222434998
4, 29, 547, 982, 0.8875592947006226
4, 30, 402, 995, 0.7838867902755737
4, 31, 532, 1023, 0.514570951461792
4, 32, 429, 1031, 0.37195393443107605
5, 0, 436, 107, -0.9073057770729065
5, 1, 450, 87, -0.8637882471084595
5, 2, 457, 87, -0.8639131188392639
5, 3, 464, 88, -0.8641901612281799
5, 4, 424, 87, -0.8704982399940491
5, 5, 415, 88, -0.8703590631484985
5, 6, 408, 90, -0.8706899881362915
5, 7, 478, 100, -0.5622355937957764
5, 8, 396, 103, -0.5849977731704712
5, 9, 453, 132, -0.7948305606842041
5, 10, 421, 134, -0.8012381792068481
5, 11, 546, 233, -0.36099860072135925
5, 12, 328, 238, -0.4080215096473694
5, 13, 576, 399, -0.19936063885688782
5, 14, 301, 415, -0.3343372941017151
5, 15, 578, 517, -0.36870020627975464
5, 16, 314, 523, -0.581403374671936
5, 17, 597, 566, -0.4324709177017212
5, 18, 319, 566, -0.6600676774978638
5, 19, 588, 569, -0.4946454167366028
5, 20, 331, 560, -0.7336198091506958
5, 21, 579, 552, -0.40143507719039917
5, 22, 334, 544, -0.6173563599586487
5, 23, 514, 515, -0.015781566500663757
5, 24, 379, 527, 0.017361516132950783
5, 25, 534, 760, 0.22560137510299683
5, 26, 392, 770, 0.2378358393907547
5, 27, 543, 958, 0.8090698719024658
5, 28, 404, 972, 0.7303584218025208
5, 29, 546, 990, 0.8457431197166443
5, 30, 402, 1005, 0.7680789232254028
5, 31, 531, 1029, 0.4688960313796997
5, 32, 429, 1040, 0.35218653082847595
6, 0, 436, 106, -0.8948442339897156
6, 1, 450, 86, -0.8501895070075989
6, 2, 457, 86, -0.8503038287162781
6, 3, 464, 87, -0.8505738377571106
6, 4, 424, 86, -0.8571059107780457
6, 5, 415, 88, -0.85694819688797
6, 6, 407, 89, -0.8572720289230347
6, 7, 478, 100, -0.5482122898101807
6, 8, 396, 102, -0.5703909993171692
6, 9, 453, 131, -0.7825053334236145
6, 10, 421, 133, -0.7888871431350708
6, 11, 546, 233, -0.3558303117752075
6, 12, 327, 238, -0.3955010175704956
6, 13, 576, 399, -0.20130053162574768
6, 14, 300, 412, -0.324058473110199
6, 15, 578, 518, -0.37699776887893677
6, 16, 306, 525, -0.569904088973999
6, 17, 596, 565, -0.4418969452381134
6, 18, 312, 568, -0.6478801369667053
6, 19, 586, 568, -0.5045093297958374
6, 20, 325, 563, -0.7217496633529663
6, 21, 578, 551, -0.4097572863101959
6, 22, 329, 547, -0.6057820320129395
6, 23, 514, 515, -0.01888214237987995
6, 24, 379, 528, 0.020542288199067116
6, 25, 534, 763, 0.21444132924079895
6, 26, 392, 773, 0.23715762794017792
6, 27, 543, 962, 0.7936235666275024
6, 28, 403, 976, 0.7231637835502625
6, 29, 546, 995, 0.8299461007118225
6, 30, 401, 1009, 0.7600470781326294
6, 31, 530, 1032, 0.4530993402004242
6, 32, 429, 1044, 0.3438771665096283
7, 0, 436, 105, -0.8638758659362793
7, 1, 450, 85, -0.8194959759712219
7, 2, 457, 86, -0.8196266889572144
7, 3, 464, 86, -0.8199421167373657
7, 4, 424, 86, -0.8233481645584106
7, 5, 415, 87, -0.8231443762779236
7, 6, 407, 89, -0.8234108090400696
7, 7, 478, 100, -0.5230828523635864
7, 8, 396, 102, -0.5301116108894348
7, 9, 453, 130, -0.7538831830024719
7, 10, 421, 132, -0.7560105323791504
7, 11, 546, 232, -0.3439943194389343
7, 12, 327, 237, -0.3509270250797272
7, 13, 576, 400, -0.2030733823776245
7, 14, 297, 406, -0.2603590786457062
7, 15, 579, 518, -0.3790033459663391
7, 16, 296, 526, -0.5151204466819763
7, 17, 595, 565, -0.4462672770023346
7, 18, 301, 567, -0.5936333537101746
7, 19, 583, 568, -0.5075250864028931
7, 20, 316, 562, -0.6692866086959839
7, 21, 576, 551, -0.4132447838783264
7, 22, 321, 546, -0.5525148510932922
7, 23, 513, 515, -0.031133392825722694
7, 24, 378, 528, 0.03282802551984787
7, 25, 532, 767, 0.20493066310882568
7, 26, 391, 775, 0.24414974451065063
7, 27, 541, 966, 0.7969874739646912
7, 28, 403, 979, 0.7351346611976624
7, 29, 544, 999, 0.8344271779060364
7, 30, 400, 1012, 0.7725588083267212
7, 31, 526, 1037, 0.45582449436187744
7, 32, 428, 1048, 0.3474694490432739
8, 0, 436, 105, -0.8671420216560364
8, 1, 450, 85, -0.8229645490646362
8, 2, 457, 85, -0.8230835795402527
8, 3, 464, 86, -0.8234007954597473
8, 4, 424, 86, -0.8268560171127319
8, 5, 415, 87, -0.8266506791114807
8, 6, 407, 88, -0.8269090056419373
8, 7, 478, 99, -0.5260528326034546
8, 8, 396, 101, -0.5331003069877625
8, 9, 453, 130, -0.7567644715309143
8, 10, 421, 132, -0.7589366436004639
8, 11, 547, 232, -0.3444364666938782
8, 12, 327, 236, -0.3531314432621002
8, 13, 576, 400, -0.20441794395446777
8, 14, 295, 404, -0.2613429129123688
8, 15, 579, 520, -0.38645729422569275
8, 16, 294, 529, -0.5151756405830383
8, 17, 595, 565, -0.45354604721069336
8, 18, 299, 568, -0.5931428074836731
8, 19, 583, 568, -0.514255166053772
8, 20, 315, 567, -0.6695927977561951
8, 21, 575, 551, -0.4195357859134674
8, 22, 319, 550, -0.5527562499046326
8, 23, 513, 515, -0.03676050528883934
8, 24, 378, 529, 0.038476329296827316
8, 25, 531, 769, 0.196681946516037
8, 26, 391, 777, 0.24737146496772766
8, 27, 539, 969, 0.7934067845344543
8, 28, 402, 981, 0.739707350730896
8, 29, 543, 1002, 0.8313252329826355
8, 30, 400, 1015, 0.777102530002594
8, 31, 523, 1039, 0.44993430376052856
8, 32, 428, 1050, 0.3540010154247284
9, 0, 436, 104, -0.8627753257751465
9, 1, 450, 85, -0.819021999835968
9, 2, 457, 85, -0.8191529512405396
9, 3, 464, 86, -0.8195151090621948
9, 4, 424, 85, -0.8233585357666016
9, 5, 415, 87, -0.8232313990592957
9, 6, 407, 88, -0.8235204219818115
9, 7, 478, 99, -0.5227908492088318
9, 8, 396, 101, -0.5324800610542297
9, 9, 453, 130, -0.751772403717041
9, 10, 421, 132, -0.7544752955436707
9, 11, 547, 233, -0.3359469771385193
9, 12, 326, 236, -0.34811678528785706
9, 13, 576, 400, -0.2047690600156784
9, 14, 291, 402, -0.25635674595832825
9, 15, 580, 516, -0.4247428774833679
9, 16, 286, 527, -0.515597939491272
9, 17, 598, 563, -0.5018841624259949
9, 18, 292, 568, -0.5962888598442078
9, 19, 584, 566, -0.5612836480140686
9, 20, 309, 564, -0.6708683967590332
9, 21, 576, 549, -0.4590514898300171
9, 22, 312, 548, -0.55291348695755
9, 23, 509, 514, -0.040578823536634445
9, 24, 374, 529, 0.04240693897008896
9, 25, 525, 774, 0.20211371779441833
9, 26, 386, 781, 0.2616555690765381
9, 27, 533, 978, 0.8216046690940857
9, 28, 397, 990, 0.786251962184906
9, 29, 536, 1013, 0.8639180064201355
9, 30, 395, 1025, 0.8279195427894592
9, 31, 516, 1049, 0.4759180247783661
9, 32, 423, 1060, 0.3945980966091156
10, 0, 436, 104, -0.8570497632026672
10, 1, 450, 84, -0.8131591081619263
10, 2, 457, 85, -0.8133158087730408
10, 3, 464, 86, -0.8135603070259094
10, 4, 424, 85, -0.8196195363998413
10, 5, 415, 86, -0.8195415139198303
10, 6, 407, 88, -0.8199215531349182
10, 7, 478, 99, -0.5150579810142517
10, 8, 396, 101, -0.5353225469589233
10, 9, 453, 129, -0.7457498908042908
10, 10, 421, 131, -0.7515827417373657
10, 11, 547, 233, -0.3221840262413025
10, 12, 325, 236, -0.35600313544273376
10, 13, 576, 400, -0.20258668065071106
10, 14, 288, 401, -0.2791883945465088
10, 15, 583, 516, -0.43654999136924744
10, 16, 283, 527, -0.5362216234207153
10, 17, 602, 563, -0.5113092660903931
10, 18, 289, 566, -0.6162077188491821
10, 19, 589, 565, -0.5731196403503418
10, 20, 304, 561, -0.6890193819999695
10, 21, 580, 548, -0.4716111421585083
10, 22, 308, 545, -0.572171151638031
10, 23, 507, 515, -0.037562046200037
10, 24, 374, 529, 0.03932289406657219
10, 25, 519, 773, 0.20535074174404144
10, 26, 377, 780, 0.24807338416576385
10, 27, 524, 975, 0.81512850522995
10, 28, 385, 986, 0.7574043273925781
10, 29, 527, 1009, 0.8555373549461365
10, 30, 383, 1021, 0.7969807982444763
10, 31, 508, 1045, 0.4740433990955353
10, 32, 409, 1056, 0.37276193499565125
11, 0, 436, 104, -0.8651565313339233
11, 1, 450, 84, -0.821333110332489
11, 2, 457, 85, -0.8214805722236633
11, 3, 464, 86, -0.821709930896759
11, 4, 424, 85, -0.8277627229690552
11, 5, 415, 86, -0.8276400566101074
11, 6, 407, 88, -0.8280047178268433
11, 7, 478, 99, -0.5194734930992126
11, 8, 396, 101, -0.5377069115638733
11, 9, 453, 129, -0.7523657083511353
11, 10, 421, 131, -0.7579253315925598
11, 11, 547, 233, -0.3299013376235962
11, 12, 324, 236, -0.3553690016269684
11, 13, 577, 400, -0.2505122721195221
11, 14, 287, 402, -0.2838655114173889
11, 15, 576, 507, -0.5154023766517639
11, 16, 298, 502, -0.532494306564331
11, 17, 590, 556, -0.6035169363021851
11, 18, 318, 540, -0.6150586009025574
11, 19, 577, 552, -0.6626359224319458
11, 20, 327, 524, -0.6807186603546143
11, 21, 570, 536, -0.5487406253814697
11, 22, 326, 510, -0.5652434229850769
11, 23, 507, 515, -0.03675539046525955
11, 24, 372, 529, 0.03845561668276787
11, 25, 520, 766, 0.23041851818561554
11, 26, 377, 774, 0.2765412926673889
11, 27, 525, 965, 0.8603540658950806
11, 28, 387, 975, 0.8150500655174255
11, 29, 529, 995, 0.9026951193809509
11, 30, 385, 1006, 0.858931303024292
11, 31, 510, 1037, 0.5193606019020081
11, 32, 411, 1045, 0.4394182860851288
12, 0, 436, 104, -0.8643915057182312
12, 1, 450, 84, -0.8205372095108032
12, 2, 457, 85, -0.8206935524940491
12, 3, 464, 86, -0.8208867311477661
12, 4, 423, 85, -0.8271092772483826
12, 5, 415, 86, -0.8269534111022949
12, 6, 407, 88, -0.8273236155509949
12, 7, 478, 99, -0.5167551636695862
12, 8, 396, 101, -0.5354554057121277
12, 9, 453, 129, -0.7507401704788208
12, 10, 420, 131, -0.7564360499382019
12, 11, 547, 233, -0.33263400197029114
12, 12, 323, 236, -0.35472509264945984
12, 13, 578, 400, -0.25312888622283936
12, 14, 286, 402, -0.2875939607620239
12, 15, 574, 504, -0.5147783756256104
12, 16, 305, 496, -0.5350189805030823
12, 17, 586, 553, -0.6019088625907898
12, 18, 328, 534, -0.618442952632904
12, 19, 574, 547, -0.6616149544715881
12, 20, 336, 517, -0.6831746101379395
12, 21, 567, 531, -0.5480670928955078
12, 22, 333, 503, -0.5673208832740784
12, 23, 507, 515, -0.03600139170885086
12, 24, 372, 529, 0.037694815546274185
12, 25, 520, 762, 0.23856426775455475
12, 26, 378, 770, 0.2780040502548218
12, 27, 526, 958, 0.8630794286727905
12, 28, 388, 968, 0.8115199208259583
12, 29, 530, 987, 0.9048139452934265
12, 30, 387, 998, 0.8548575639724731
12, 31, 511, 1031, 0.5240829586982727
12, 32, 412, 1038, 0.43845638632774353
13, 0, 437, 104, -0.7535950541496277
13, 1, 450, 85, -0.7046087980270386
13, 2, 457, 85, -0.7049003839492798
13, 3, 464, 86, -0.7049159407615662
13, 4, 424, 85, -0.7113456726074219
13, 5, 415, 86, -0.711254358291626
13, 6, 407, 88, -0.7117304801940918
13, 7, 478, 99, -0.397987961769104
13, 8, 396, 101, -0.42071664333343506
13, 9, 453, 129, -0.6419675350189209
13, 10, 421, 131, -0.6485414505004883
13, 11, 547, 232, -0.23857717216014862
13, 12, 323, 236, -0.26116740703582764
13, 13, 584, 391, -0.2024397850036621
13, 14, 281, 403, -0.28415828943252563
13, 15, 574, 486, -0.536898136138916
13, 16, 309, 479, -0.655200719833374
13, 17, 583, 540, -0.6362173557281494
13, 18, 329, 520, -0.7582061290740967
13, 19, 566, 514, -0.6972283720970154
13, 20, 339, 499, -0.8169137835502625
13, 21, 558, 489, -0.5712645053863525
13, 22, 343, 478, -0.6868665814399719
13, 23, 508, 511, -0.03214649111032486
13, 24, 375, 520, 0.03362751007080078
13, 25, 520, 750, 0.1976115107536316
13, 26, 379, 759, 0.2182231843471527
13, 27, 527, 944, 0.7852570414543152
13, 28, 389, 953, 0.7116146683692932
13, 29, 530, 972, 0.8236634135246277
13, 30, 387, 980, 0.7509445548057556
13, 31, 512, 1015, 0.46114450693130493
13, 32, 413, 1020, 0.34701845049858093
14, 0, 437, 104, -0.7475490570068359
14, 1, 450, 85, -0.6985198259353638
14, 2, 457, 85, -0.6988130807876587
14, 3, 464, 86, -0.6988368630409241
14, 4, 424, 85, -0.7054553031921387
14, 5, 415, 86, -0.705363929271698
14, 6, 407, 88, -0.7058444023132324
14, 7, 478, 99, -0.3913156986236572
14, 8, 396, 101, -0.41499483585357666
14, 9, 454, 130, -0.6355939507484436
14, 10, 421, 131, -0.6424237489700317
14, 11, 547, 232, -0.23093757033348083
14, 12, 323, 236, -0.2545863091945648
14, 13, 587, 387, -0.19014862179756165
14, 14, 279, 403, -0.2792840301990509
14, 15, 574, 483, -0.5388669967651367
14, 16, 311, 475, -0.6559218168258667
14, 17, 582, 536, -0.6388261318206787
14, 18, 328, 517, -0.7578354477882385
14, 19, 563, 508, -0.7005548477172852
14, 20, 340, 496, -0.8179673552513123
14, 21, 555, 482, -0.573564887046814
14, 22, 346, 474, -0.6880024671554565
14, 23, 508, 509, -0.029665857553482056
14, 24, 377, 517, 0.031047798693180084
14, 25, 520, 746, 0.18692733347415924
14, 26, 379, 755, 0.2054041475057602
14, 27, 527, 940, 0.7712633013725281
14, 28, 389, 948, 0.6960715055465698
14, 29, 530, 967, 0.8093851208686829
14, 30, 388, 975, 0.7350545525550842
14, 31, 512, 1010, 0.44677773118019104
14, 32, 413, 1016, 0.33028849959373474
15, 0, 438, 110, -0.7644709944725037
15, 1, 451, 89, -0.7139143347740173
15, 2, 457, 90, -0.7141005396842957
15, 3, 465, 90, -0.7139813899993896
15, 4, 425, 90, -0.7225850224494934
15, 5, 416, 91, -0.7225250005722046
15, 6, 408, 92, -0.722896158695221
15, 7, 478, 102, -0.39336666464805603
15, 8, 396, 103, -0.42560485005378723
15, 9, 454, 133, -0.6471542119979858
15, 10, 421, 134, -0.6564047336578369
15, 11, 547, 230, -0.2304249107837677
15, 12, 323, 234, -0.26070889830589294
15, 13, 597, 385, -0.28887301683425903
15, 14, 276, 403, -0.38386270403862
15, 15, 550, 442, -0.7582007050514221
15, 16, 350, 448, -0.8887441754341125
15, 17, 544, 472, -0.8820185661315918
15, 18, 374, 471, -1.0098071098327637
15, 19, 526, 453, -0.9174858331680298
15, 20, 385, 450, -1.0352686643600464
15, 21, 523, 442, -0.7835075855255127
15, 22, 382, 440, -0.9072761535644531
15, 23, 512, 511, -0.026459135115146637
15, 24, 377, 515, 0.027996143326163292
15, 25, 528, 738, 0.25046640634536743
15, 26, 380, 747, 0.22823120653629303
15, 27, 531, 931, 0.8169909715652466
15, 28, 390, 940, 0.7115697860717773
15, 29, 533, 960, 0.855518102645874
15, 30, 388, 970, 0.7511113286018372
15, 31, 515, 1004, 0.5140421986579895
15, 32, 414, 1005, 0.3633797764778137
16, 0, 438, 111, -0.7729271054267883
16, 1, 451, 91, -0.7226935625076294
16, 2, 458, 91, -0.7228400707244873
16, 3, 466, 92, -0.7226847410202026
16, 4, 425, 91, -0.7314733862876892
16, 5, 416, 92, -0.7314177751541138
16, 6, 408, 93, -0.7317681312561035
16, 7, 479, 103, -0.4035864472389221
16, 8, 396, 104, -0.43612825870513916
16, 9, 454, 134, -0.6559495329856873
16, 10, 421, 135, -0.6653431057929993
16, 11, 547, 229, -0.23904761672019958
16, 12, 323, 234, -0.2729654014110565
16, 13, 600, 386, -0.31158193945884705
16, 14, 274, 404, -0.4143013656139374
16, 15, 541, 438, -0.7732710838317871
16, 16, 356, 443, -0.9199932217597961
16, 17, 534, 466, -0.8961278200149536
16, 18, 380, 464, -1.0412259101867676
16, 19, 517, 447, -0.9289125800132751
16, 20, 391, 445, -1.0650768280029297
16, 21, 516, 437, -0.797504186630249
16, 22, 387, 436, -0.9380837082862854
16, 23, 512, 512, -0.023698145523667336
16, 24, 377, 514, 0.02536090835928917
16, 25, 529, 737, 0.26356589794158936
16, 26, 381, 745, 0.24524447321891785
16, 27, 531, 930, 0.8310760855674744
16, 28, 388, 939, 0.7227487564086914
16, 29, 533, 959, 0.8698037266731262
16, 30, 386, 969, 0.7631824016571045
16, 31, 515, 1003, 0.5282031893730164
16, 32, 413, 1003, 0.3904368579387665
17, 0, 439, 114, -0.5507859587669373
17, 1, 452, 93, -0.5208912491798401
17, 2, 459, 93, -0.5208297967910767
17, 3, 467, 94, -0.5205944776535034
17, 4, 426, 93, -0.5252175331115723
17, 5, 416, 93, -0.5251434445381165
17, 6, 408, 94, -0.5254242420196533
17, 7, 479, 105, -0.2929142713546753
17, 8, 396, 105, -0.30748409032821655
17, 9, 454, 136, -0.4646746516227722
17, 10, 422, 137, -0.46857625246047974
17, 11, 547, 228, -0.17252252995967865
17, 12, 324, 233, -0.17973041534423828
17, 13, 602, 393, -0.2696637511253357
17, 14, 275, 409, -0.37927713990211487
17, 15, 525, 413, -0.7201291918754578
17, 16, 377, 417, -0.8146543502807617
17, 17, 509, 428, -0.842034637928009
17, 18, 403, 433, -0.9078583121299744
17, 19, 499, 404, -0.7155231833457947
17, 20, 410, 410, -0.9346137046813965
17, 21, 500, 398, -0.6668135523796082
17, 22, 406, 404, -0.8212612867355347
17, 23, 510, 512, -0.010386975482106209
17, 24, 374, 514, 0.012236758135259151
17, 25, 526, 732, 0.13908788561820984
17, 26, 377, 738, 0.2353622317314148
17, 27, 524, 925, 0.5079662203788757
17, 28, 381, 933, 0.6102557182312012
17, 29, 527, 954, 0.5324859619140625
17, 30, 376, 964, 0.6409622430801392
17, 31, 507, 1000, 0.2639720141887665
17, 32, 405, 998, 0.3477405309677124
18, 0, 440, 115, -0.5396738648414612
18, 1, 453, 93, -0.5083454847335815
18, 2, 459, 94, -0.5083104968070984
18, 3, 467, 94, -0.5080702900886536
18, 4, 427, 93, -0.5126625299453735
18, 5, 417, 94, -0.5126779079437256
18, 6, 409, 95, -0.5129795670509338
18, 7, 480, 106, -0.2798677384853363
18, 8, 396, 107, -0.29460370540618896
18, 9, 455, 137, -0.45329299569129944
18, 10, 422, 138, -0.45741114020347595
18, 11, 547, 227, -0.1611953228712082
18, 12, 324, 233, -0.16550035774707794
18, 13, 602, 394, -0.2626592218875885
18, 14, 276, 411, -0.37456509470939636
18, 15, 526, 408, -0.6465417146682739
18, 16, 382, 412, -0.8321083188056946
18, 17, 510, 425, -0.7450462579727173
18, 18, 407, 429, -0.9225165843963623
18, 19, 498, 403, -0.7156583666801453
18, 20, 416, 406, -0.9170145392417908
18, 21, 499, 396, -0.6420061588287354
18, 22, 412, 400, -0.8322740793228149
18, 23, 509, 512, -0.00572311133146286
18, 24, 374, 514, 0.0076077827252447605
18, 25, 526, 730, 0.11790625005960464
18, 26, 377, 735, 0.23587223887443542
18, 27, 524, 923, 0.4813988208770752
18, 28, 382, 930, 0.6154679656028748
18, 29, 528, 951, 0.5053428411483765
18, 30, 378, 962, 0.6463907957077026
18, 31, 508, 998, 0.23780715465545654
18, 32, 406, 994, 0.35409730672836304
19, 0, 440, 116, -0.6215938329696655
19, 1, 453, 95, -0.5906998515129089
19, 2, 459, 95, -0.5906379222869873
19, 3, 468, 96, -0.5905026793479919
19, 4, 427, 94, -0.5949515104293823
19, 5, 417, 95, -0.5949618816375732
19, 6, 409, 95, -0.5952056050300598
19, 7, 480, 107, -0.34240689873695374
19, 8, 397, 107, -0.35905560851097107
19, 9, 455, 138, -0.5286357998847961
19, 10, 422, 138, -0.532285749912262
19, 11, 547, 224, -0.19921305775642395
19, 12, 326, 233, -0.2080448418855667
19, 13, 601, 397, -0.3286110460758209
19, 14, 276, 414, -0.4163321852684021
19, 15, 512, 382, -0.7494402527809143
19, 16, 391, 378, -0.8914831876754761
19, 17, 487, 387, -0.8458783626556396
19, 18, 420, 383, -0.987433910369873
19, 19, 479, 356, -0.8276976346969604
19, 20, 428, 352, -0.9692438840866089
19, 21, 482, 351, -0.7482053637504578
19, 22, 421, 348, -0.8884078860282898
19, 23, 510, 511, -0.0061674644239246845
19, 24, 375, 514, 0.00795902032405138
19, 25, 522, 727, 0.15075615048408508
19, 26, 378, 733, 0.21751637756824493
19, 27, 523, 917, 0.5896337032318115
19, 28, 383, 924, 0.5743871331214905
19, 29, 526, 945, 0.6191981434822083
19, 30, 379, 954, 0.6028085350990295
19, 31, 508, 988, 0.3320266604423523
19, 32, 407, 989, 0.300437331199646
20, 0, 440, 116, -0.5860673785209656
20, 1, 453, 95, -0.5570653676986694
20, 2, 459, 96, -0.5569682717323303
20, 3, 468, 96, -0.5568076372146606
20, 4, 427, 95, -0.5609291791915894
20, 5, 417, 95, -0.5609307289123535
20, 6, 409, 96, -0.5611459016799927
20, 7, 480, 107, -0.3238300383090973
20, 8, 396, 108, -0.3367617130279541
20, 9, 455, 138, -0.4968869090080261
20, 10, 423, 138, -0.499970942735672
20, 11, 546, 223, -0.18728412687778473
20, 12, 327, 233, -0.19177380204200745
20, 13, 600, 399, -0.306944876909256
20, 14, 277, 415, -0.4069505035877228
20, 15, 510, 377, -0.7093517780303955
20, 16, 391, 373, -0.8803321719169617
20, 17, 483, 383, -0.8036584854125977
20, 18, 420, 379, -0.9753128290176392
20, 19, 477, 353, -0.7923382520675659
20, 20, 429, 347, -0.9582898020744324
20, 21, 480, 347, -0.7101572155952454
20, 22, 421, 343, -0.8780038952827454
20, 23, 510, 509, -0.005560419987887144
20, 24, 375, 513, 0.00734693743288517
20, 25, 519, 725, 0.15581263601779938
20, 26, 377, 731, 0.21364103257656097
20, 27, 520, 915, 0.5679201483726501
20, 28, 384, 923, 0.567694365978241
20, 29, 523, 942, 0.5960845947265625
20, 30, 380, 952, 0.5958608984947205
20, 31, 507, 986, 0.3221915662288666
20, 32, 408, 988, 0.2943882942199707
21, 0, 440, 117, -0.6344643235206604
21, 1, 453, 96, -0.6011867523193359
21, 2, 459, 96, -0.6011689901351929
21, 3, 468, 97, -0.6010590195655823
21, 4, 427, 96, -0.60612952709198
21, 5, 417, 97, -0.6061010360717773
21, 6, 409, 97, -0.6063647270202637
21, 7, 480, 107, -0.33873626589775085
21, 8, 396, 108, -0.35400763154029846
21, 9, 456, 139, -0.5388551950454712
21, 10, 423, 140, -0.5432912111282349
21, 11, 546, 222, -0.20089106261730194
21, 12, 327, 233, -0.2125980257987976
21, 13, 600, 399, -0.36148688197135925
21, 14, 280, 417, -0.4645419120788574
21, 15, 512, 370, -0.8124531507492065
21, 16, 396, 359, -0.9653079509735107
21, 17, 487, 370, -0.9094906449317932
21, 18, 428, 359, -1.061234951019287
21, 19, 480, 338, -0.8895424604415894
21, 20, 433, 324, -1.03788423538208
21, 21, 484, 335, -0.8106653094291687
21, 22, 424, 323, -0.9607214331626892
21, 23, 510, 505, -0.004212488420307636
21, 24, 377, 512, 0.005939519498497248
21, 25, 519, 722, 0.16260741651058197
21, 26, 380, 728, 0.20680786669254303
21, 27, 520, 911, 0.5873783826828003
21, 28, 389, 920, 0.5623574256896973
21, 29, 523, 938, 0.616087794303894
21, 30, 385, 949, 0.5900067090988159
21, 31, 510, 981, 0.3345825970172882
21, 32, 411, 985, 0.27854496240615845
22, 0, 440, 118, -0.6517936587333679
22, 1, 453, 96, -0.61591637134552
22, 2, 459, 97, -0.6159381866455078
22, 3, 468, 97, -0.6158708930015564
22, 4, 427, 97, -0.6216067671775818
22, 5, 417, 97, -0.6215524673461914
22, 6, 409, 98, -0.6218495965003967
22, 7, 480, 107, -0.34555163979530334
22, 8, 396, 108, -0.35923585295677185
22, 9, 456, 140, -0.5539271235466003
22, 10, 423, 140, -0.5588589310646057
22, 11, 545, 222, -0.20513908565044403
22, 12, 328, 232, -0.22042140364646912
22, 13, 600, 400, -0.3787085711956024
22, 14, 282, 418, -0.45916062593460083
22, 15, 512, 368, -0.8382809162139893
22, 16, 398, 357, -0.9577696919441223
22, 17, 486, 367, -0.9359357357025146
22, 18, 430, 356, -1.0545263290405273
22, 19, 480, 335, -0.9158644080162048
22, 20, 434, 323, -1.032034158706665
22, 21, 484, 333, -0.8366978764533997
22, 22, 425, 323, -0.9537968635559082
22, 23, 510, 504, -0.004993432201445103
22, 24, 379, 511, 0.006710475776344538
22, 25, 520, 721, 0.16652287542819977
22, 26, 384, 728, 0.21137931942939758
22, 27, 524, 910, 0.6044818758964539
22, 28, 398, 919, 0.5862429141998291
22, 29, 527, 938, 0.634260892868042
22, 30, 394, 948, 0.6153984069824219
22, 31, 517, 979, 0.3453609049320221
22, 32, 418, 984, 0.2955315411090851
23, 0, 441, 118, -0.651832103729248
23, 1, 453, 97, -0.619560182094574
23, 2, 460, 97, -0.6195557117462158
23, 3, 468, 98, -0.6194263696670532
23, 4, 427, 97, -0.6245654225349426
23, 5, 417, 98, -0.6245360970497131
23, 6, 409, 98, -0.6247678399085999
23, 7, 480, 107, -0.3572906255722046
23, 8, 396, 108, -0.3730139136314392
23, 9, 456, 141, -0.5544467568397522
23, 10, 424, 141, -0.5591961741447449
23, 11, 545, 221, -0.20634718239307404
23, 12, 328, 232, -0.21448825299739838
23, 13, 600, 400, -0.3598182797431946
23, 14, 285, 418, -0.4462186396121979
23, 15, 514, 363, -0.8119127154350281
23, 16, 401, 348, -0.940407395362854
23, 17, 488, 359, -0.9082950949668884
23, 18, 433, 342, -1.0346190929412842
23, 19, 482, 327, -0.8878598809242249
23, 20, 435, 308, -1.0122220516204834
23, 21, 486, 325, -0.8097290396690369
23, 22, 427, 309, -0.9360398054122925
23, 23, 511, 504, -0.004673040006309748
23, 24, 381, 511, 0.006356829311698675
23, 25, 521, 721, 0.16893094778060913
23, 26, 385, 729, 0.2102983146905899
23, 27, 525, 911, 0.607674241065979
23, 28, 399, 920, 0.5768181085586548
23, 29, 528, 939, 0.6374704241752625
23, 30, 396, 949, 0.6052485108375549
23, 31, 519, 980, 0.34981614351272583
23, 32, 419, 986, 0.28602296113967896
24, 0, 441, 118, -0.6525236964225769
24, 1, 453, 97, -0.625251293182373
24, 2, 460, 97, -0.6251887083053589
24, 3, 468, 98, -0.6249720454216003
24, 4, 427, 97, -0.6302531957626343
24, 5, 417, 98, -0.6302713751792908
24, 6, 409, 98, -0.6304149627685547
24, 7, 480, 107, -0.3705354928970337
24, 8, 396, 108, -0.3892011046409607
24, 9, 456, 141, -0.556037962436676
24, 10, 424, 141, -0.5613901019096375
24, 11, 544, 221, -0.20883704721927643
24, 12, 328, 232, -0.2151389867067337
24, 13, 600, 400, -0.3856484889984131
24, 14, 286, 418, -0.47912442684173584
24, 15, 515, 363, -0.8562858700752258
24, 16, 402, 348, -0.9970182180404663
24, 17, 489, 359, -0.9553489089012146
24, 18, 434, 342, -1.094287633895874
24, 19, 483, 327, -0.9322022199630737
24, 20, 436, 308, -1.069225788116455
24, 21, 487, 325, -0.8534151911735535
24, 22, 428, 309, -0.9921626448631287
24, 23, 511, 503, -0.004603128414601088
24, 24, 381, 511, 0.006277452223002911
24, 25, 522, 722, 0.1704220473766327
24, 26, 387, 729, 0.21142277121543884
24, 27, 528, 912, 0.6064021587371826
24, 28, 401, 921, 0.5793470144271851
24, 29, 531, 940, 0.6356424689292908
24, 30, 398, 951, 0.6078213453292847
24, 31, 522, 981, 0.34900057315826416
24, 32, 422, 987, 0.28888484835624695
25, 0, 441, 119, -0.6560182571411133
25, 1, 454, 97, -0.6272516250610352
25, 2, 460, 97, -0.6272072792053223
25, 3, 468, 98, -0.6270195245742798
25, 4, 427, 98, -0.6320564150810242
25, 5, 418, 99, -0.6320590376853943
25, 6, 409, 99, -0.6322309970855713
25, 7, 481, 107, -0.37215927243232727
25, 8, 396, 109, -0.3902508318424225
25, 9, 456, 141, -0.5582937598228455
25, 10, 425, 142, -0.563206672668457
25, 11, 544, 220, -0.20756837725639343
25, 12, 329, 230, -0.21442432701587677
25, 13, 599, 399, -0.3676128089427948
25, 14, 287, 418, -0.46197402477264404
25, 15, 514, 362, -0.8232354521751404
25, 16, 401, 346, -0.97221839427948
25, 17, 488, 357, -0.9199424386024475
25, 18, 433, 340, -1.0690709352493286
25, 19, 482, 324, -0.8987154960632324
25, 20, 435, 306, -1.0460745096206665
25, 21, 486, 322, -0.82078617811203
25, 22, 427, 308, -0.9680898785591125
25, 23, 511, 503, -0.004375397693365812
25, 24, 382, 511, 0.006052949465811253
25, 25, 522, 722, 0.1705305278301239
25, 26, 387, 729, 0.20562389492988586
25, 27, 529, 912, 0.607772946357727
25, 28, 402, 922, 0.5617758631706238
25, 29, 532, 939, 0.637030303478241
25, 30, 399, 951, 0.5889403223991394
25, 31, 523, 981, 0.3506781756877899
25, 32, 422, 987, 0.27002885937690735
26, 0, 442, 119, -0.6583237648010254
26, 1, 454, 98, -0.6288394927978516
26, 2, 460, 98, -0.6287984848022461
26, 3, 469, 98, -0.6286253333091736
26, 4, 427, 99, -0.6338163614273071
26, 5, 418, 99, -0.6338195204734802
26, 6, 410, 99, -0.6340097188949585
26, 7, 481, 107, -0.3733035922050476
26, 8, 396, 109, -0.39070242643356323
26, 9, 457, 141, -0.5599769353866577
26, 10, 425, 142, -0.5652154684066772
26, 11, 544, 219, -0.20745931565761566
26, 12, 329, 230, -0.217982217669487
26, 13, 599, 398, -0.3690060079097748
26, 14, 288, 418, -0.4712788760662079
26, 15, 514, 361, -0.8331573009490967
26, 16, 401, 346, -0.9877932667732239
26, 17, 487, 356, -0.9294301271438599
26, 18, 433, 339, -1.0846481323242188
26, 19, 482, 323, -0.9060123562812805
26, 20, 434, 306, -1.0590670108795166
26, 21, 486, 321, -0.8298871517181396
26, 22, 427, 307, -0.98237544298172
26, 23, 511, 503, -0.0037664014380425215
26, 24, 382, 511, 0.005418944172561169
26, 25, 522, 721, 0.17135494947433472
26, 26, 387, 729, 0.1978013813495636
26, 27, 529, 911, 0.5968299508094788
26, 28, 401, 921, 0.5453449487686157
26, 29, 532, 938, 0.6253659725189209
26, 30, 398, 951, 0.5713929533958435
26, 31, 523, 980, 0.3437618613243103
26, 32, 422, 986, 0.25645357370376587
27, 0, 442, 119, -0.6586933135986328
27, 1, 454, 98, -0.6289097666740417
27, 2, 460, 98, -0.6288691163063049
27, 3, 469, 98, -0.6287041902542114
27, 4, 427, 99, -0.6338667273521423
27, 5, 418, 99, -0.6338755488395691
27, 6, 410, 99, -0.63407301902771
27, 7, 481, 107, -0.37363284826278687
27, 8, 396, 109, -0.3915260136127472
27, 9, 457, 141, -0.5601573586463928
27, 10, 425, 142, -0.5653819441795349
27, 11, 544, 219, -0.20709022879600525
27, 12, 329, 229, -0.21770024299621582
27, 13, 599, 397, -0.36688196659088135
27, 14, 289, 417, -0.4686506986618042
27, 15, 514, 362, -0.83042311668396
27, 16, 401, 345, -0.9910299777984619
27, 17, 487, 357, -0.9268920421600342
27, 18, 432, 339, -1.0888173580169678
27, 19, 482, 323, -0.904066264629364
27, 20, 434, 305, -1.0635040998458862
27, 21, 486, 321, -0.827277660369873
27, 22, 426, 306, -0.9859009981155396
27, 23, 511, 503, -0.003757153870537877
27, 24, 382, 511, 0.0054068476893007755
27, 25, 523, 721, 0.16876555979251862
27, 26, 388, 728, 0.1984081119298935
27, 27, 530, 910, 0.5844048261642456
27, 28, 402, 921, 0.5492894053459167
27, 29, 533, 937, 0.6122428774833679
27, 30, 399, 951, 0.5756524801254272
27, 31, 523, 980, 0.3306216597557068
27, 32, 422, 986, 0.26102906465530396
28, 0, 442, 119, -0.6575626730918884
28, 1, 454, 98, -0.6276847124099731
28, 2, 460, 98, -0.6276441216468811
28, 3, 468, 98, -0.6274860501289368
28, 4, 427, 99, -0.6327473521232605
28, 5, 418, 99, -0.6327546238899231
28, 6, 410, 99, -0.6329570412635803
28, 7, 481, 107, -0.37247374653816223
28, 8, 396, 109, -0.3913829028606415
28, 9, 457, 142, -0.5587810277938843
28, 10, 425, 142, -0.5641955733299255
28, 11, 544, 219, -0.20555619895458221
28, 12, 329, 229, -0.21712368726730347
28, 13, 599, 396, -0.3650728762149811
28, 14, 289, 417, -0.4674700200557709
28, 15, 513, 362, -0.8285776972770691
28, 16, 401, 345, -0.9888941049575806
28, 17, 486, 357, -0.9253787994384766
28, 18, 433, 338, -1.086396336555481
28, 19, 480, 323, -0.9029061794281006
28, 20, 434, 305, -1.0618046522140503
28, 21, 485, 321, -0.8256149888038635
28, 22, 426, 306, -0.9840982556343079
28, 23, 511, 503, -0.0035772451665252447
28, 24, 382, 511, 0.005238233599811792
28, 25, 523, 721, 0.1619078367948532
28, 26, 388, 728, 0.1962081342935562
28, 27, 530, 910, 0.5695796608924866
28, 28, 402, 921, 0.5435699820518494
28, 29, 533, 938, 0.5966536402702332
28, 30, 399, 951, 0.569448709487915
28, 31, 523, 980, 0.31347864866256714
28, 32, 422, 986, 0.2545549273490906
29, 0, 442, 119, -0.6726216077804565
29, 1, 454, 98, -0.6435703635215759
29, 2, 460, 98, -0.6435365676879883
29, 3, 468, 98, -0.6433700323104858
29, 4, 427, 99, -0.6478502154350281
29, 5, 418, 99, -0.6478559970855713
29, 6, 410, 99, -0.6480534076690674
29, 7, 480, 108, -0.3877909779548645
29, 8, 396, 109, -0.4043629467487335
29, 9, 456, 142, -0.573090672492981
29, 10, 425, 142, -0.5777062773704529
29, 11, 544, 219, -0.2197902500629425
29, 12, 329, 229, -0.2221471518278122
29, 13, 599, 396, -0.3970085680484772
29, 14, 289, 417, -0.481804221868515
29, 15, 512, 362, -0.8793317079544067
29, 16, 399, 350, -1.0184992551803589
29, 17, 486, 356, -0.9803979992866516
29, 18, 431, 345, -1.1185725927352905
29, 19, 480, 323, -0.9594241380691528
29, 20, 433, 311, -1.0955971479415894
29, 21, 484, 321, -0.8772927522659302
29, 22, 425, 311, -1.0150049924850464
29, 23, 511, 504, -0.0036303524393588305
29, 24, 382, 511, 0.005295369774103165
29, 25, 522, 721, 0.1622767448425293
29, 26, 387, 728, 0.19325962662696838
29, 27, 530, 909, 0.5743871927261353
29, 28, 401, 920, 0.5373944044113159
29, 29, 533, 937, 0.601742684841156
29, 30, 399, 950, 0.5629367828369141
29, 31, 523, 979, 0.31645312905311584
29, 32, 422, 985, 0.24730762839317322
30, 0, 442, 120, -0.684372067451477
30, 1, 453, 99, -0.6553121209144592
30, 2, 460, 99, -0.6552749276161194
30, 3, 468, 99, -0.6551069617271423
30, 4, 427, 99, -0.659454345703125
30, 5, 418, 99, -0.6594684720039368
30, 6, 410, 99, -0.6596638560295105
30, 7, 480, 108, -0.39894914627075195
30, 8, 396, 109, -0.41506248712539673
30, 9, 456, 142, -0.5845463275909424
30, 10, 425, 142, -0.5889618396759033
30, 11, 544, 220, -0.23034785687923431
30, 12, 329, 229, -0.22946317493915558
30, 13, 599, 396, -0.4081266224384308
30, 14, 289, 417, -0.490025132894516
30, 15, 512, 362, -0.8912665247917175
30, 16, 399, 352, -1.029031753540039
30, 17, 486, 356, -0.9924259781837463
30, 18, 430, 347, -1.129356026649475
30, 19, 480, 323, -0.9716359376907349
30, 20, 432, 313, -1.1066697835922241
30, 21, 484, 321, -0.8892566561698914
30, 22, 424, 313, -1.025700569152832
30, 23, 511, 504, -0.00365467113442719
30, 24, 382, 511, 0.005323993973433971
30, 25, 522, 721, 0.16217993199825287
30, 26, 387, 727, 0.1948690265417099
30, 27, 529, 909, 0.574452817440033
30, 28, 401, 920, 0.5444515347480774
30, 29, 532, 936, 0.6017466187477112
30, 30, 398, 949, 0.5705814361572266
30, 31, 522, 979, 0.315864235162735
30, 32, 422, 984, 0.25394168496131897
31, 0, 442, 120, -0.6037172079086304
31, 1, 454, 99, -0.5718560218811035
31, 2, 460, 99, -0.5718214511871338
31, 3, 468, 99, -0.5716469883918762
31, 4, 428, 99, -0.5771149396896362
31, 5, 418, 99, -0.5770468711853027
31, 6, 410, 99, -0.5772470235824585
31, 7, 480, 108, -0.32343143224716187
31, 8, 396, 109, -0.34443235397338867
31, 9, 456, 142, -0.5087266564369202
31, 10, 425, 142, -0.5144748687744141
31, 11, 543, 220, -0.17712728679180145
31, 12, 330, 229, -0.18511076271533966
31, 13, 598, 396, -0.34841257333755493
31, 14, 290, 416, -0.44315585494041443
31, 15, 510, 356, -0.8235135674476624
31, 16, 394, 351, -0.9718017578125
31, 17, 485, 352, -0.9249789714813232
31, 18, 422, 348, -1.0717719793319702
31, 19, 479, 326, -0.9006538391113281
31, 20, 429, 316, -1.0501726865768433
31, 21, 483, 324, -0.8211349248886108
31, 22, 422, 316, -0.9693573713302612
31, 23, 511, 504, -0.0025619559455662966
31, 24, 383, 511, 0.004246104042977095
31, 25, 523, 719, 0.16607965528964996
31, 26, 390, 725, 0.18573957681655884
31, 27, 531, 907, 0.5773988366127014
31, 28, 403, 918, 0.520893394947052
31, 29, 534, 934, 0.6046954393386841
31, 30, 400, 947, 0.5455992221832275
31, 31, 522, 977, 0.32050269842147827
31, 32, 424, 982, 0.23479968309402466
32, 0, 442, 120, -0.5990476012229919
32, 1, 454, 99, -0.5663930177688599
32, 2, 460, 99, -0.5663734078407288
32, 3, 468, 99, -0.5661963224411011
32, 4, 428, 99, -0.5715453624725342
32, 5, 418, 99, -0.5714737772941589
32, 6, 410, 99, -0.5716748833656311
32, 7, 480, 109, -0.31545472145080566
32, 8, 397, 109, -0.3360010087490082
32, 9, 456, 142, -0.5034223198890686
32, 10, 425, 142, -0.5090970396995544
32, 11, 542, 221, -0.17124176025390625
32, 12, 330, 229, -0.1742320954799652
32, 13, 596, 396, -0.3399108648300171
32, 14, 290, 415, -0.42712292075157166
32, 15, 507, 353, -0.8130696415901184
32, 16, 392, 351, -0.9543837308883667
32, 17, 484, 348, -0.9159944653511047
32, 18, 418, 348, -1.0550369024276733
32, 19, 477, 326, -0.8918811082839966
32, 20, 426, 318, -1.0358704328536987
32, 21, 481, 324, -0.8110123872756958
32, 22, 421, 317, -0.9533212184906006
32, 23, 511, 504, -0.002373920753598213
32, 24, 383, 510, 0.0040704491548240185
32, 25, 524, 718, 0.1705779880285263
32, 26, 392, 724, 0.1881687194108963
32, 27, 532, 907, 0.579812228679657
32, 28, 405, 918, 0.5326688289642334
32, 29, 535, 933, 0.6076696515083313
32, 30, 402, 947, 0.5585618615150452
32, 31, 523, 976, 0.32215309143066406
32, 32, 426, 981, 0.2438192367553711
33, 0, 443, 120, -0.6080120205879211
33, 1, 454, 99, -0.577200174331665
33, 2, 460, 99, -0.5771256685256958
33, 3, 469, 100, -0.576981246471405
33, 4, 429, 99, -0.5823614001274109
33, 5, 419, 99, -0.5823479890823364
33, 6, 411, 99, -0.5825579762458801
33, 7, 480, 109, -0.33069416880607605
33, 8, 397, 109, -0.3510892689228058
33, 9, 456, 142, -0.5138071179389954
33, 10, 426, 142, -0.5195069909095764
33, 11, 542, 221, -0.18094894289970398
33, 12, 330, 229, -0.18582949042320251
33, 13, 596, 396, -0.3383583724498749
33, 14, 290, 416, -0.4326441287994385
33, 15, 508, 354, -0.7673940062522888
33, 16, 392, 352, -0.9496487975120544
33, 17, 484, 351, -0.8560976982116699
33, 18, 418, 349, -1.0420949459075928
33, 19, 477, 327, -0.8287832140922546
33, 20, 426, 318, -1.017333745956421
33, 21, 481, 325, -0.7613433599472046
33, 22, 420, 317, -0.9452731013298035
33, 23, 511, 502, -0.001924198935739696
33, 24, 383, 509, 0.00363279995508492
33, 25, 533, 713, 0.17027811706066132
33, 26, 395, 723, 0.18961793184280396
33, 27, 536, 902, 0.5726037621498108
33, 28, 407, 917, 0.5299476385116577
33, 29, 538, 929, 0.6006725430488586
33, 30, 403, 947, 0.5548330545425415
33, 31, 528, 975, 0.3232331871986389
33, 32, 426, 981, 0.24836863577365875
34, 0, 443, 120, -0.6034996509552002
34, 1, 454, 99, -0.5735759735107422
34, 2, 461, 100, -0.5734788179397583
34, 3, 469, 100, -0.5733526349067688
34, 4, 429, 99, -0.5785945057868958
34, 5, 420, 99, -0.5785862803459167
34, 6, 411, 99, -0.5787992477416992
34, 7, 480, 109, -0.3317892551422119
34, 8, 397, 109, -0.3520408570766449
34, 9, 457, 142, -0.5104432702064514
34, 10, 426, 142, -0.515914797782898
34, 11, 542, 221, -0.18426194787025452
34, 12, 330, 229, -0.1882694810628891
34, 13, 596, 396, -0.33471420407295227
34, 14, 290, 417, -0.4354760944843292
34, 15, 509, 356, -0.7502483129501343
34, 16, 391, 352, -0.940839409828186
34, 17, 484, 353, -0.8375976085662842
34, 18, 418, 350, -1.030246615409851
34, 19, 477, 328, -0.8092603087425232
34, 20, 426, 318, -1.0047698020935059
34, 21, 481, 325, -0.7435213923454285
34, 22, 420, 318, -0.9353652000427246
34, 23, 511, 501, -0.0019567059352993965
34, 24, 383, 508, 0.00367089849896729
34, 25, 535, 711, 0.1658971756696701
34, 26, 396, 722, 0.1937362253665924
34, 27, 536, 901, 0.5587332844734192
34, 28, 407, 917, 0.5346814393997192
34, 29, 538, 928, 0.5862326622009277
34, 30, 403, 947, 0.560318648815155
34, 31, 528, 974, 0.3199732005596161
34, 32, 426, 981, 0.2601352035999298
35, 0, 444, 120, -0.5888990759849548
35, 1, 455, 100, -0.5590606331825256
35, 2, 461, 100, -0.5589497685432434
35, 3, 469, 100, -0.5588241219520569
35, 4, 430, 100, -0.564023494720459
35, 5, 420, 99, -0.5640204548835754
35, 6, 412, 99, -0.5642238259315491
35, 7, 480, 109, -0.3209778070449829
35, 8, 397, 109, -0.3414982557296753
35, 9, 457, 142, -0.49710604548454285
35, 10, 427, 142, -0.5025594830513
35, 11, 542, 221, -0.17869780957698822
35, 12, 330, 229, -0.1829892247915268
35, 13, 596, 396, -0.31294119358062744
35, 14, 290, 417, -0.4325261116027832
35, 15, 509, 357, -0.7072047591209412
35, 16, 394, 351, -0.9185238480567932
35, 17, 484, 355, -0.7910587787628174
35, 18, 423, 349, -1.0055426359176636
35, 19, 478, 328, -0.763754665851593
35, 20, 430, 316, -0.9783260226249695
35, 21, 481, 326, -0.7002261877059937
35, 22, 422, 316, -0.9116256237030029
35, 23, 512, 500, -0.00181532371789217
35, 24, 384, 507, 0.0035394360311329365
35, 25, 539, 709, 0.16526564955711365
35, 26, 399, 721, 0.19386784732341766
35, 27, 539, 899, 0.5586870312690735
35, 28, 409, 917, 0.5334808826446533
35, 29, 540, 926, 0.5864871144294739
35, 30, 405, 947, 0.55837082862854
35, 31, 532, 973, 0.3219163119792938
35, 32, 428, 981, 0.2602168619632721
36, 0, 444, 120, -0.5754333138465881
36, 1, 455, 100, -0.5453673005104065
36, 2, 462, 100, -0.5452703237533569
36, 3, 470, 100, -0.5451422333717346
36, 4, 430, 100, -0.5507177710533142
36, 5, 421, 99, -0.5507068634033203
36, 6, 412, 100, -0.5509190559387207
36, 7, 481, 109, -0.3081963062286377
36, 8, 397, 109, -0.33044302463531494
36, 9, 457, 143, -0.48392537236213684
36, 10, 427, 143, -0.48986944556236267
36, 11, 542, 221, -0.16852347552776337
36, 12, 330, 229, -0.17369413375854492
36, 13, 596, 396, -0.2991371750831604
36, 14, 290, 418, -0.42328938841819763
36, 15, 510, 357, -0.6930108666419983
36, 16, 395, 351, -0.9022203683853149
36, 17, 485, 355, -0.7755022644996643
36, 18, 425, 348, -0.9878244400024414
36, 19, 478, 329, -0.7481096386909485
36, 20, 431, 315, -0.9601721167564392
36, 21, 482, 326, -0.6859655976295471
36, 22, 423, 315, -0.894890308380127
36, 23, 513, 499, -0.0017997069517150521
36, 24, 384, 506, 0.003528364934027195
36, 25, 540, 708, 0.15673509240150452
36, 26, 400, 720, 0.19416996836662292
36, 27, 540, 897, 0.5395051836967468
36, 28, 410, 916, 0.5268871784210205
36, 29, 541, 924, 0.5663931369781494
36, 30, 406, 947, 0.5508651733398438
36, 31, 533, 972, 0.3091878294944763
36, 32, 428, 980, 0.259279727935791
37, 0, 444, 120, -0.6267722249031067
37, 1, 455, 100, -0.5942988991737366
37, 2, 462, 100, -0.5942195057868958
37, 3, 470, 100, -0.5941530466079712
37, 4, 430, 100, -0.6022286415100098
37, 5, 421, 99, -0.60215163230896
37, 6, 412, 100, -0.6023731231689453
37, 7, 481, 109, -0.3368794620037079
37, 8, 397, 109, -0.37093305587768555
37, 9, 457, 143, -0.5269379615783691
37, 10, 427, 142, -0.5365158915519714
37, 11, 542, 221, -0.1797686666250229
37, 12, 331, 229, -0.20796780288219452
37, 13, 593, 396, -0.3674735426902771
37, 14, 290, 418, -0.4735202193260193
37, 15, 505, 352, -0.8379235863685608
37, 16, 392, 350, -0.9739173650741577
37, 17, 480, 350, -0.9360969662666321
37, 18, 418, 349, -1.0684236288070679
37, 19, 474, 327, -0.9104610681533813
37, 20, 427, 316, -1.0498673915863037
37, 21, 480, 325, -0.8349345326423645
37, 22, 420, 316, -0.9716203212738037
37, 23, 513, 497, 0.0013602424878627062
37, 24, 385, 506, 0.0003467826172709465
37, 25, 541, 706, 0.16488322615623474
37, 26, 400, 718, 0.1723729521036148
37, 27, 543, 897, 0.5458981990814209
37, 28, 412, 915, 0.49420166015625
37, 29, 543, 924, 0.5741875767707825
37, 30, 409, 946, 0.5162346959114075
37, 31, 535, 971, 0.3127749562263489
37, 32, 431, 978, 0.20810069143772125
38, 0, 444, 120, -0.6358968019485474
38, 1, 455, 100, -0.6038005352020264
38, 2, 462, 100, -0.6037203073501587
38, 3, 470, 100, -0.6036323308944702
38, 4, 430, 100, -0.6110794544219971
38, 5, 421, 99, -0.6109946966171265
38, 6, 412, 100, -0.611202597618103
38, 7, 481, 109, -0.345621794462204
38, 8, 397, 109, -0.3777720034122467
38, 9, 457, 143, -0.5361939668655396
38, 10, 427, 142, -0.5450006723403931
38, 11, 542, 221, -0.1876632124185562
38, 12, 331, 229, -0.211558997631073
38, 13, 592, 396, -0.37888213992118835
38, 14, 290, 417, -0.4772617816925049
38, 15, 502, 349, -0.8499482870101929
38, 16, 389, 350, -0.9915380477905273
38, 17, 478, 347, -0.9494104385375977
38, 18, 413, 349, -1.0882097482681274
38, 19, 471, 326, -0.9250717759132385
38, 20, 424, 318, -1.071560263633728
38, 21, 478, 325, -0.8474189639091492
38, 22, 418, 317, -0.9907397031784058
38, 23, 513, 497, 0.0020944387651979923
38, 24, 385, 505, -0.00039209474925883114
38, 25, 540, 707, 0.17057745158672333
38, 26, 400, 718, 0.16657379269599915
38, 27, 544, 897, 0.5523781776428223
38, 28, 413, 914, 0.4863892197608948
38, 29, 545, 924, 0.5791979432106018
38, 30, 410, 945, 0.5083741545677185
38, 31, 535, 971, 0.31445014476776123
38, 32, 432, 977, 0.19803094863891602
39, 0, 444, 121, -0.6478788256645203
39, 1, 455, 100, -0.6155343055725098
39, 2, 462, 100, -0.6154519319534302
39, 3, 470, 100, -0.6153607964515686
39, 4, 430, 100, -0.6230611205101013
39, 5, 421, 100, -0.6230092644691467
39, 6, 412, 100, -0.6232256889343262
39, 7, 481, 109, -0.3554898500442505
39, 8, 397, 109, -0.38887062668800354
39, 9, 457, 143, -0.5472575426101685
39, 10, 427, 143, -0.5565128922462463
39, 11, 542, 221, -0.2000095248222351
39, 12, 332, 229, -0.22159454226493835
39, 13, 591, 397, -0.40191134810447693
39, 14, 290, 417, -0.49414512515068054
39, 15, 497, 348, -0.8750424385070801
39, 16, 387, 350, -1.0082197189331055
39, 17, 469, 346, -0.9754477739334106
39, 18, 410, 349, -1.1053436994552612
39, 19, 460, 326, -0.9486276507377625
39, 20, 422, 322, -1.0877845287322998
39, 21, 469, 325, -0.8713312745094299
39, 22, 417, 321, -1.0071519613265991
39, 23, 513, 497, 0.0037670847959816456
39, 24, 385, 505, -0.002083780709654093
39, 25, 542, 706, 0.18356312811374664
39, 26, 400, 718, 0.16423140466213226
39, 27, 545, 897, 0.5732839703559875
39, 28, 413, 914, 0.4834337830543518
39, 29, 546, 924, 0.6004298329353333
39, 30, 410, 946, 0.5051440000534058
39, 31, 536, 971, 0.33513689041137695
39, 32, 432, 977, 0.1959676444530487
40, 0, 444, 121, -0.6494699120521545
40, 1, 455, 100, -0.6173006892204285
40, 2, 462, 100, -0.6172205209732056
40, 3, 470, 100, -0.6171213984489441
40, 4, 430, 100, -0.6243736743927002
40, 5, 421, 100, -0.6243293881416321
40, 6, 412, 100, -0.6245447993278503
40, 7, 481, 109, -0.3583742380142212
40, 8, 397, 109, -0.38995274901390076
40, 9, 458, 143, -0.5493298768997192
40, 10, 427, 143, -0.558061420917511
40, 11, 542, 221, -0.20531447231769562
40, 12, 333, 229, -0.2225526124238968
40, 13, 590, 399, -0.40560322999954224
40, 14, 290, 416, -0.49457141757011414
40, 15, 494, 347, -0.8762351870536804
40, 16, 386, 350, -1.0107048749923706
40, 17, 465, 346, -0.9769783616065979
40, 18, 408, 350, -1.1085537672042847
40, 19, 455, 326, -0.9496956467628479
40, 20, 421, 325, -1.0904334783554077
40, 21, 465, 325, -0.8722015619277954
40, 22, 416, 323, -1.0095710754394531
40, 23, 513, 497, 0.004379697609692812
40, 24, 385, 505, -0.002713250694796443
40, 25, 541, 706, 0.19713953137397766
40, 26, 400, 718, 0.16156378388404846
40, 27, 545, 897, 0.5990486741065979
40, 28, 413, 914, 0.47769343852996826
40, 29, 546, 924, 0.6271279454231262
40, 30, 410, 946, 0.4992139935493469
40, 31, 536, 971, 0.36037012934684753
40, 32, 432, 977, 0.1899695247411728
41, 0, 444, 121, -0.6473963856697083
41, 1, 455, 100, -0.615186333656311
41, 2, 462, 100, -0.6151148080825806
41, 3, 470, 100, -0.6150143146514893
41, 4, 430, 100, -0.6221330761909485
41, 5, 421, 100, -0.6220947504043579
41, 6, 412, 100, -0.622310221195221
41, 7, 481, 109, -0.3574880361557007
41, 8, 397, 109, -0.38786160945892334
41, 9, 458, 143, -0.547665536403656
41, 10, 427, 143, -0.556166410446167
41, 11, 542, 221, -0.20461244881153107
41, 12, 333, 229, -0.22060942649841309
41, 13, 590, 399, -0.39839160442352295
41, 14, 291, 416, -0.4882179796695709
41, 15, 495, 347, -0.8739666938781738
41, 16, 384, 351, -1.0112197399139404
41, 17, 467, 346, -0.9760052561759949
41, 18, 406, 350, -1.1107081174850464
41, 19, 458, 325, -0.9511044025421143
41, 20, 418, 325, -1.0944206714630127
41, 21, 467, 325, -0.8713006973266602
41, 22, 413, 324, -1.0111809968948364
41, 23, 513, 497, 0.00466088717803359
41, 24, 385, 505, -0.002995039103552699
41, 25, 542, 706, 0.19813179969787598
41, 26, 399, 718, 0.16401183605194092
41, 27, 545, 897, 0.6042829155921936
41, 28, 413, 915, 0.48545151948928833
41, 29, 546, 924, 0.6326271295547485
41, 30, 410, 946, 0.5077388286590576
41, 31, 537, 971, 0.36436858773231506
41, 32, 432, 977, 0.19883060455322266
42, 0, 444, 121, -0.6470955610275269
42, 1, 455, 100, -0.614784836769104
42, 2, 462, 100, -0.6147212982177734
42, 3, 470, 100, -0.6146255731582642
42, 4, 430, 100, -0.6218034029006958
42, 5, 421, 100, -0.6217706799507141
42, 6, 412, 100, -0.6219884157180786
42, 7, 482, 109, -0.35705265402793884
42, 8, 397, 109, -0.3875194787979126
42, 9, 458, 143, -0.5472824573516846
42, 10, 427, 143, -0.5558831095695496
42, 11, 542, 221, -0.20413649082183838
42, 12, 333, 230, -0.21945606172084808
42, 13, 590, 399, -0.39626452326774597
42, 14, 291, 416, -0.48591867089271545
42, 15, 496, 347, -0.8729126453399658
42, 16, 383, 352, -1.0105195045471191
42, 17, 468, 346, -0.9744738936424255
42, 18, 405, 351, -1.1096183061599731
42, 19, 459, 325, -0.9494941234588623
42, 20, 417, 326, -1.0931568145751953
42, 21, 468, 324, -0.87017422914505
42, 22, 412, 324, -1.0103583335876465
42, 23, 513, 497, 0.005027109291404486
42, 24, 385, 505, -0.0033657150343060493
42, 25, 543, 706, 0.1968088448047638
42, 26, 399, 718, 0.1643114537000656
42, 27, 546, 897, 0.601568877696991
42, 28, 413, 915, 0.4861474931240082
42, 29, 547, 924, 0.6297160387039185
42, 30, 410, 947, 0.5083966851234436
42, 31, 537, 971, 0.3614575266838074
42, 32, 433, 978, 0.19994398951530457
43, 0, 444, 121, -0.646182119846344
43, 1, 455, 100, -0.6140764951705933
43, 2, 462, 100, -0.6140109300613403
43, 3, 470, 100, -0.6139094829559326
43, 4, 430, 100, -0.6208618879318237
43, 5, 421, 100, -0.6208354234695435
43, 6, 412, 100, -0.6210538744926453
43, 7, 482, 109, -0.3549298644065857
43, 8, 397, 110, -0.3869246244430542
43, 9, 458, 143, -0.5468153357505798
43, 10, 427, 143, -0.5556272268295288
43, 11, 542, 221, -0.1997057944536209
43, 12, 333, 230, -0.21537458896636963
43, 13, 589, 399, -0.3917812407016754
43, 14, 291, 416, -0.4853507876396179
43, 15, 495, 346, -0.86745285987854
43, 16, 383, 352, -1.005644679069519
43, 17, 467, 345, -0.9692358374595642
43, 18, 406, 351, -1.1044718027114868
43, 19, 460, 325, -0.9443005323410034
43, 20, 417, 325, -1.087356686592102
43, 21, 468, 324, -0.8646126389503479
43, 22, 412, 324, -1.0050039291381836
43, 23, 513, 497, 0.005027644336223602
43, 24, 384, 505, -0.0033595950808376074
43, 25, 542, 706, 0.19519013166427612
43, 26, 398, 718, 0.16265401244163513
43, 27, 546, 897, 0.5977379679679871
43, 28, 412, 915, 0.4810423254966736
43, 29, 546, 924, 0.625149667263031
43, 30, 409, 947, 0.5029915571212769
43, 31, 536, 971, 0.354868620634079
43, 32, 432, 978, 0.19346006214618683
44, 0, 444, 121, -0.6466760635375977
44, 1, 455, 100, -0.6143181324005127
44, 2, 462, 100, -0.6142564415931702
44, 3, 470, 100, -0.6141538023948669
44, 4, 430, 100, -0.6210711598396301
44, 5, 421, 100, -0.6210310459136963
44, 6, 412, 100, -0.6212430596351624
44, 7, 482, 109, -0.35479554533958435
44, 8, 398, 110, -0.38609880208969116
44, 9, 458, 143, -0.5464073419570923
44, 10, 427, 143, -0.5550161004066467
44, 11, 542, 221, -0.1984037160873413
44, 12, 333, 230, -0.21158812940120697
44, 13, 589, 399, -0.38929876685142517
44, 14, 291, 416, -0.4819723069667816
44, 15, 495, 346, -0.8705474138259888
44, 16, 383, 352, -1.005138874053955
44, 17, 467, 345, -0.9745796918869019
44, 18, 406, 351, -1.1052433252334595
44, 19, 460, 324, -0.9513118267059326
44, 20, 417, 325, -1.089066505432129
44, 21, 469, 324, -0.8685296177864075
44, 22, 412, 324, -1.0049546957015991
44, 23, 513, 498, 0.005003440659493208
44, 24, 384, 505, -0.0033393322955816984
44, 25, 541, 707, 0.19540953636169434
44, 26, 397, 719, 0.16385695338249207
44, 27, 545, 898, 0.6023203730583191
44, 28, 411, 915, 0.48472991585731506
44, 29, 546, 925, 0.6301556825637817
44, 30, 408, 947, 0.5070322751998901
44, 31, 536, 972, 0.35586562752723694
44, 32, 431, 978, 0.19680307805538177
45, 0, 444, 121, -0.6460554599761963
45, 1, 455, 100, -0.6137331128120422
45, 2, 462, 100, -0.6136724352836609
45, 3, 470, 100, -0.6135698556900024
45, 4, 430, 100, -0.6205072402954102
45, 5, 421, 100, -0.6204652190208435
45, 6, 412, 100, -0.6206768751144409
45, 7, 482, 109, -0.3544251620769501
45, 8, 398, 110, -0.38545215129852295
45, 9, 458, 143, -0.5458775162696838
45, 10, 427, 143, -0.5543432235717773
45, 11, 542, 221, -0.19673265516757965
45, 12, 333, 230, -0.2115023285150528
45, 13, 589, 399, -0.3881220519542694
45, 14, 291, 416, -0.48081132769584656
45, 15, 495, 346, -0.8708727955818176
45, 16, 384, 352, -1.007652759552002
45, 17, 467, 345, -0.9751213192939758
45, 18, 407, 351, -1.108048677444458
45, 19, 460, 324, -0.9516482353210449
45, 20, 418, 325, -1.0924204587936401
45, 21, 469, 324, -0.8689172863960266
45, 22, 412, 324, -1.0077645778656006
45, 23, 513, 498, 0.0050339954905211926
45, 24, 384, 505, -0.003365329233929515
45, 25, 539, 707, 0.19501735270023346
45, 26, 396, 719, 0.1638772040605545
45, 27, 544, 898, 0.6003479957580566
45, 28, 410, 915, 0.48546120524406433
45, 29, 545, 925, 0.6281844973564148
45, 30, 407, 947, 0.5078871250152588
45, 31, 535, 972, 0.3551495373249054
45, 32, 431, 978, 0.19634944200515747
46, 0, 444, 121, -0.6419092416763306
46, 1, 455, 100, -0.6093827486038208
46, 2, 462, 100, -0.6093332171440125
46, 3, 470, 100, -0.6092395782470703
46, 4, 430, 100, -0.6164230108261108
46, 5, 421, 100, -0.6163752675056458
46, 6, 412, 100, -0.6165898442268372
46, 7, 482, 109, -0.3486737310886383
46, 8, 398, 110, -0.38074299693107605
46, 9, 458, 143, -0.540981113910675
46, 10, 427, 143, -0.5498670339584351
46, 11, 542, 221, -0.191196471452713
46, 12, 333, 230, -0.20859822630882263
46, 13, 589, 399, -0.3879028558731079
46, 14, 292, 416, -0.480428010225296
46, 15, 495, 345, -0.8669536113739014
46, 16, 384, 352, -1.0059205293655396
46, 17, 468, 345, -0.9703306555747986
46, 18, 407, 351, -1.1058521270751953
46, 19, 460, 324, -0.9464671015739441
46, 20, 418, 324, -1.0899680852890015
46, 21, 469, 324, -0.8647632002830505
46, 22, 412, 324, -1.005893349647522
46, 23, 512, 498, 0.005097095388919115
46, 24, 384, 505, -0.003425275208428502
46, 25, 538, 707, 0.1942456066608429
46, 26, 394, 719, 0.16262276470661163
46, 27, 543, 898, 0.5971078276634216
46, 28, 409, 915, 0.48173004388809204
46, 29, 544, 925, 0.6242910623550415
46, 30, 406, 947, 0.5039377212524414
46, 31, 535, 972, 0.35105839371681213
46, 32, 430, 978, 0.19274376332759857
47, 0, 444, 121, -0.6448572874069214
47, 1, 455, 100, -0.6116850972175598
47, 2, 462, 100, -0.611641526222229
47, 3, 470, 100, -0.6115392446517944
47, 4, 430, 100, -0.6184568405151367
47, 5, 421, 100, -0.6184256672859192
47, 6, 412, 100, -0.6186339855194092
47, 7, 482, 109, -0.34986403584480286
47, 8, 398, 110, -0.38157299160957336
47, 9, 458, 143, -0.543936014175415
47, 10, 427, 143, -0.5527007579803467
47, 11, 541, 221, -0.19574204087257385
47, 12, 333, 230, -0.2063068449497223
47, 13, 589, 399, -0.3892139792442322
47, 14, 292, 416, -0.47062861919403076
47, 15, 493, 345, -0.8707714080810547
47, 16, 379, 354, -1.0078662633895874
47, 17, 463, 345, -0.9763866066932678
47, 18, 401, 352, -1.1095283031463623
47, 19, 455, 324, -0.9531306624412537
47, 20, 411, 327, -1.096850872039795
47, 21, 465, 323, -0.8685024976730347
47, 22, 407, 326, -1.0095983743667603
47, 23, 512, 498, 0.005015093833208084
47, 24, 384, 505, -0.00335320713929832
47, 25, 538, 707, 0.19768399000167847
47, 26, 393, 719, 0.15808247029781342
47, 27, 543, 898, 0.6021119356155396
47, 28, 409, 915, 0.4726642072200775
47, 29, 544, 925, 0.629651665687561
47, 30, 405, 947, 0.49419310688972473
47, 31, 534, 972, 0.3580927848815918
47, 32, 430, 978, 0.18270279467105865
48, 0, 444, 121, -0.6447759866714478
48, 1, 455, 100, -0.6114405989646912
48, 2, 462, 100, -0.6114013195037842
48, 3, 470, 100, -0.6112969517707825
48, 4, 430, 100, -0.6181225180625916
48, 5, 421, 100, -0.6180985569953918
48, 6, 412, 100, -0.6183048486709595
48, 7, 482, 109, -0.34938281774520874
48, 8, 398, 110, -0.3808751702308655
48, 9, 458, 143, -0.5438999533653259
48, 10, 427, 143, -0.5526329874992371
48, 11, 541, 221, -0.19597414135932922
48, 12, 333, 230, -0.2015378326177597
48, 13, 589, 399, -0.38884109258651733
48, 14, 292, 416, -0.46104875206947327
48, 15, 491, 344, -0.8681551814079285
48, 16, 377, 356, -1.0066343545913696
48, 17, 461, 344, -0.9726721048355103
48, 18, 398, 354, -1.1080735921859741
48, 19, 452, 324, -0.9493007659912109
48, 20, 407, 329, -1.0957356691360474
48, 21, 464, 323, -0.8657765984535217
48, 22, 404, 327, -1.0083900690078735
48, 23, 512, 499, 0.004885448142886162
48, 24, 384, 505, -0.0032325531356036663
48, 25, 538, 707, 0.19761432707309723
48, 26, 393, 719, 0.15551649034023285
48, 27, 543, 898, 0.6015469431877136
48, 28, 409, 915, 0.4677494168281555
48, 29, 544, 925, 0.6291086077690125
48, 30, 405, 947, 0.48900866508483887
48, 31, 534, 972, 0.3581438660621643
48, 32, 430, 978, 0.17803283035755157
49, 0, 444, 121, -0.6882001161575317
49, 1, 455, 100, -0.6574955582618713
49, 2, 462, 100, -0.6574126482009888
49, 3, 470, 100, -0.6573184132575989
49, 4, 430, 100, -0.6640039086341858
49, 5, 421, 100, -0.6639841794967651
49, 6, 412, 100, -0.664186418056488
49, 7, 482, 109, -0.3981683850288391
49, 8, 398, 109, -0.42732980847358704
49, 9, 458, 143, -0.5875799059867859
49, 10, 427, 143, -0.5956140160560608
49, 11, 541, 221, -0.23367848992347717
49, 12, 333, 230, -0.23952245712280273
49, 13, 590, 401, -0.4050777852535248
49, 14, 291, 416, -0.4809081256389618
49, 15, 491, 345, -0.8798305988311768
49, 16, 378, 357, -1.0077935457229614
49, 17, 462, 345, -0.9837371110916138
49, 18, 398, 355, -1.1080291271209717
49, 19, 453, 325, -0.9621599316596985
49, 20, 410, 331, -1.0949867963790894
49, 21, 464, 325, -0.8781284689903259
49, 22, 406, 330, -1.0090396404266357
49, 23, 512, 498, 0.0048623280599713326
49, 24, 384, 504, -0.0032080423552542925
49, 25, 538, 707, 0.1971263736486435
49, 26, 393, 719, 0.1726585179567337
49, 27, 543, 897, 0.6028436422348022
49, 28, 409, 914, 0.5150206089019775
49, 29, 544, 924, 0.6305962800979614
49, 30, 406, 946, 0.5396201014518738
49, 31, 534, 971, 0.3572733998298645
49, 32, 430, 977, 0.22350867092609406
50, 0, 444, 121, -0.70969557762146
50, 1, 455, 100, -0.6794748306274414
50, 2, 462, 100, -0.6793808341026306
50, 3, 470, 100, -0.6792880296707153
50, 4, 430, 100, -0.6863404512405396
50, 5, 421, 100, -0.686333954334259
50, 6, 412, 100, -0.6865375638008118
50, 7, 481, 109, -0.41869091987609863
50, 8, 398, 109, -0.44937244057655334
50, 9, 458, 143, -0.6082150936126709
50, 10, 427, 143, -0.616693913936615
50, 11, 541, 221, -0.24934428930282593
50, 12, 333, 230, -0.2623388171195984
50, 13, 590, 401, -0.42107445001602173
50, 14, 291, 416, -0.5045588612556458
50, 15, 491, 347, -0.9001579284667969
50, 16, 380, 358, -1.0180898904800415
50, 17, 462, 345, -1.0045113563537598
50, 18, 400, 356, -1.1166682243347168
50, 19, 454, 326, -0.9833309054374695
50, 20, 413, 332, -1.1033883094787598
50, 21, 464, 326, -0.8988472819328308
50, 22, 409, 331, -1.0188897848129272
50, 23, 512, 497, 0.00534489331766963
50, 24, 384, 504, -0.0036898257676512003
50, 25, 538, 706, 0.20021015405654907
50, 26, 394, 719, 0.17279556393623352
50, 27, 544, 896, 0.6130282282829285
50, 28, 411, 914, 0.5128036141395569
50, 29, 546, 924, 0.6413560509681702
50, 30, 408, 945, 0.5369284749031067
50, 31, 535, 970, 0.36452212929725647
50, 32, 432, 977, 0.22058264911174774
51, 0, 444, 119, -0.7080535292625427
51, 1, 455, 99, -0.6772066950798035
51, 2, 462, 99, -0.6771712899208069
51, 3, 470, 100, -0.6771978735923767
51, 4, 430, 100, -0.6798211932182312
51, 5, 420, 99, -0.6798011660575867
51, 6, 412, 99, -0.6799274682998657
51, 7, 481, 109, -0.4020707607269287
51, 8, 398, 109, -0.4469654858112335
51, 9, 458, 142, -0.5966697335243225
51, 10, 427, 142, -0.6116616725921631
51, 11, 541, 222, -0.24201835691928864
51, 12, 333, 230, -0.255770206451416
51, 13, 594, 402, -0.38498130440711975
51, 14, 289, 416, -0.4476756155490875
51, 15, 492, 360, -0.8006119728088379
51, 16, 381, 368, -0.9419270753860474
51, 17, 464, 361, -0.8941954970359802
51, 18, 402, 366, -1.0384196043014526
51, 19, 459, 338, -0.8784757852554321
51, 20, 414, 341, -1.0198383331298828
51, 21, 467, 337, -0.7994140982627869
51, 22, 410, 341, -0.9397618770599365
51, 23, 511, 497, -0.0014196486445143819
51, 24, 382, 503, 0.003146495670080185
51, 25, 531, 708, 0.18066129088401794
51, 26, 392, 719, 0.20851609110832214
51, 27, 539, 896, 0.5948091745376587
51, 28, 407, 913, 0.566298246383667
51, 29, 542, 924, 0.6229506731033325
51, 30, 404, 944, 0.5935398936271667
51, 31, 527, 970, 0.33818966150283813
51, 32, 428, 977, 0.2807556986808777
52, 0, 444, 118, -0.69484543800354
52, 1, 455, 99, -0.6635819673538208
52, 2, 461, 99, -0.6635461449623108
52, 3, 469, 99, -0.663552463054657
52, 4, 430, 99, -0.668778121471405
52, 5, 420, 99, -0.6687650084495544
52, 6, 412, 99, -0.6689408421516418
52, 7, 480, 108, -0.39490604400634766
52, 8, 398, 108, -0.43496063351631165
52, 9, 457, 141, -0.5866039991378784
52, 10, 427, 141, -0.5992286801338196
52, 11, 541, 222, -0.24068474769592285
52, 12, 333, 230, -0.2503400146961212
52, 13, 596, 403, -0.3740355372428894
52, 14, 288, 416, -0.44045189023017883
52, 15, 492, 365, -0.7841013073921204
52, 16, 384, 372, -0.9354254603385925
52, 17, 464, 366, -0.8764271140098572
52, 18, 404, 369, -1.0316866636276245
52, 19, 460, 342, -0.8601332306861877
52, 20, 416, 343, -1.0123823881149292
52, 21, 468, 341, -0.7824175953865051
52, 22, 411, 344, -0.9328436255455017
52, 23, 510, 497, -0.004827123135328293
52, 24, 382, 503, 0.006574200000613928
52, 25, 529, 709, 0.16891077160835266
52, 26, 392, 719, 0.22018510103225708
52, 27, 537, 897, 0.5808194279670715
52, 28, 406, 912, 0.5833250284194946
52, 29, 541, 924, 0.608465850353241
52, 30, 403, 942, 0.611204981803894
52, 31, 525, 970, 0.32074734568595886
52, 32, 426, 976, 0.29891476035118103
53, 0, 444, 117, -0.7775478363037109
53, 1, 455, 97, -0.7411991357803345
53, 2, 461, 97, -0.7411845326423645
53, 3, 469, 98, -0.7409332990646362
53, 4, 430, 98, -0.7492298483848572
53, 5, 420, 98, -0.7492703199386597
53, 6, 412, 98, -0.7495645880699158
53, 7, 479, 107, -0.4640200138092041
53, 8, 397, 108, -0.49949970841407776
53, 9, 457, 140, -0.6719151139259338
53, 10, 427, 140, -0.6823452711105347
53, 11, 541, 224, -0.29406246542930603
53, 12, 332, 230, -0.3087231516838074
53, 13, 599, 403, -0.3870996832847595
53, 14, 281, 415, -0.477794349193573
53, 15, 508, 388, -0.8065422773361206
53, 16, 380, 403, -0.9573566913604736
53, 17, 486, 410, -0.903335690498352
53, 18, 403, 420, -1.0613291263580322
53, 19, 475, 388, -0.869321346282959
53, 20, 414, 396, -1.0604711771011353
53, 21, 480, 380, -0.8039283752441406
53, 22, 409, 389, -0.9617184996604919
53, 23, 508, 499, -0.006971203722059727
53, 24, 376, 503, 0.008613324724137783
53, 25, 524, 713, 0.1807347983121872
53, 26, 383, 721, 0.2146577090024948
53, 27, 529, 901, 0.6442874073982239
53, 28, 394, 913, 0.6016679406166077
53, 29, 533, 928, 0.6744785904884338
53, 30, 392, 942, 0.6316905617713928
53, 31, 515, 973, 0.3677714467048645
53, 32, 416, 977, 0.2988688051700592
54, 0, 444, 116, -0.78461754322052
54, 1, 454, 96, -0.7485719323158264
54, 2, 461, 96, -0.748546302318573
54, 3, 469, 96, -0.7482763528823853
54, 4, 429, 97, -0.7563913464546204
54, 5, 420, 97, -0.7564371228218079
54, 6, 412, 97, -0.7567287683486938
54, 7, 479, 106, -0.4749702215194702
54, 8, 397, 108, -0.5066827535629272
54, 9, 457, 139, -0.6810277700424194
54, 10, 427, 139, -0.6902313232421875
54, 11, 541, 225, -0.3066686689853668
54, 12, 331, 230, -0.3216245472431183
54, 13, 600, 403, -0.38986310362815857
54, 14, 279, 415, -0.49401408433914185
54, 15, 512, 394, -0.7922111749649048
54, 16, 379, 409, -0.9581858515739441
54, 17, 489, 418, -0.8876275420188904
54, 18, 403, 427, -1.061948299407959
54, 19, 478, 396, -0.878637969493866
54, 20, 413, 403, -1.0653414726257324
54, 21, 483, 387, -0.794727623462677
54, 22, 408, 396, -0.9635748267173767
54, 23, 506, 500, -0.008730321191251278
54, 24, 372, 504, 0.010279112495481968
54, 25, 520, 716, 0.1853826642036438
54, 26, 378, 722, 0.23193083703517914
54, 27, 523, 903, 0.6514945030212402
54, 28, 386, 913, 0.6432203650474548
54, 29, 526, 931, 0.6817598342895508
54, 30, 384, 943, 0.675926685333252
54, 31, 507, 976, 0.37619778513908386
54, 32, 409, 978, 0.3424893319606781
55, 0, 443, 112, -0.7940982580184937
55, 1, 454, 92, -0.7426080703735352
55, 2, 460, 93, -0.7426409125328064
55, 3, 468, 93, -0.7422759532928467
55, 4, 428, 94, -0.753969132900238
55, 5, 419, 95, -0.7539682388305664
55, 6, 411, 96, -0.7543042898178101
55, 7, 478, 105, -0.45272988080978394
55, 8, 397, 108, -0.4779178202152252
55, 9, 457, 136, -0.677753210067749
55, 10, 426, 137, -0.6909338235855103
55, 11, 543, 226, -0.278842031955719
55, 12, 329, 232, -0.3053002953529358
55, 13, 600, 397, -0.3580693304538727
55, 14, 279, 414, -0.4363628327846527
55, 15, 533, 429, -0.852365255355835
55, 16, 381, 444, -0.8946782350540161
55, 17, 522, 452, -0.9849717617034912
55, 18, 409, 469, -1.0104378461837769
55, 19, 507, 433, -1.0166982412338257
55, 20, 419, 449, -1.033034086227417
55, 21, 507, 424, -0.879212498664856
55, 22, 411, 439, -0.908822774887085
55, 23, 509, 504, -0.01089328434318304
55, 24, 372, 508, 0.012697124853730202
55, 25, 521, 733, 0.18647165596485138
55, 26, 380, 741, 0.18948505818843842
55, 27, 523, 923, 0.7031422853469849
55, 28, 387, 932, 0.6031377911567688
55, 29, 525, 950, 0.7344080209732056
55, 30, 384, 960, 0.6318638920783997
55, 31, 505, 996, 0.38531172275543213
55, 32, 409, 999, 0.24526844918727875
56, 0, 441, 112, -0.7674198746681213
56, 1, 453, 92, -0.718985915184021
56, 2, 459, 92, -0.7190132737159729
56, 3, 467, 92, -0.7187094688415527
56, 4, 428, 94, -0.728763997554779
56, 5, 419, 95, -0.7287527918815613
56, 6, 411, 96, -0.7290645241737366
56, 7, 478, 105, -0.409101277589798
56, 8, 397, 107, -0.4515344202518463
56, 9, 457, 135, -0.654094398021698
56, 10, 425, 136, -0.6655837893486023
56, 11, 544, 227, -0.24218465387821198
56, 12, 327, 233, -0.3009098470211029
56, 13, 600, 393, -0.3329257369041443
56, 14, 279, 411, -0.39886415004730225
56, 15, 542, 434, -0.8502042293548584
56, 16, 376, 447, -0.8832520842552185
56, 17, 530, 456, -0.9810056090354919
56, 18, 402, 472, -1.0015830993652344
56, 19, 516, 437, -1.0121636390686035
56, 20, 414, 454, -1.0276519060134888
56, 21, 515, 428, -0.8743394017219543
56, 22, 407, 444, -0.9000204205513
56, 23, 512, 506, -0.014610163867473602
56, 24, 373, 511, 0.01651603728532791
56, 25, 524, 737, 0.19374342262744904
56, 26, 381, 746, 0.1914348155260086
56, 27, 524, 928, 0.7254921793937683
56, 28, 388, 937, 0.6217247247695923
56, 29, 527, 956, 0.7577151656150818
56, 30, 385, 966, 0.6542639136314392
56, 31, 507, 1001, 0.4023441672325134
56, 32, 411, 1005, 0.25497785210609436
57, 0, 441, 110, -0.7641831636428833
57, 1, 452, 91, -0.6994101405143738
57, 2, 459, 91, -0.6998843550682068
57, 3, 466, 92, -0.6998550891876221
57, 4, 427, 93, -0.7092328071594238
57, 5, 418, 94, -0.7091066837310791
57, 6, 410, 96, -0.7096028327941895
57, 7, 478, 104, -0.3702681064605713
57, 8, 397, 107, -0.40309271216392517
57, 9, 456, 134, -0.63814777135849
57, 10, 424, 135, -0.6483449935913086
57, 11, 545, 227, -0.21726663410663605
57, 12, 327, 234, -0.23472587764263153
57, 13, 600, 382, -0.21229813992977142
57, 14, 279, 405, -0.2559775710105896
57, 15, 575, 465, -0.611923336982727
57, 16, 345, 466, -0.6630382537841797
57, 17, 571, 504, -0.7256976962089539
57, 18, 359, 507, -0.7705810070037842
57, 19, 549, 484, -0.7869653105735779
57, 20, 374, 483, -0.8288282752037048
57, 21, 545, 468, -0.6470969319343567
57, 22, 370, 469, -0.6947387456893921
57, 23, 516, 506, -0.021733013913035393
57, 24, 382, 514, 0.023431001231074333
57, 25, 532, 739, 0.15456047654151917
57, 26, 388, 749, 0.185149684548378
57, 27, 535, 930, 0.7268357872962952
57, 28, 400, 940, 0.6463742256164551
57, 29, 538, 957, 0.7639831900596619
57, 30, 399, 967, 0.6832147240638733
57, 31, 520, 1002, 0.4036473333835602
57, 32, 425, 1006, 0.276345431804657
58, 0, 440, 110, -0.751625657081604
58, 1, 452, 91, -0.6987928152084351
58, 2, 458, 91, -0.6990037560462952
58, 3, 465, 92, -0.6988235116004944
58, 4, 427, 93, -0.7087634205818176
58, 5, 418, 94, -0.7087170481681824
58, 6, 410, 96, -0.7090819478034973
58, 7, 478, 104, -0.36726877093315125
58, 8, 396, 107, -0.397240549325943
58, 9, 456, 133, -0.6346340775489807
58, 10, 424, 135, -0.6452455520629883
58, 11, 545, 228, -0.21876022219657898
58, 12, 326, 235, -0.222866490483284
58, 13, 600, 375, -0.22868536412715912
58, 14, 279, 402, -0.247275248169899
58, 15, 580, 464, -0.6432800889015198
58, 16, 335, 471, -0.6517692804336548
58, 17, 577, 502, -0.7584142088890076
58, 18, 345, 512, -0.7594906091690063
58, 19, 556, 485, -0.8161935806274414
58, 20, 361, 488, -0.8172257542610168
58, 21, 551, 470, -0.6774359345436096
58, 22, 365, 473, -0.6835029721260071
58, 23, 516, 507, -0.024403393268585205
58, 24, 385, 516, 0.025986773893237114
58, 25, 534, 740, 0.15995559096336365
58, 26, 391, 750, 0.19716119766235352
58, 27, 538, 931, 0.7784615159034729
58, 28, 402, 940, 0.6931697726249695
58, 29, 541, 958, 0.8187292218208313
58, 30, 402, 968, 0.732688307762146
58, 31, 524, 1003, 0.4579218327999115
58, 32, 428, 1007, 0.3308233916759491
59, 0, 440, 110, -0.7738668322563171
59, 1, 452, 90, -0.7246154546737671
59, 2, 458, 91, -0.7247998118400574
59, 3, 465, 91, -0.7248929142951965
59, 4, 427, 92, -0.7385420799255371
59, 5, 418, 94, -0.73836749792099
59, 6, 410, 95, -0.738737165927887
59, 7, 477, 104, -0.4114033281803131
59, 8, 396, 107, -0.4628123939037323
59, 9, 456, 133, -0.6599485874176025
59, 10, 424, 135, -0.6746848821640015
59, 11, 545, 228, -0.23571473360061646
59, 12, 325, 236, -0.3110051155090332
59, 13, 600, 377, -0.10936816781759262
59, 14, 289, 402, -0.2770892381668091
59, 15, 596, 494, -0.27599674463272095
59, 16, 339, 501, -0.5175455212593079
59, 17, 601, 535, -0.33060839772224426
59, 18, 348, 545, -0.5880154371261597
59, 19, 576, 533, -0.38863351941108704
59, 20, 363, 534, -0.6513133645057678
59, 21, 567, 514, -0.30396950244903564
59, 22, 362, 518, -0.5462658405303955
59, 23, 516, 511, -0.02388954535126686
59, 24, 384, 526, 0.025498535484075546
59, 25, 534, 741, 0.16448380053043365
59, 26, 390, 750, 0.24555926024913788
59, 27, 537, 934, 0.767782986164093
59, 28, 397, 944, 0.7259004712104797
59, 29, 540, 963, 0.8009526133537292
59, 30, 395, 973, 0.7636250853538513
59, 31, 522, 1007, 0.3914031982421875
59, 32, 423, 1010, 0.37481942772865295
60, 0, 440, 110, -0.7838565111160278
60, 1, 452, 90, -0.7370310425758362
60, 2, 458, 90, -0.7372077107429504
60, 3, 465, 91, -0.7373582720756531
60, 4, 426, 92, -0.7502026557922363
60, 5, 417, 94, -0.7500006556510925
60, 6, 410, 95, -0.7503607869148254
60, 7, 477, 104, -0.43329599499702454
60, 8, 396, 107, -0.48066121339797974
60, 9, 456, 132, -0.6719757318496704
60, 10, 424, 134, -0.6856849789619446
60, 11, 545, 228, -0.25348541140556335
60, 12, 325, 236, -0.3257170617580414
60, 13, 600, 377, -0.11330574005842209
60, 14, 293, 403, -0.27533596754074097
60, 15, 599, 498, -0.2745020389556885
60, 16, 330, 504, -0.5062466263771057
60, 17, 604, 539, -0.32918739318847656
60, 18, 341, 552, -0.5755988359451294
60, 19, 579, 536, -0.3870519697666168
60, 20, 355, 542, -0.6407292485237122
60, 21, 570, 517, -0.30245423316955566
60, 22, 355, 526, -0.5360411405563354
60, 23, 515, 512, -0.02371072955429554
60, 24, 382, 527, 0.0253046415746212
60, 25, 532, 741, 0.1674683690071106
60, 26, 387, 749, 0.2407711148262024
60, 27, 535, 936, 0.7389037609100342
60, 28, 392, 945, 0.7030689716339111
60, 29, 537, 965, 0.7732969522476196
60, 30, 390, 975, 0.739098846912384
60, 31, 519, 1008, 0.3795936405658722
60, 32, 418, 1012, 0.351884126663208
61, 0, 438, 107, -0.8381134271621704
61, 1, 451, 88, -0.7925847768783569
61, 2, 457, 89, -0.7927184700965881
61, 3, 464, 89, -0.7928494811058044
61, 4, 425, 90, -0.8026103973388672
61, 5, 416, 92, -0.8024012446403503
61, 6, 408, 94, -0.8027533292770386
61, 7, 477, 103, -0.49265745282173157
61, 8, 396, 107, -0.5263912081718445
61, 9, 455, 130, -0.7273143529891968
61, 10, 422, 132, -0.7373231649398804
61, 11, 545, 229, -0.3037184178829193
61, 12, 325, 237, -0.3627903163433075
61, 13, 599, 378, -0.1479741483926773
61, 14, 294, 403, -0.29271945357322693
61, 15, 594, 507, -0.28900790214538574
61, 16, 321, 507, -0.5233839750289917
61, 17, 597, 549, -0.34188395738601685
61, 18, 333, 551, -0.5924603939056396
61, 19, 571, 544, -0.39738163352012634
61, 20, 348, 543, -0.6577412486076355
61, 21, 564, 525, -0.31608861684799194
61, 22, 348, 526, -0.5538989305496216
61, 23, 512, 521, -0.026740705594420433
61, 24, 379, 531, 0.028419559821486473
61, 25, 523, 751, 0.14895498752593994
61, 26, 380, 757, 0.23621676862239838
61, 27, 521, 946, 0.7105501294136047
61, 28, 382, 954, 0.6808587908744812
61, 29, 524, 975, 0.7416489720344543
61, 30, 380, 985, 0.7156068086624146
61, 31, 505, 1016, 0.3456273376941681
61, 32, 404, 1021, 0.35076743364334106
62, 0, 438, 106, -0.8452740907669067
62, 1, 450, 88, -0.7994130253791809
62, 2, 457, 88, -0.7995260953903198
62, 3, 464, 89, -0.7996260523796082
62, 4, 424, 90, -0.8088651299476624
62, 5, 415, 91, -0.8086546659469604
62, 6, 408, 93, -0.809000551700592
62, 7, 477, 103, -0.49663472175598145
62, 8, 395, 106, -0.5278445482254028
62, 9, 454, 130, -0.733346700668335
62, 10, 421, 132, -0.7425508499145508
62, 11, 545, 229, -0.30794617533683777
62, 12, 325, 237, -0.36185359954833984
62, 13, 599, 378, -0.15210168063640594
62, 14, 294, 404, -0.2945936918258667
62, 15, 592, 511, -0.29830896854400635
62, 16, 320, 507, -0.5296738743782043
62, 17, 598, 554, -0.3536117672920227
62, 18, 333, 552, -0.5995315909385681
62, 19, 569, 549, -0.4089260697364807
62, 20, 348, 544, -0.6659128069877625
62, 21, 561, 530, -0.32562604546546936
62, 22, 348, 528, -0.5605792999267578
62, 23, 511, 525, -0.029856424778699875
62, 24, 378, 535, 0.03166024386882782
62, 25, 519, 758, 0.1428292989730835
62, 26, 377, 764, 0.23050524294376373
62, 27, 515, 955, 0.7001913189888
62, 28, 377, 963, 0.6780737638473511
62, 29, 517, 984, 0.7301507592201233
62, 30, 375, 994, 0.712718665599823
62, 31, 497, 1025, 0.3369453251361847
62, 32, 396, 1030, 0.3462202548980713
63, 0, 437, 106, -0.8561490774154663
63, 1, 450, 87, -0.8094131350517273
63, 2, 457, 87, -0.8096138834953308
63, 3, 464, 88, -0.8097565770149231
63, 4, 423, 89, -0.8198301792144775
63, 5, 415, 91, -0.8196915984153748
63, 6, 407, 93, -0.820091187953949
63, 7, 477, 102, -0.49990639090538025
63, 8, 395, 106, -0.5348124504089355
63, 9, 454, 129, -0.7413840889930725
63, 10, 421, 131, -0.7516688704490662
63, 11, 545, 229, -0.31236645579338074
63, 12, 325, 237, -0.36791566014289856
63, 13, 592, 382, -0.17894825339317322
63, 14, 293, 406, -0.3026103973388672
63, 15, 586, 511, -0.38440194725990295
63, 16, 326, 506, -0.5820523500442505
63, 17, 594, 552, -0.4520713984966278
63, 18, 338, 549, -0.6595779061317444
63, 19, 581, 552, -0.5099490284919739
63, 20, 351, 537, -0.7226884365081787
63, 21, 571, 536, -0.41464391350746155
63, 22, 350, 522, -0.6122862696647644
63, 23, 511, 523, -0.02955128252506256
63, 24, 378, 536, 0.03128089755773544
63, 25, 518, 759, 0.15886498987674713
63, 26, 376, 764, 0.22662906348705292
63, 27, 516, 956, 0.717317521572113
63, 28, 379, 963, 0.6782416105270386
63, 29, 519, 985, 0.7494521737098694
63, 30, 377, 993, 0.7131146788597107
63, 31, 500, 1025, 0.36498644948005676
63, 32, 399, 1031, 0.3410298824310303
64, 0, 437, 106, -0.8692491054534912
64, 1, 450, 87, -0.8239181637763977
64, 2, 456, 87, -0.8241334557533264
64, 3, 463, 88, -0.8243076801300049
64, 4, 423, 89, -0.8340725898742676
64, 5, 414, 90, -0.8339406251907349
64, 6, 407, 92, -0.834359884262085
64, 7, 477, 102, -0.5134202241897583
64, 8, 395, 106, -0.5481889843940735
64, 9, 454, 129, -0.7532703876495361
64, 10, 421, 131, -0.7635399699211121
64, 11, 545, 230, -0.3213634490966797
64, 12, 325, 237, -0.3782240152359009
64, 13, 589, 385, -0.19085021317005157
64, 14, 293, 406, -0.32032549381256104
64, 15, 584, 512, -0.4072263538837433
64, 16, 324, 504, -0.5974529981613159
64, 17, 593, 553, -0.4784524440765381
64, 18, 341, 548, -0.6779090762138367
64, 19, 582, 555, -0.5392219424247742
64, 20, 354, 534, -0.7411336898803711
64, 21, 573, 538, -0.4389493763446808
64, 22, 353, 519, -0.6279112696647644
64, 23, 508, 522, -0.02904978021979332
64, 24, 375, 535, 0.030828479677438736
64, 25, 514, 758, 0.19186516106128693
64, 26, 371, 763, 0.23349520564079285
64, 27, 515, 955, 0.7523350715637207
64, 28, 377, 961, 0.7061889171600342
64, 29, 517, 984, 0.7866681814193726
64, 30, 375, 991, 0.743244469165802
64, 31, 498, 1024, 0.4137421250343323
64, 32, 398, 1029, 0.3430722951889038
65, 0, 437, 106, -0.9106111526489258
65, 1, 450, 87, -0.8670529723167419
65, 2, 456, 87, -0.8671524524688721
65, 3, 463, 88, -0.8673680424690247
65, 4, 423, 89, -0.8734548687934875
65, 5, 414, 90, -0.8732701539993286
65, 6, 407, 93, -0.8735954761505127
65, 7, 476, 101, -0.5600548982620239
65, 8, 395, 106, -0.5768696665763855
65, 9, 454, 129, -0.7959648370742798
65, 10, 421, 131, -0.8009217977523804
65, 11, 545, 231, -0.35527411103248596
65, 12, 325, 238, -0.3933681845664978
65, 13, 587, 389, -0.19666095077991486
65, 14, 294, 408, -0.321094274520874
65, 15, 589, 519, -0.3790825605392456
65, 16, 321, 515, -0.5721665024757385
65, 17, 605, 563, -0.4430568218231201
65, 18, 340, 559, -0.6449792981147766
65, 19, 594, 567, -0.5006040334701538
65, 20, 353, 549, -0.7160143256187439
65, 21, 584, 550, -0.40963414311408997
65, 22, 352, 533, -0.6049860119819641
65, 23, 510, 525, -0.03994646295905113
65, 24, 376, 535, 0.04169886186718941
65, 25, 522, 765, 0.1529170274734497
65, 26, 381, 774, 0.25435563921928406
65, 27, 531, 966, 0.7366060018539429
65, 28, 391, 978, 0.7581031322479248
65, 29, 535, 996, 0.7690972089767456
65, 30, 389, 1010, 0.7983874678611755
65, 31, 514, 1039, 0.3680627942085266
65, 32, 415, 1046, 0.3715951442718506
