0, 0, 993, 311, -0.7641804814338684
0, 1, 1020, 269, -0.7299331426620483
0, 2, 1034, 269, -0.7302935123443604
0, 3, 1052, 270, -0.7305042147636414
0, 4, 965, 266, -0.735276460647583
0, 5, 942, 266, -0.7352510094642639
0, 6, 923, 266, -0.7358315587043762
0, 7, 1073, 291, -0.447687566280365
0, 8, 890, 290, -0.46462899446487427
0, 9, 1023, 362, -0.6535810828208923
0, 10, 953, 366, -0.6584416031837463
0, 11, 1222, 568, -0.23757444322109222
0, 12, 741, 562, -0.2699931263923645
0, 13, 1292, 944, -0.1351713240146637
0, 14, 662, 920, -0.1897413432598114
0, 15, 1313, 1236, -0.4130597412586212
0, 16, 632, 1209, -0.4771946966648102
0, 17, 1341, 1335, -0.49258023500442505
0, 18, 618, 1301, -0.5624684691429138
0, 19, 1320, 1327, -0.5631995797157288
0, 20, 645, 1279, -0.6461021304130554
0, 21, 1290, 1292, -0.45231592655181885
0, 22, 666, 1246, -0.5186338424682617
0, 23, 1142, 1270, -0.032592952251434326
0, 24, 816, 1265, 0.034089501947164536
0, 25, 1127, 1790, 0.11331575363874435
0, 26, 811, 1776, 0.13277247548103333
0, 27, 1119, 2245, 0.6042096018791199
0, 28, 807, 2239, 0.5446582436561584
0, 29, 1119, 2313, 0.6319992542266846
0, 30, 804, 2311, 0.5754134654998779
0, 31, 1077, 2401, 0.27411243319511414
0, 32, 838, 2385, 0.18663302063941956
1, 0, 996, 309, -0.8029034733772278
1, 1, 1021, 267, -0.7686775326728821
1, 2, 1035, 267, -0.7689164876937866
1, 3, 1053, 268, -0.7690918445587158
1, 4, 966, 266, -0.7772947549819946
1, 5, 945, 266, -0.7773456573486328
1, 6, 926, 266, -0.7778883576393127
1, 7, 1075, 291, -0.48704639077186584
1, 8, 891, 290, -0.5209372043609619
1, 9, 1026, 359, -0.6926437616348267
1, 10, 956, 362, -0.702366828918457
1, 11, 1222, 568, -0.26362180709838867
1, 12, 742, 562, -0.3313736617565155
1, 13, 1293, 942, -0.1417473405599594
1, 14, 660, 919, -0.25194236636161804
1, 15, 1317, 1237, -0.3993014395236969
1, 16, 640, 1209, -0.4997541308403015
1, 17, 1345, 1336, -0.4669695198535919
1, 18, 634, 1299, -0.5760175585746765
1, 19, 1324, 1334, -0.537262499332428
1, 20, 663, 1278, -0.6519603133201599
1, 21, 1295, 1298, -0.43704938888549805
1, 22, 679, 1245, -0.5352616906166077
1, 23, 1142, 1267, -0.026331814005970955
1, 24, 818, 1263, 0.027600495144724846
1, 25, 1125, 1790, 0.08888562768697739
1, 26, 809, 1776, 0.08564566820859909
1, 27, 1117, 2246, 0.5556942820549011
1, 28, 803, 2248, 0.452867716550827
1, 29, 1117, 2313, 0.5819923281669617
1, 30, 800, 2319, 0.4780550003051758
1, 31, 1074, 2405, 0.23519866168498993
1, 32, 834, 2393, 0.09286753833293915
2, 0, 996, 308, -0.8124136328697205
2, 1, 1021, 266, -0.7785082459449768
2, 2, 1035, 267, -0.7787392139434814
2, 3, 1053, 268, -0.7789139151573181
2, 4, 967, 265, -0.7867979407310486
2, 5, 945, 265, -0.7868679165840149
2, 6, 927, 266, -0.7874051332473755
2, 7, 1076, 292, -0.4971061050891876
2, 8, 891, 290, -0.5287408232688904
2, 9, 1026, 358, -0.7023403644561768
2, 10, 956, 360, -0.7114774584770203
2, 11, 1222, 567, -0.27217525243759155
2, 12, 742, 563, -0.33874040842056274
2, 13, 1293, 941, -0.14725808799266815
2, 14, 659, 919, -0.2560974657535553
2, 15, 1318, 1240, -0.39983031153678894
2, 16, 646, 1209, -0.5069208741188049
2, 17, 1345, 1340, -0.4679996371269226
2, 18, 644, 1299, -0.582244336605072
2, 19, 1324, 1340, -0.5381836295127869
2, 20, 673, 1278, -0.6562808752059937
2, 21, 1296, 1304, -0.43750953674316406
2, 22, 688, 1245, -0.5414830446243286
2, 23, 1142, 1266, -0.02492917701601982
2, 24, 819, 1262, 0.02611953765153885
2, 25, 1125, 1790, 0.0764368325471878
2, 26, 808, 1778, 0.08063142001628876
2, 27, 1116, 2248, 0.5472590923309326
2, 28, 800, 2255, 0.45167821645736694
2, 29, 1116, 2314, 0.5739588141441345
2, 30, 798, 2326, 0.4774262309074402
2, 31, 1071, 2408, 0.2263331115245819
2, 32, 830, 2401, 0.08943533152341843
3, 0, 996, 306, -0.8036213517189026
3, 1, 1021, 264, -0.7697370052337646
3, 2, 1035, 266, -0.7699985504150391
3, 3, 1053, 267, -0.7701829075813293
3, 4, 966, 264, -0.7770870923995972
3, 5, 945, 264, -0.7771326303482056
3, 6, 927, 265, -0.777679443359375
3, 7, 1076, 291, -0.4893927574157715
3, 8, 891, 290, -0.5159574151039124
3, 9, 1026, 357, -0.6937574148178101
3, 10, 955, 358, -0.7015267014503479
3, 11, 1222, 567, -0.2682885229587555
3, 12, 742, 564, -0.32483425736427307
3, 13, 1294, 941, -0.14751765131950378
3, 14, 659, 919, -0.24187283217906952
3, 15, 1318, 1241, -0.4004175364971161
3, 16, 646, 1211, -0.4966689646244049
3, 17, 1345, 1341, -0.46956565976142883
3, 18, 645, 1300, -0.568812906742096
3, 19, 1324, 1342, -0.5397737622261047
3, 20, 675, 1280, -0.6412237286567688
3, 21, 1296, 1305, -0.438141405582428
3, 22, 690, 1246, -0.5290477275848389
3, 23, 1142, 1265, -0.02501814439892769
3, 24, 819, 1261, 0.026222167536616325
3, 25, 1124, 1790, 0.06294325739145279
3, 26, 807, 1779, 0.07323357462882996
3, 27, 1115, 2251, 0.5270857214927673
3, 28, 798, 2260, 0.43607625365257263
3, 29, 1115, 2317, 0.5530213117599487
3, 30, 796, 2332, 0.46077820658683777
3, 31, 1069, 2413, 0.20404210686683655
3, 32, 828, 2406, 0.07127692550420761
4, 0, 995, 306, -0.7992119193077087
4, 1, 1021, 264, -0.7655355334281921
4, 2, 1035, 265, -0.7658042311668396
4, 3, 1053, 266, -0.7659918665885925
4, 4, 966, 264, -0.7725862860679626
4, 5, 945, 264, -0.7726253271102905
4, 6, 927, 265, -0.7731732726097107
4, 7, 1076, 291, -0.48665520548820496
4, 8, 891, 289, -0.5118309855461121
4, 9, 1026, 356, -0.6896077394485474
4, 10, 955, 357, -0.6969127655029297
4, 11, 1222, 567, -0.2673455774784088
4, 12, 742, 565, -0.3238784670829773
4, 13, 1295, 941, -0.14771021902561188
4, 14, 658, 919, -0.23885996639728546
4, 15, 1319, 1241, -0.3993695080280304
4, 16, 646, 1212, -0.49527502059936523
4, 17, 1345, 1341, -0.46781715750694275
4, 18, 646, 1300, -0.5686740875244141
4, 19, 1324, 1342, -0.5373403429985046
4, 20, 675, 1280, -0.6411160826683044
4, 21, 1296, 1306, -0.4367036819458008
4, 22, 690, 1246, -0.528866708278656
4, 23, 1142, 1264, -0.02493199147284031
4, 24, 824, 1249, 0.026131706312298775
4, 25, 1124, 1790, 0.06809130311012268
4, 26, 807, 1780, 0.08025806397199631
4, 27, 1114, 2252, 0.5408390760421753
4, 28, 798, 2262, 0.45421168208122253
4, 29, 1115, 2318, 0.5678064227104187
4, 30, 796, 2334, 0.48060673475265503
4, 31, 1069, 2415, 0.21828539669513702
4, 32, 828, 2409, 0.09237584471702576
5, 0, 995, 306, -0.796671450138092
5, 1, 1021, 264, -0.7630525231361389
5, 2, 1035, 265, -0.7633219361305237
5, 3, 1052, 266, -0.7635095119476318
5, 4, 966, 264, -0.7700250744819641
5, 5, 945, 264, -0.7700656652450562
5, 6, 927, 265, -0.7706116437911987
5, 7, 1076, 291, -0.485027939081192
5, 8, 891, 289, -0.5105065703392029
5, 9, 1026, 356, -0.6872604489326477
5, 10, 955, 357, -0.6944745779037476
5, 11, 1222, 567, -0.2673221528530121
5, 12, 742, 566, -0.32577118277549744
5, 13, 1295, 940, -0.1479651778936386
5, 14, 658, 920, -0.23707428574562073
5, 15, 1319, 1242, -0.3978087604045868
5, 16, 649, 1214, -0.49303504824638367
5, 17, 1346, 1343, -0.46545669436454773
5, 18, 650, 1301, -0.5647016167640686
5, 19, 1324, 1344, -0.5344188213348389
5, 20, 681, 1281, -0.6356239318847656
5, 21, 1296, 1308, -0.43473055958747864
5, 22, 696, 1247, -0.5249014496803284
5, 23, 1142, 1264, -0.024801598861813545
5, 24, 829, 1238, 0.025996068492531776
5, 25, 1124, 1791, 0.06710377335548401
5, 26, 806, 1785, 0.07896135002374649
5, 27, 1114, 2256, 0.5450802445411682
5, 28, 795, 2268, 0.4530796706676483
5, 29, 1115, 2321, 0.5727576613426208
5, 30, 794, 2339, 0.47962990403175354
5, 31, 1067, 2421, 0.22446617484092712
5, 32, 826, 2416, 0.09098639339208603
6, 0, 994, 306, -0.7951111197471619
6, 1, 1021, 264, -0.7615320086479187
6, 2, 1035, 265, -0.76180100440979
6, 3, 1052, 266, -0.7619876265525818
6, 4, 966, 264, -0.7685282826423645
6, 5, 945, 264, -0.7685748338699341
6, 6, 927, 265, -0.769119143486023
6, 7, 1076, 291, -0.4834994375705719
6, 8, 891, 289, -0.5097709894180298
6, 9, 1026, 356, -0.685800313949585
6, 10, 954, 357, -0.6930666565895081
6, 11, 1223, 566, -0.2658926546573639
6, 12, 742, 567, -0.327523797750473
6, 13, 1296, 940, -0.14483919739723206
6, 14, 658, 920, -0.23961377143859863
6, 15, 1320, 1241, -0.390428364276886
6, 16, 652, 1215, -0.49287888407707214
6, 17, 1347, 1341, -0.4567003548145294
6, 18, 655, 1301, -0.5637916326522827
6, 19, 1325, 1343, -0.5263620615005493
6, 20, 686, 1281, -0.6347475051879883
6, 21, 1297, 1307, -0.4272860586643219
6, 22, 701, 1247, -0.5240402817726135
6, 23, 1143, 1263, -0.023740775883197784
6, 24, 829, 1242, 0.02487950213253498
6, 25, 1124, 1788, 0.08868095278739929
6, 26, 806, 1784, 0.08358161896467209
6, 27, 1114, 2255, 0.5592032670974731
6, 28, 795, 2267, 0.4610289931297302
6, 29, 1115, 2319, 0.5872971415519714
6, 30, 794, 2339, 0.4883682429790497
6, 31, 1067, 2419, 0.24812689423561096
6, 32, 826, 2416, 0.09302296489477158
7, 0, 993, 306, -0.8136464357376099
7, 1, 1021, 264, -0.7794780135154724
7, 2, 1035, 265, -0.7797271609306335
7, 3, 1052, 266, -0.7798829674720764
7, 4, 965, 264, -0.7874182462692261
7, 5, 945, 264, -0.7875087261199951
7, 6, 927, 265, -0.7880604863166809
7, 7, 1076, 292, -0.4976749122142792
7, 8, 891, 289, -0.5286805629730225
7, 9, 1025, 356, -0.7031428217887878
7, 10, 954, 357, -0.7119477987289429
7, 11, 1223, 566, -0.26972848176956177
7, 12, 742, 567, -0.33981654047966003
7, 13, 1296, 938, -0.1461239606142044
7, 14, 658, 921, -0.25390830636024475
7, 15, 1320, 1227, -0.39237505197525024
7, 16, 652, 1219, -0.5056341290473938
7, 17, 1355, 1339, -0.45754897594451904
7, 18, 654, 1304, -0.5803346037864685
7, 19, 1336, 1341, -0.5289140939712524
7, 20, 685, 1285, -0.6535078287124634
7, 21, 1306, 1306, -0.43039751052856445
7, 22, 700, 1251, -0.5394281148910522
7, 23, 1144, 1263, -0.022652236744761467
7, 24, 829, 1245, 0.023841774091124535
7, 25, 1124, 1789, 0.08732755482196808
7, 26, 805, 1784, 0.0806291401386261
7, 27, 1114, 2255, 0.5576832890510559
7, 28, 795, 2267, 0.4544871747493744
7, 29, 1114, 2319, 0.5851638913154602
7, 30, 794, 2338, 0.4805397689342499
7, 31, 1067, 2419, 0.24273793399333954
7, 32, 826, 2414, 0.09293807297945023
8, 0, 993, 307, -0.8451547622680664
8, 1, 1021, 264, -0.8109679818153381
8, 2, 1035, 265, -0.811204731464386
8, 3, 1052, 266, -0.8113731741905212
8, 4, 966, 264, -0.8193362355232239
8, 5, 945, 265, -0.8194627165794373
8, 6, 927, 266, -0.8200148344039917
8, 7, 1076, 292, -0.5253613591194153
8, 8, 892, 291, -0.5586827397346497
8, 9, 1025, 358, -0.7327638864517212
8, 10, 954, 359, -0.7423037886619568
8, 11, 1223, 566, -0.2888477146625519
8, 12, 742, 569, -0.36120352149009705
8, 13, 1296, 938, -0.1623804271221161
8, 14, 658, 922, -0.2732992172241211
8, 15, 1344, 1233, -0.41709384322166443
8, 16, 654, 1219, -0.5250622630119324
8, 17, 1384, 1339, -0.4842100441455841
8, 18, 654, 1304, -0.6011248230934143
8, 19, 1366, 1343, -0.5580592751502991
8, 20, 685, 1286, -0.6764310002326965
8, 21, 1332, 1309, -0.4568846523761749
8, 22, 700, 1252, -0.5606158971786499
8, 23, 1147, 1264, -0.023511987179517746
8, 24, 829, 1250, 0.02474231645464897
8, 25, 1124, 1792, 0.07321445643901825
8, 26, 805, 1785, 0.07903674989938736
8, 27, 1114, 2258, 0.5627586841583252
8, 28, 795, 2266, 0.4588451087474823
8, 29, 1114, 2323, 0.592574954032898
8, 30, 794, 2337, 0.487800657749176
8, 31, 1069, 2420, 0.24619129300117493
8, 32, 826, 2413, 0.09468817710876465
9, 0, 993, 308, -0.8628299236297607
9, 1, 1021, 264, -0.8295813202857971
9, 2, 1035, 265, -0.829802393913269
9, 3, 1052, 266, -0.8299676775932312
9, 4, 966, 265, -0.8378022313117981
9, 5, 945, 266, -0.8379450440406799
9, 6, 927, 267, -0.8384847640991211
9, 7, 1076, 292, -0.5445087552070618
9, 8, 892, 293, -0.5753442049026489
9, 9, 1026, 359, -0.7507248520851135
9, 10, 954, 360, -0.7595452666282654
9, 11, 1223, 566, -0.30889949202537537
9, 12, 742, 569, -0.37853190302848816
9, 13, 1297, 938, -0.1749686300754547
9, 14, 657, 927, -0.2927423119544983
9, 15, 1330, 1226, -0.41936805844306946
9, 16, 655, 1215, -0.5535074472427368
9, 17, 1383, 1340, -0.4875349700450897
9, 18, 654, 1302, -0.6326205730438232
9, 19, 1361, 1343, -0.5606909990310669
9, 20, 686, 1283, -0.7087932825088501
9, 21, 1329, 1309, -0.4580449163913727
9, 22, 701, 1249, -0.5892101526260376
9, 23, 1146, 1255, -0.023313652724027634
9, 24, 829, 1253, 0.02452201023697853
9, 25, 1126, 1793, 0.08979060500860214
9, 26, 805, 1785, 0.09735730290412903
9, 27, 1115, 2258, 0.6030977964401245
9, 28, 797, 2264, 0.5078387260437012
9, 29, 1116, 2323, 0.6341949701309204
9, 30, 796, 2333, 0.5389337539672852
9, 31, 1070, 2420, 0.28476598858833313
9, 32, 827, 2413, 0.14973710477352142
10, 0, 994, 308, -0.8630922436714172
10, 1, 1021, 264, -0.830767810344696
10, 2, 1035, 265, -0.8309895992279053
10, 3, 1052, 266, -0.8311641216278076
10, 4, 965, 265, -0.8388024568557739
10, 5, 945, 267, -0.8389997482299805
10, 6, 927, 268, -0.8395349979400635
10, 7, 1077, 292, -0.5477306842803955
10, 8, 892, 293, -0.5774155855178833
10, 9, 1026, 359, -0.7511060833930969
10, 10, 954, 361, -0.7595056295394897
10, 11, 1224, 566, -0.3207310438156128
10, 12, 742, 568, -0.3683491349220276
10, 13, 1300, 932, -0.2053685337305069
10, 14, 656, 926, -0.2845812737941742
10, 15, 1290, 1183, -0.47716039419174194
10, 16, 662, 1202, -0.539907693862915
10, 17, 1308, 1304, -0.5549290180206299
10, 18, 663, 1293, -0.6176764965057373
10, 19, 1280, 1292, -0.6249709725379944
10, 20, 694, 1268, -0.6960893273353577
10, 21, 1260, 1255, -0.5137774348258972
10, 22, 707, 1232, -0.5775536298751831
10, 23, 1144, 1255, -0.02337508089840412
10, 24, 825, 1252, 0.02457692287862301
10, 25, 1121, 1790, 0.09026266634464264
10, 26, 797, 1772, 0.10112886130809784
10, 27, 1107, 2248, 0.5987875461578369
10, 28, 786, 2239, 0.5072124600410461
10, 29, 1106, 2311, 0.6295604705810547
10, 30, 785, 2305, 0.5370340347290039
10, 31, 1061, 2409, 0.2837774455547333
10, 32, 816, 2391, 0.1549176424741745
11, 0, 995, 309, -0.7874280214309692
11, 1, 1021, 265, -0.7514604330062866
11, 2, 1035, 266, -0.751728892326355
11, 3, 1052, 267, -0.7519199848175049
11, 4, 966, 267, -0.7609859108924866
11, 5, 946, 268, -0.761170506477356
11, 6, 927, 270, -0.7617385387420654
11, 7, 1078, 293, -0.46630239486694336
11, 8, 892, 295, -0.5012816190719604
11, 9, 1027, 361, -0.6757209897041321
11, 10, 956, 364, -0.6857480406761169
11, 11, 1224, 566, -0.2542194724082947
11, 12, 742, 568, -0.3047606348991394
11, 13, 1305, 931, -0.17289064824581146
11, 14, 652, 928, -0.21989169716835022
11, 15, 1290, 1180, -0.45787349343299866
11, 16, 672, 1193, -0.49991944432258606
11, 17, 1300, 1280, -0.535995602607727
11, 18, 682, 1290, -0.584015965461731
11, 19, 1273, 1262, -0.6031211614608765
11, 20, 714, 1259, -0.6489664912223816
11, 21, 1255, 1227, -0.4945370852947235
11, 22, 721, 1223, -0.5316111445426941
11, 23, 1146, 1259, -0.02291172370314598
11, 24, 825, 1257, 0.02415620908141136
11, 25, 1125, 1790, 0.09196479618549347
11, 26, 798, 1772, 0.1003289669752121
11, 27, 1111, 2248, 0.5962814092636108
11, 28, 788, 2239, 0.5055360198020935
11, 29, 1111, 2311, 0.6269888281822205
11, 30, 787, 2306, 0.5352394580841064
11, 31, 1065, 2409, 0.28317517042160034
11, 32, 821, 2391, 0.15049949288368225
12, 0, 996, 310, -0.7520765066146851
12, 1, 1022, 265, -0.7156243920326233
12, 2, 1036, 266, -0.7159278988838196
12, 3, 1053, 267, -0.716154932975769
12, 4, 966, 267, -0.723761260509491
12, 5, 946, 268, -0.723904013633728
12, 6, 927, 270, -0.7245014309883118
12, 7, 1080, 293, -0.42926231026649475
12, 8, 892, 295, -0.45740172266960144
12, 9, 1028, 361, -0.6397488117218018
12, 10, 956, 364, -0.6480364203453064
12, 11, 1226, 566, -0.21743209660053253
12, 12, 742, 568, -0.24308131635189056
12, 13, 1314, 923, -0.16266897320747375
12, 14, 650, 926, -0.12099547684192657
12, 15, 1266, 1128, -0.47923991084098816
12, 16, 717, 1146, -0.37195873260498047
12, 17, 1256, 1212, -0.5663101077079773
12, 18, 749, 1227, -0.4524920582771301
12, 19, 1227, 1178, -0.6212568879127502
12, 20, 777, 1177, -0.505409300327301
12, 21, 1219, 1145, -0.5112358927726746
12, 22, 772, 1143, -0.39693012833595276
12, 23, 1146, 1259, -0.023262491449713707
12, 24, 840, 1255, 0.02459215186536312
12, 25, 1130, 1786, 0.10091005265712738
12, 26, 799, 1767, 0.10214496403932571
12, 27, 1116, 2238, 0.5939205884933472
12, 28, 790, 2226, 0.5041818022727966
12, 29, 1117, 2301, 0.6241636276245117
12, 30, 788, 2293, 0.5328622460365295
12, 31, 1068, 2400, 0.2796260416507721
12, 32, 825, 2378, 0.1479300856590271
13, 0, 997, 314, -0.8354505896568298
13, 1, 1022, 268, -0.7984651327133179
13, 2, 1036, 268, -0.7986582517623901
13, 3, 1053, 269, -0.7988067269325256
13, 4, 967, 270, -0.8090347051620483
13, 5, 947, 272, -0.8093034625053406
13, 6, 929, 273, -0.8097960352897644
13, 7, 1080, 294, -0.50321364402771
13, 8, 893, 298, -0.5491781234741211
13, 9, 1029, 366, -0.719312846660614
13, 10, 960, 367, -0.7325419187545776
13, 11, 1226, 565, -0.28407731652259827
13, 12, 742, 566, -0.298344224691391
13, 13, 1313, 915, -0.19288627803325653
13, 14, 645, 918, -0.19213292002677917
13, 15, 1247, 1121, -0.4914441406726837
13, 16, 711, 1099, -0.472051203250885
13, 17, 1239, 1235, -0.5730611085891724
13, 18, 731, 1192, -0.5546863079071045
13, 19, 1210, 1210, -0.6407536268234253
13, 20, 763, 1136, -0.6018998622894287
13, 21, 1187, 1131, -0.525886595249176
13, 22, 768, 1096, -0.4938494563102722
13, 23, 1142, 1255, -0.022281905636191368
13, 24, 839, 1252, 0.02350555546581745
13, 25, 1122, 1754, 0.02337646484375
13, 26, 799, 1731, 0.05284423008561134
13, 27, 1109, 2212, 0.4414440095424652
13, 28, 790, 2198, 0.357848197221756
13, 29, 1109, 2273, 0.4639854431152344
13, 30, 788, 2266, 0.3745366334915161
13, 31, 1064, 2369, 0.12777931988239288
13, 32, 825, 2345, 0.014057055115699768
14, 0, 998, 320, -0.8576199412345886
14, 1, 1022, 272, -0.823773980140686
14, 2, 1036, 271, -0.8239524364471436
14, 3, 1053, 272, -0.8240746855735779
14, 4, 967, 275, -0.8317185640335083
14, 5, 947, 276, -0.8319771885871887
14, 6, 930, 278, -0.8324388861656189
14, 7, 1080, 296, -0.5336821675300598
14, 8, 893, 301, -0.5667403340339661
14, 9, 1030, 371, -0.7415713667869568
14, 10, 962, 372, -0.7512494921684265
14, 11, 1227, 568, -0.2999577224254608
14, 12, 742, 565, -0.3185902237892151
14, 13, 1313, 917, -0.20459114015102386
14, 14, 642, 913, -0.23086953163146973
14, 15, 1225, 1118, -0.4979996681213379
14, 16, 725, 1083, -0.508109450340271
14, 17, 1203, 1237, -0.577241063117981
14, 18, 754, 1189, -0.5917901396751404
14, 19, 1168, 1176, -0.6457211971282959
14, 20, 786, 1129, -0.6333306431770325
14, 21, 1159, 1130, -0.5320158004760742
14, 22, 790, 1091, -0.5279263854026794
14, 23, 1124, 1249, -0.016761209815740585
14, 24, 832, 1243, 0.01781797595322132
14, 25, 1101, 1712, -0.07013741135597229
14, 26, 788, 1686, -0.05606813728809357
14, 27, 1088, 2175, 0.31749022006988525
14, 28, 785, 2169, 0.1969137191772461
14, 29, 1087, 2234, 0.33759334683418274
14, 30, 785, 2239, 0.20806720852851868
14, 31, 1045, 2337, 0.014005688019096851
14, 32, 816, 2318, -0.1441691666841507
15, 0, 999, 328, -0.8328659534454346
15, 1, 1022, 276, -0.7980479001998901
15, 2, 1037, 275, -0.7982137799263
15, 3, 1054, 275, -0.798316240310669
15, 4, 968, 279, -0.8078224658966064
15, 5, 949, 281, -0.8081249594688416
15, 6, 931, 283, -0.8085377216339111
15, 7, 1081, 299, -0.5118232369422913
15, 8, 896, 304, -0.5559893846511841
15, 9, 1032, 377, -0.7169121503829956
15, 10, 964, 377, -0.7295516133308411
15, 11, 1227, 569, -0.2746667265892029
15, 12, 744, 564, -0.3044300675392151
15, 13, 1316, 918, -0.2147270292043686
15, 14, 639, 912, -0.2457820326089859
15, 15, 1228, 1069, -0.575007975101471
15, 16, 751, 1060, -0.5678603053092957
15, 17, 1213, 1159, -0.6706992983818054
15, 18, 787, 1135, -0.6596130132675171
15, 19, 1162, 1122, -0.721341073513031
15, 20, 829, 1091, -0.6964966654777527
15, 21, 1155, 1089, -0.6030173897743225
15, 22, 825, 1060, -0.5864845514297485
15, 23, 1122, 1246, -0.008449506014585495
15, 24, 828, 1238, 0.009796498343348503
15, 25, 1103, 1723, -0.14991673827171326
15, 26, 788, 1700, -0.17339126765727997
15, 27, 1090, 2186, 0.18320314586162567
15, 28, 784, 2181, 0.02001338265836239
15, 29, 1088, 2247, 0.19792798161506653
15, 30, 783, 2251, 0.025199083611369133
15, 31, 1046, 2348, -0.1275770217180252
15, 32, 817, 2328, -0.3318522870540619
16, 0, 1000, 331, -0.7518678903579712
16, 1, 1024, 280, -0.7138922214508057
16, 2, 1038, 279, -0.7141274809837341
16, 3, 1055, 279, -0.7141614556312561
16, 4, 970, 282, -0.7234066128730774
16, 5, 950, 283, -0.7236284017562866
16, 6, 933, 284, -0.7240686416625977
16, 7, 1082, 302, -0.4224189817905426
16, 8, 898, 305, -0.46186894178390503
16, 9, 1033, 379, -0.6360960006713867
16, 10, 965, 379, -0.6476899981498718
16, 11, 1227, 569, -0.20010440051555634
16, 12, 746, 563, -0.25315824151039124
16, 13, 1320, 909, -0.2336256504058838
16, 14, 636, 915, -0.3223108947277069
16, 15, 1231, 1027, -0.6950072646141052
16, 16, 799, 1013, -0.7383460998535156
16, 17, 1226, 1092, -0.8052839040756226
16, 18, 854, 1072, -0.8400790095329285
16, 19, 1185, 1061, -0.8473040461540222
16, 20, 890, 1030, -0.8596993684768677
16, 21, 1174, 1034, -0.7223479747772217
16, 22, 879, 1006, -0.7505731582641602
16, 23, 1134, 1237, -0.0012177634052932262
16, 24, 833, 1234, 0.002638063160702586
16, 25, 1136, 1695, -0.28741487860679626
16, 26, 824, 1687, -0.25046858191490173
16, 27, 1124, 2175, -0.008743477053940296
16, 28, 826, 2180, -0.1349206566810608
16, 29, 1120, 2237, 0.0013365329941734672
16, 30, 821, 2253, -0.13711227476596832
16, 31, 1085, 2340, -0.3296617567539215
16, 32, 873, 2326, -0.49081337451934814
17, 0, 1002, 338, -0.7351243495941162
17, 1, 1025, 286, -0.6972382664680481
17, 2, 1039, 285, -0.6974672675132751
17, 3, 1056, 285, -0.6974241733551025
17, 4, 973, 288, -0.7095007300376892
17, 5, 954, 288, -0.7097318768501282
17, 6, 937, 289, -0.7101410627365112
17, 7, 1082, 306, -0.4033418297767639
17, 8, 903, 308, -0.45679524540901184
17, 9, 1034, 385, -0.6196230053901672
17, 10, 970, 384, -0.635204017162323
17, 11, 1226, 570, -0.17281676828861237
17, 12, 747, 564, -0.25349217653274536
17, 13, 1320, 900, -0.2251996546983719
17, 14, 632, 927, -0.3886226415634155
17, 15, 1232, 980, -0.728590190410614
17, 16, 795, 947, -0.8676324486732483
17, 17, 1227, 1044, -0.8410395979881287
17, 18, 862, 975, -0.9700753092765808
17, 19, 1186, 1013, -0.8844559788703918
17, 20, 885, 926, -0.9860565066337585
17, 21, 1177, 989, -0.7559820413589478
17, 22, 874, 908, -0.8781467080116272
17, 23, 1139, 1225, 0.011577712371945381
17, 24, 843, 1183, -0.010206160135567188
17, 25, 1140, 1692, -0.20619052648544312
17, 26, 828, 1689, -0.1637095957994461
17, 27, 1127, 2174, 0.04747800529003143
17, 28, 837, 2177, -0.04673993960022926
17, 29, 1124, 2238, 0.054280806332826614
17, 30, 829, 2247, -0.05020424351096153
17, 31, 1089, 2328, -0.27260062098503113
17, 32, 892, 2321, -0.39818325638771057
18, 0, 1002, 340, -0.7233921885490417
18, 1, 1025, 286, -0.6807304620742798
18, 2, 1039, 285, -0.6809741258621216
18, 3, 1056, 285, -0.6807621717453003
18, 4, 973, 289, -0.6981258392333984
18, 5, 954, 290, -0.6983374357223511
18, 6, 937, 291, -0.6988014578819275
18, 7, 1082, 306, -0.3642347455024719
18, 8, 903, 309, -0.4406105875968933
18, 9, 1034, 385, -0.599890410900116
18, 10, 970, 386, -0.6219858527183533
18, 11, 1222, 568, -0.09806741029024124
18, 12, 750, 564, -0.2567191421985626
18, 13, 1320, 894, -0.17535872757434845
18, 14, 631, 938, -0.42687588930130005
18, 15, 1225, 934, -0.6976606249809265
18, 16, 830, 894, -0.9378051161766052
18, 17, 1224, 1003, -0.8076201677322388
18, 18, 895, 917, -1.0458678007125854
18, 19, 1184, 975, -0.8430914282798767
18, 20, 905, 856, -1.060676097869873
18, 21, 1173, 948, -0.7236840724945068
18, 22, 894, 838, -0.947827160358429
18, 23, 1140, 1209, 0.03143491595983505
18, 24, 842, 1193, -0.029853705316781998
18, 25, 1141, 1688, -0.09049756079912186
18, 26, 840, 1680, -0.13107891380786896
18, 27, 1137, 2166, 0.20106889307498932
18, 28, 859, 2160, 0.03998582810163498
18, 29, 1137, 2233, 0.20951110124588013
18, 30, 849, 2228, 0.04298911616206169
18, 31, 1111, 2307, -0.1260671764612198
18, 32, 924, 2295, -0.3214477002620697
19, 0, 1002, 341, -0.7242530584335327
19, 1, 1025, 288, -0.6807397603988647
19, 2, 1039, 287, -0.6810430884361267
19, 3, 1056, 287, -0.6807394623756409
19, 4, 973, 290, -0.6980729699134827
19, 5, 954, 290, -0.6981989145278931
19, 6, 937, 291, -0.6986449956893921
19, 7, 1082, 307, -0.35793522000312805
19, 8, 903, 309, -0.4308609962463379
19, 9, 1034, 385, -0.5995269417762756
19, 10, 970, 386, -0.6211556792259216
19, 11, 1221, 567, -0.10102393478155136
19, 12, 750, 563, -0.25643661618232727
19, 13, 1315, 898, -0.20767144858837128
19, 14, 631, 951, -0.4718222916126251
19, 15, 1213, 907, -0.7897703051567078
19, 16, 853, 853, -1.0231939554214478
19, 17, 1213, 965, -0.9045007824897766
19, 18, 922, 873, -1.1331486701965332
19, 19, 1185, 917, -0.9246280193328857
19, 20, 922, 799, -1.1421750783920288
19, 21, 1173, 889, -0.8105730414390564
19, 22, 910, 789, -1.03167724609375
19, 23, 1134, 1157, 0.030212905257940292
19, 24, 849, 1163, -0.028623759746551514
19, 25, 1146, 1695, 0.012467221356928349
19, 26, 841, 1687, -0.07954724133014679
19, 27, 1138, 2166, 0.30842894315719604
19, 28, 859, 2161, 0.11407968401908875
19, 29, 1138, 2230, 0.30979201197624207
19, 30, 848, 2226, 0.11936692148447037
19, 31, 1115, 2309, -0.051291581243276596
19, 32, 919, 2296, -0.2730255126953125
20, 0, 1002, 344, -0.7337047457695007
20, 1, 1025, 293, -0.6929682493209839
20, 2, 1039, 292, -0.693263053894043
20, 3, 1056, 292, -0.6930261254310608
20, 4, 973, 294, -0.7081077098846436
20, 5, 954, 293, -0.708243191242218
20, 6, 937, 294, -0.7087228298187256
20, 7, 1083, 309, -0.3738373816013336
20, 8, 903, 310, -0.43647119402885437
20, 9, 1034, 387, -0.6090143918991089
20, 10, 969, 389, -0.6279776692390442
20, 11, 1221, 564, -0.11086121201515198
20, 12, 751, 561, -0.252189040184021
20, 13, 1306, 915, -0.25133562088012695
20, 14, 630, 955, -0.4877508282661438
20, 15, 1175, 879, -0.8473396897315979
20, 16, 856, 820, -1.0649529695510864
20, 17, 1182, 917, -0.9604737162590027
20, 18, 923, 830, -1.1759436130523682
20, 19, 1171, 859, -0.969788670539856
20, 20, 926, 756, -1.1797996759414673
20, 21, 1154, 836, -0.8639939427375793
20, 22, 915, 753, -1.0717949867248535
20, 23, 1129, 1157, 0.025987135246396065
20, 24, 849, 1152, -0.02447006106376648
20, 25, 1145, 1696, 0.02824125438928604
20, 26, 839, 1684, -0.07585444301366806
20, 27, 1138, 2158, 0.34431979060173035
20, 28, 853, 2154, 0.13235941529273987
20, 29, 1137, 2219, 0.3497271239757538
20, 30, 844, 2218, 0.1386210024356842
20, 31, 1110, 2305, -0.01242040190845728
20, 32, 911, 2290, -0.22961658239364624
21, 0, 1003, 345, -0.7238337397575378
21, 1, 1026, 295, -0.6822137832641602
21, 2, 1040, 294, -0.6825074553489685
21, 3, 1058, 294, -0.6822383999824524
21, 4, 974, 295, -0.6979194283485413
21, 5, 955, 294, -0.6980569362640381
21, 6, 938, 294, -0.69855135679245
21, 7, 1084, 309, -0.3590012788772583
21, 8, 903, 309, -0.4252113699913025
21, 9, 1034, 389, -0.5972827672958374
21, 10, 970, 390, -0.6173802614212036
21, 11, 1220, 562, -0.08736611157655716
21, 12, 751, 556, -0.24138931930065155
21, 13, 1299, 920, -0.23070243000984192
21, 14, 630, 958, -0.4846873879432678
21, 15, 1187, 909, -0.7630636692047119
21, 16, 872, 796, -1.0607255697250366
21, 17, 1187, 922, -0.8672943115234375
21, 18, 949, 797, -1.1692105531692505
21, 19, 1176, 857, -0.8835988640785217
21, 20, 952, 730, -1.1682583093643188
21, 21, 1156, 843, -0.7808281183242798
21, 22, 936, 729, -1.0653077363967896
21, 23, 1129, 1151, 0.02603389509022236
21, 24, 850, 1152, -0.024486148729920387
21, 25, 1145, 1692, 0.011101123876869678
21, 26, 839, 1681, -0.08062396943569183
21, 27, 1136, 2151, 0.341818243265152
21, 28, 851, 2146, 0.13417242467403412
21, 29, 1136, 2213, 0.3417358696460724
21, 30, 841, 2212, 0.14253827929496765
21, 31, 1109, 2296, -0.021861964836716652
21, 32, 911, 2281, -0.2410341054201126
22, 0, 1004, 345, -0.7303745150566101
22, 1, 1027, 295, -0.6859131455421448
22, 2, 1041, 294, -0.6861968636512756
22, 3, 1059, 294, -0.686191976070404
22, 4, 975, 295, -0.6997775435447693
22, 5, 956, 295, -0.6999025940895081
22, 6, 939, 295, -0.7003748416900635
22, 7, 1084, 309, -0.375953733921051
22, 8, 904, 310, -0.4353608191013336
22, 9, 1035, 390, -0.6087179780006409
22, 10, 972, 391, -0.626686155796051
22, 11, 1221, 558, -0.11645965278148651
22, 12, 751, 554, -0.2488202303647995
22, 13, 1299, 938, -0.276945024728775
22, 14, 630, 961, -0.5009780526161194
22, 15, 1176, 892, -0.851691484451294
22, 16, 879, 783, -1.0682035684585571
22, 17, 1157, 884, -0.9543672800064087
22, 18, 956, 772, -1.1719343662261963
22, 19, 1165, 815, -0.9517841339111328
22, 20, 961, 714, -1.1653499603271484
22, 21, 1154, 807, -0.8620412349700928
22, 22, 947, 716, -1.0702918767929077
22, 23, 1129, 1135, 0.02373543381690979
22, 24, 853, 1150, -0.02222301997244358
22, 25, 1149, 1683, 0.018566017970442772
22, 26, 843, 1677, -0.07759079337120056
22, 27, 1141, 2139, 0.34294983744621277
22, 28, 857, 2140, 0.1405085176229477
22, 29, 1141, 2200, 0.348823219537735
22, 30, 845, 2205, 0.14900557696819305
22, 31, 1120, 2284, -0.006269081961363554
22, 32, 922, 2274, -0.2250843197107315
23, 0, 1005, 346, -0.7351270318031311
23, 1, 1028, 296, -0.694144606590271
23, 2, 1042, 295, -0.6944128274917603
23, 3, 1061, 294, -0.6943325400352478
23, 4, 976, 296, -0.7077159285545349
23, 5, 957, 295, -0.7078642249107361
23, 6, 940, 295, -0.7083461880683899
23, 7, 1086, 309, -0.3850175738334656
23, 8, 904, 310, -0.44221973419189453
23, 9, 1035, 391, -0.6129434108734131
23, 10, 973, 392, -0.6303049325942993
23, 11, 1223, 553, -0.12048010528087616
23, 12, 754, 550, -0.25040385127067566
23, 13, 1297, 941, -0.2882310450077057
23, 14, 641, 960, -0.5119443535804749
23, 15, 1173, 850, -0.8490212559700012
23, 16, 903, 773, -1.0417814254760742
23, 17, 1158, 837, -0.9482679963111877
23, 18, 988, 765, -1.139875054359436
23, 19, 1163, 772, -0.9409939050674438
23, 20, 993, 709, -1.1306262016296387
23, 21, 1151, 766, -0.8575337529182434
23, 22, 974, 711, -1.0416240692138672
23, 23, 1129, 1127, 0.023128287866711617
23, 24, 855, 1144, -0.02167327143251896
23, 25, 1148, 1669, 0.017596866935491562
23, 26, 843, 1664, -0.07687849551439285
23, 27, 1140, 2119, 0.3373136818408966
23, 28, 859, 2124, 0.13976551592350006
23, 29, 1141, 2180, 0.3458011746406555
23, 30, 846, 2190, 0.14890098571777344
23, 31, 1119, 2264, -0.0057129403576254845
23, 32, 926, 2257, -0.22648939490318298
24, 0, 1006, 345, -0.7488296627998352
24, 1, 1028, 296, -0.7124450206756592
24, 2, 1043, 294, -0.7126138806343079
24, 3, 1062, 294, -0.7124022841453552
24, 4, 977, 296, -0.7255518436431885
24, 5, 957, 295, -0.7257511019706726
24, 6, 940, 295, -0.7262239456176758
24, 7, 1087, 308, -0.406031996011734
24, 8, 905, 309, -0.4614020586013794
24, 9, 1036, 390, -0.6267985105514526
24, 10, 974, 392, -0.6435243487358093
24, 11, 1224, 551, -0.12301451712846756
24, 12, 756, 545, -0.2781214416027069
24, 13, 1294, 943, -0.3001542389392853
24, 14, 654, 959, -0.5392944812774658
24, 15, 1180, 861, -0.8495029807090759
24, 16, 906, 762, -1.072055459022522
24, 17, 1159, 839, -0.946524977684021
24, 18, 991, 750, -1.1693781614303589
24, 19, 1166, 775, -0.9409900903701782
24, 20, 1000, 695, -1.1597254276275635
24, 21, 1155, 771, -0.8584041595458984
24, 22, 981, 697, -1.0717443227767944
24, 23, 1129, 1120, 0.023488778620958328
24, 24, 856, 1136, -0.02210669405758381
24, 25, 1148, 1658, 0.04167162999510765
24, 26, 843, 1653, -0.06923088431358337
24, 27, 1140, 2105, 0.3621827960014343
24, 28, 859, 2112, 0.14939124882221222
24, 29, 1140, 2164, 0.37243956327438354
24, 30, 846, 2177, 0.1593061089515686
24, 31, 1117, 2252, 0.03973345831036568
24, 32, 923, 2246, -0.20923133194446564
25, 0, 1006, 345, -0.7492712736129761
25, 1, 1029, 295, -0.7137234210968018
25, 2, 1045, 294, -0.7138515114784241
25, 3, 1063, 294, -0.7135865092277527
25, 4, 978, 296, -0.725907027721405
25, 5, 958, 295, -0.7260987162590027
25, 6, 941, 295, -0.7265570163726807
25, 7, 1088, 308, -0.4147960841655731
25, 8, 906, 309, -0.464181512594223
25, 9, 1036, 390, -0.627656102180481
25, 10, 975, 391, -0.6438339352607727
25, 11, 1225, 550, -0.13767632842063904
25, 12, 758, 542, -0.28134220838546753
25, 13, 1292, 947, -0.3148612678050995
25, 14, 665, 959, -0.5364483594894409
25, 15, 1180, 845, -0.8607562184333801
25, 16, 917, 757, -1.0718132257461548
25, 17, 1161, 821, -0.9566431641578674
25, 18, 1006, 739, -1.1666451692581177
25, 19, 1168, 754, -0.9482795000076294
25, 20, 1011, 686, -1.156059980392456
25, 21, 1157, 753, -0.8678386211395264
25, 22, 990, 691, -1.071234107017517
25, 23, 1129, 1113, 0.02270292118191719
25, 24, 857, 1129, -0.021316422149538994
25, 25, 1146, 1651, 0.049079254269599915
25, 26, 842, 1646, -0.04711129516363144
25, 27, 1134, 2095, 0.37533512711524963
25, 28, 858, 2102, 0.18861599266529083
25, 29, 1134, 2153, 0.38682636618614197
25, 30, 844, 2166, 0.20081670582294464
25, 31, 1116, 2244, 0.0597195066511631
25, 32, 921, 2236, -0.16713252663612366
26, 0, 1008, 345, -0.7491648197174072
26, 1, 1031, 295, -0.7149246335029602
26, 2, 1046, 294, -0.7150481939315796
26, 3, 1065, 294, -0.7147760391235352
26, 4, 980, 296, -0.7264919877052307
26, 5, 960, 295, -0.7266799211502075
26, 6, 943, 295, -0.7271227240562439
26, 7, 1089, 307, -0.423242449760437
26, 8, 906, 309, -0.4696419835090637
26, 9, 1038, 390, -0.6280413269996643
26, 10, 977, 392, -0.6441905498504639
26, 11, 1225, 547, -0.1574997901916504
26, 12, 761, 540, -0.28202661871910095
26, 13, 1288, 948, -0.33080795407295227
26, 14, 677, 958, -0.5298522114753723
26, 15, 1176, 851, -0.8839566111564636
26, 16, 925, 744, -1.0637397766113281
26, 17, 1158, 826, -0.9818797707557678
26, 18, 1011, 721, -1.158827304840088
26, 19, 1166, 755, -0.9768878221511841
26, 20, 1014, 669, -1.1493287086486816
26, 21, 1156, 753, -0.8921414613723755
26, 22, 994, 676, -1.0638543367385864
26, 23, 1130, 1110, 0.02215477079153061
26, 24, 858, 1120, -0.0207690317183733
26, 25, 1146, 1645, 0.059844501316547394
26, 26, 841, 1641, -0.02840050682425499
26, 27, 1133, 2086, 0.3878609836101532
26, 28, 857, 2091, 0.21088045835494995
26, 29, 1134, 2143, 0.4002172350883484
26, 30, 843, 2153, 0.22319626808166504
26, 31, 1115, 2234, 0.0750688761472702
26, 32, 919, 2227, -0.142414391040802
27, 0, 1013, 345, -0.7274078130722046
27, 1, 1034, 295, -0.6963449120521545
27, 2, 1051, 294, -0.6965312361717224
27, 3, 1068, 294, -0.6962897181510925
27, 4, 985, 296, -0.7078108191490173
27, 5, 965, 295, -0.7079967856407166
27, 6, 946, 295, -0.7084636688232422
27, 7, 1092, 307, -0.410410076379776
27, 8, 907, 308, -0.4560836851596832
27, 9, 1041, 390, -0.6107469797134399
27, 10, 982, 392, -0.6255326867103577
27, 11, 1226, 543, -0.1568160355091095
27, 12, 764, 537, -0.2708306908607483
27, 13, 1284, 950, -0.3470506966114044
27, 14, 685, 957, -0.508272111415863
27, 15, 1160, 822, -0.9021199345588684
27, 16, 930, 739, -1.0267045497894287
27, 17, 1151, 791, -0.9973723292350769
27, 18, 1010, 710, -1.1320215463638306
27, 19, 1146, 720, -0.9847963452339172
27, 20, 1009, 656, -1.1215060949325562
27, 21, 1137, 726, -0.9080696702003479
27, 22, 993, 666, -1.0349984169006348
27, 23, 1130, 1113, 0.02178892120718956
27, 24, 858, 1117, -0.020393619313836098
27, 25, 1145, 1644, 0.055163633078336716
27, 26, 841, 1639, -0.034455087035894394
27, 27, 1133, 2083, 0.38677987456321716
27, 28, 856, 2087, 0.20693832635879517
27, 29, 1134, 2141, 0.39929962158203125
27, 30, 843, 2149, 0.2192177027463913
27, 31, 1114, 2230, 0.07192862778902054
27, 32, 917, 2223, -0.1482621133327484
28, 0, 1017, 345, -0.7712811827659607
28, 1, 1039, 296, -0.7432125210762024
28, 2, 1057, 295, -0.7433711886405945
28, 3, 1073, 295, -0.7431201338768005
28, 4, 991, 296, -0.7536485195159912
28, 5, 971, 295, -0.7538144588470459
28, 6, 953, 295, -0.7542167901992798
28, 7, 1095, 307, -0.4545213580131531
28, 8, 911, 307, -0.49902239441871643
28, 9, 1043, 391, -0.6550310254096985
28, 10, 986, 392, -0.6683886051177979
28, 11, 1226, 543, -0.2019345909357071
28, 12, 765, 536, -0.28826215863227844
28, 13, 1280, 955, -0.37881889939308167
28, 14, 689, 957, -0.525014340877533
28, 15, 1163, 838, -0.9492493271827698
28, 16, 918, 735, -1.067566990852356
28, 17, 1154, 809, -1.0483181476593018
28, 18, 995, 696, -1.1634966135025024
28, 19, 1150, 745, -1.0455408096313477
28, 20, 998, 645, -1.1535221338272095
28, 21, 1140, 746, -0.9585111141204834
28, 22, 982, 657, -1.0692087411880493
28, 23, 1127, 1118, 0.01812705397605896
28, 24, 857, 1113, -0.016844484955072403
28, 25, 1133, 1637, 0.06362900137901306
28, 26, 827, 1632, 0.0016739165876060724
28, 27, 1114, 2071, 0.41049274802207947
28, 28, 838, 2073, 0.2682170867919922
28, 29, 1113, 2128, 0.42498865723609924
28, 30, 826, 2132, 0.28291550278663635
28, 31, 1095, 2219, 0.09947891533374786
28, 32, 892, 2211, -0.0837036743760109
29, 0, 1018, 345, -0.762451171875
29, 1, 1040, 296, -0.7392982244491577
29, 2, 1058, 295, -0.7394068241119385
29, 3, 1074, 295, -0.7390976548194885
29, 4, 992, 296, -0.7483699917793274
29, 5, 972, 296, -0.7484928965568542
29, 6, 953, 295, -0.7488769292831421
29, 7, 1097, 307, -0.4447230398654938
29, 8, 913, 307, -0.49184945225715637
29, 9, 1044, 392, -0.6517426371574402
29, 10, 988, 392, -0.6635345220565796
29, 11, 1226, 544, -0.19220377504825592
29, 12, 767, 535, -0.28717687726020813
29, 13, 1276, 959, -0.3584623336791992
29, 14, 691, 955, -0.521111786365509
29, 15, 1165, 838, -0.9081307053565979
29, 16, 914, 732, -1.047156572341919
29, 17, 1156, 802, -1.003407597541809
29, 18, 991, 698, -1.1395343542099
29, 19, 1153, 744, -0.9998703002929688
29, 20, 993, 646, -1.1311503648757935
29, 21, 1143, 744, -0.9167457818984985
29, 22, 978, 655, -1.048025131225586
29, 23, 1125, 1119, 0.01803373359143734
29, 24, 856, 1115, -0.016762996092438698
29, 25, 1131, 1635, 0.06244262307882309
29, 26, 823, 1632, 0.013992528431117535
29, 27, 1113, 2068, 0.40943875908851624
29, 28, 836, 2072, 0.2817753851413727
29, 29, 1112, 2125, 0.42409050464630127
29, 30, 824, 2132, 0.29661837220191956
29, 31, 1094, 2216, 0.10063694417476654
29, 32, 890, 2209, -0.06588176637887955
30, 0, 1021, 347, -0.7922350168228149
30, 1, 1044, 298, -0.7680996656417847
30, 2, 1063, 298, -0.7681884169578552
30, 3, 1077, 298, -0.7679436802864075
30, 4, 995, 299, -0.7780588865280151
30, 5, 976, 298, -0.7781907916069031
30, 6, 957, 297, -0.7785810828208923
30, 7, 1100, 309, -0.4805094003677368
30, 8, 916, 307, -0.5238004922866821
30, 9, 1048, 393, -0.676658570766449
30, 10, 992, 394, -0.6889616250991821
30, 11, 1227, 544, -0.21769264340400696
30, 12, 768, 534, -0.31558266282081604
30, 13, 1270, 959, -0.3819738030433655
30, 14, 689, 954, -0.5500404238700867
30, 15, 1166, 839, -0.935284435749054
30, 16, 912, 734, -1.0677452087402344
30, 17, 1157, 808, -1.0305225849151611
30, 18, 993, 704, -1.1583693027496338
30, 19, 1155, 742, -1.0266536474227905
30, 20, 993, 650, -1.1458684206008911
30, 21, 1145, 741, -0.9439414739608765
30, 22, 978, 658, -1.0663467645645142
30, 23, 1121, 1123, 0.017987454310059547
30, 24, 855, 1117, -0.016708916053175926
30, 25, 1128, 1637, 0.09178480505943298
30, 26, 820, 1634, 0.03492330014705658
30, 27, 1110, 2069, 0.45917341113090515
30, 28, 832, 2074, 0.3154059648513794
30, 29, 1109, 2126, 0.47687938809394836
30, 30, 821, 2133, 0.33190593123435974
30, 31, 1093, 2217, 0.15720431506633759
30, 32, 886, 2212, -0.030865835025906563
31, 0, 1023, 347, -0.7953047156333923
31, 1, 1048, 299, -0.7673488855361938
31, 2, 1066, 298, -0.7674426436424255
31, 3, 1080, 299, -0.767192542552948
31, 4, 998, 299, -0.7797604203224182
31, 5, 978, 298, -0.7799033522605896
31, 6, 959, 298, -0.7803038954734802
31, 7, 1103, 309, -0.4745754599571228
31, 8, 918, 307, -0.528047502040863
31, 9, 1049, 394, -0.6772569417953491
31, 10, 994, 394, -0.6927974820137024
31, 11, 1228, 544, -0.20555764436721802
31, 12, 770, 534, -0.3287285566329956
31, 13, 1268, 960, -0.35934391617774963
31, 14, 688, 954, -0.5665802359580994
31, 15, 1167, 845, -0.9071556925773621
31, 16, 911, 739, -1.0901213884353638
31, 17, 1158, 816, -1.0030854940414429
31, 18, 993, 710, -1.1831088066101074
31, 19, 1161, 749, -1.001557469367981
31, 20, 993, 657, -1.1723427772521973
31, 21, 1153, 746, -0.9170650243759155
31, 22, 978, 664, -1.0894802808761597
31, 23, 1121, 1125, 0.023013800382614136
31, 24, 855, 1118, -0.021783502772450447
31, 25, 1127, 1638, 0.10801354795694351
31, 26, 819, 1636, 0.02810179628431797
31, 27, 1109, 2070, 0.47651827335357666
31, 28, 831, 2076, 0.30537423491477966
31, 29, 1106, 2128, 0.49402526021003723
31, 30, 818, 2136, 0.32117000222206116
31, 31, 1093, 2216, 0.17461921274662018
31, 32, 887, 2213, -0.04276398569345474
32, 0, 1026, 347, -0.7877713441848755
32, 1, 1050, 299, -0.7583362460136414
32, 2, 1068, 299, -0.7584620714187622
32, 3, 1082, 299, -0.7582312226295471
32, 4, 1000, 299, -0.7706129550933838
32, 5, 980, 298, -0.7707775831222534
32, 6, 961, 298, -0.7711992263793945
32, 7, 1104, 309, -0.46464768052101135
32, 8, 919, 307, -0.5163915753364563
32, 9, 1052, 394, -0.6695310473442078
32, 10, 996, 394, -0.6848231554031372
32, 11, 1228, 544, -0.20342378318309784
32, 12, 770, 534, -0.31975874304771423
32, 13, 1267, 961, -0.3534142076969147
32, 14, 687, 954, -0.550701379776001
32, 15, 1169, 846, -0.9016644358634949
32, 16, 912, 740, -1.0806927680969238
32, 17, 1157, 823, -0.9993435740470886
32, 18, 998, 716, -1.1752259731292725
32, 19, 1163, 757, -0.9985389113426208
32, 20, 1002, 663, -1.1638333797454834
32, 21, 1158, 754, -0.9115907549858093
32, 22, 984, 668, -1.0802184343338013
32, 23, 1120, 1128, 0.021564437076449394
32, 24, 855, 1119, -0.020304258912801743
32, 25, 1127, 1638, 0.09702687710523605
32, 26, 819, 1635, 0.041696902364492416
32, 27, 1107, 2068, 0.4669712781906128
32, 28, 829, 2073, 0.33719316124916077
32, 29, 1105, 2125, 0.48419860005378723
32, 30, 816, 2132, 0.355560839176178
32, 31, 1091, 2215, 0.15762408077716827
32, 32, 884, 2209, -0.012135937809944153
33, 0, 1027, 347, -0.7837895154953003
33, 1, 1051, 299, -0.7542398571968079
33, 2, 1069, 299, -0.7543768286705017
33, 3, 1083, 299, -0.7541390657424927
33, 4, 1001, 299, -0.7664074301719666
33, 5, 981, 298, -0.7665528655052185
33, 6, 962, 298, -0.7669862508773804
33, 7, 1105, 309, -0.4620697796344757
33, 8, 921, 307, -0.5135545134544373
33, 9, 1052, 394, -0.6658728122711182
33, 10, 996, 394, -0.6811299920082092
33, 11, 1228, 544, -0.1997288167476654
33, 12, 771, 533, -0.3148716390132904
33, 13, 1265, 962, -0.3505003750324249
33, 14, 688, 953, -0.542498767375946
33, 15, 1169, 842, -0.8760662078857422
33, 16, 920, 743, -1.0679287910461426
33, 17, 1158, 820, -0.9664012789726257
33, 18, 1011, 721, -1.1670136451721191
33, 19, 1164, 753, -0.9594582319259644
33, 20, 1012, 667, -1.1585181951522827
33, 21, 1158, 748, -0.8825320601463318
33, 22, 992, 672, -1.0707157850265503
33, 23, 1121, 1129, 0.02145656757056713
33, 24, 855, 1120, -0.020192472264170647
33, 25, 1128, 1635, 0.08738275617361069
33, 26, 819, 1632, 0.027181409299373627
33, 27, 1107, 2064, 0.45084482431411743
33, 28, 829, 2070, 0.30791404843330383
33, 29, 1106, 2121, 0.46723708510398865
33, 30, 817, 2130, 0.3246730864048004
33, 31, 1092, 2213, 0.1402827948331833
33, 32, 884, 2206, -0.04371190071105957
34, 0, 1028, 347, -0.7862901091575623
34, 1, 1052, 299, -0.7574683427810669
34, 2, 1070, 299, -0.7576026916503906
34, 3, 1084, 299, -0.7573767304420471
34, 4, 1002, 299, -0.7689669132232666
34, 5, 982, 298, -0.7691195607185364
34, 6, 963, 298, -0.7695271968841553
34, 7, 1107, 309, -0.4681435525417328
34, 8, 923, 307, -0.5168776512145996
34, 9, 1054, 394, -0.6692966818809509
34, 10, 998, 394, -0.6837413907051086
34, 11, 1229, 544, -0.20759707689285278
34, 12, 772, 533, -0.31269681453704834
34, 13, 1264, 963, -0.35368093848228455
34, 14, 691, 953, -0.538516640663147
34, 15, 1170, 849, -0.8902915716171265
34, 16, 920, 742, -1.0613573789596558
34, 17, 1157, 823, -0.9838745594024658
34, 18, 1007, 710, -1.1589412689208984
34, 19, 1165, 756, -0.9841142296791077
34, 20, 1008, 661, -1.152976155281067
34, 21, 1159, 753, -0.9001206755638123
34, 22, 990, 667, -1.06406569480896
34, 23, 1121, 1130, 0.021243641152977943
34, 24, 855, 1121, -0.01998559944331646
34, 25, 1126, 1634, 0.10794758051633835
34, 26, 817, 1631, 0.0252373144030571
34, 27, 1105, 2061, 0.4745594263076782
34, 28, 827, 2065, 0.3037801682949066
34, 29, 1103, 2118, 0.49230363965034485
34, 30, 814, 2125, 0.3203229010105133
34, 31, 1089, 2208, 0.1744253784418106
34, 32, 883, 2200, -0.041141096502542496
35, 0, 1028, 346, -0.6949766278266907
35, 1, 1052, 298, -0.6655934453010559
35, 2, 1071, 297, -0.6657894253730774
35, 3, 1084, 298, -0.6655489802360535
35, 4, 1002, 298, -0.6758730411529541
35, 5, 982, 298, -0.675978422164917
35, 6, 963, 298, -0.6764272451400757
35, 7, 1108, 307, -0.3910784423351288
35, 8, 923, 306, -0.43305355310440063
35, 9, 1054, 392, -0.5852871537208557
35, 10, 998, 392, -0.5978682041168213
35, 11, 1229, 544, -0.1599874645471573
35, 12, 774, 532, -0.25096970796585083
35, 13, 1260, 963, -0.3258748948574066
35, 14, 692, 952, -0.47646698355674744
35, 15, 1166, 851, -0.8622413277626038
35, 16, 922, 736, -0.9757698774337769
35, 17, 1160, 823, -0.9534555673599243
35, 18, 1006, 702, -1.0632132291793823
35, 19, 1166, 757, -0.9503387212753296
35, 20, 1008, 651, -1.05220627784729
35, 21, 1159, 754, -0.8713947534561157
35, 22, 988, 661, -0.9755575060844421
35, 23, 1119, 1130, 0.02108212187886238
35, 24, 855, 1121, -0.019826257601380348
35, 25, 1124, 1634, 0.09828588366508484
35, 26, 815, 1630, 0.025633234530687332
35, 27, 1101, 2060, 0.4595975875854492
35, 28, 823, 2063, 0.2973436117172241
35, 29, 1098, 2118, 0.4763018488883972
35, 30, 809, 2123, 0.31308838725090027
35, 31, 1087, 2205, 0.15759654343128204
35, 32, 882, 2197, -0.04504995420575142
36, 0, 1028, 344, -0.7151742577552795
36, 1, 1052, 297, -0.6859725117683411
36, 2, 1071, 297, -0.6861379146575928
36, 3, 1085, 297, -0.6858848929405212
36, 4, 1002, 298, -0.6963008642196655
36, 5, 982, 298, -0.6963850259780884
36, 6, 963, 298, -0.6968175768852234
36, 7, 1109, 307, -0.4067831337451935
36, 8, 924, 306, -0.4498249590396881
36, 9, 1055, 391, -0.6037548184394836
36, 10, 999, 391, -0.6165590882301331
36, 11, 1230, 544, -0.16394266486167908
36, 12, 775, 533, -0.260496586561203
36, 13, 1260, 963, -0.3301202356815338
36, 14, 693, 952, -0.4866166114807129
36, 15, 1161, 840, -0.8627911806106567
36, 16, 921, 732, -0.9942376017570496
36, 17, 1160, 817, -0.9553288221359253
36, 18, 988, 693, -1.0849024057388306
36, 19, 1165, 748, -0.9528577327728271
36, 20, 986, 642, -1.0752639770507812
36, 21, 1153, 746, -0.8725188374519348
36, 22, 977, 656, -0.9943033456802368
36, 23, 1119, 1131, 0.019463056698441505
36, 24, 854, 1121, -0.01814456470310688
36, 25, 1123, 1633, 0.08924838900566101
36, 26, 813, 1629, 0.028579050675034523
36, 27, 1099, 2059, 0.45471513271331787
36, 28, 820, 2063, 0.3081817328929901
36, 29, 1097, 2116, 0.4704921841621399
36, 30, 807, 2122, 0.32484170794487
36, 31, 1085, 2205, 0.1497926414012909
36, 32, 876, 2197, -0.03754417598247528
37, 0, 1028, 344, -0.7168404459953308
37, 1, 1052, 297, -0.6862900257110596
37, 2, 1070, 296, -0.6864761710166931
37, 3, 1085, 296, -0.6862067580223083
37, 4, 1002, 298, -0.6969209909439087
37, 5, 982, 298, -0.6969910264015198
37, 6, 963, 297, -0.6974267363548279
37, 7, 1109, 306, -0.40448394417762756
37, 8, 924, 306, -0.4480169415473938
37, 9, 1055, 390, -0.6050066351890564
37, 10, 998, 390, -0.6181151270866394
37, 11, 1229, 544, -0.16729752719402313
37, 12, 775, 533, -0.2594124972820282
37, 13, 1261, 963, -0.3335174322128296
37, 14, 695, 949, -0.49197784066200256
37, 15, 1161, 838, -0.8850379586219788
37, 16, 913, 730, -1.015731692314148
37, 17, 1171, 817, -0.9813929796218872
37, 18, 970, 689, -1.1069711446762085
37, 19, 1167, 749, -0.9777441620826721
37, 20, 970, 638, -1.0990703105926514
37, 21, 1153, 746, -0.894775390625
37, 22, 964, 651, -1.0183573961257935
37, 23, 1119, 1131, 0.018157629296183586
37, 24, 854, 1121, -0.016799690201878548
37, 25, 1123, 1632, 0.07936310023069382
37, 26, 813, 1630, 0.04074668139219284
37, 27, 1100, 2060, 0.4500695466995239
37, 28, 820, 2063, 0.33825838565826416
37, 29, 1097, 2117, 0.4659108817577362
37, 30, 806, 2122, 0.35662686824798584
37, 31, 1085, 2205, 0.14505921304225922
37, 32, 875, 2197, -0.008956906385719776
38, 0, 1028, 343, -0.7233927249908447
38, 1, 1052, 297, -0.6928550004959106
38, 2, 1070, 296, -0.6930553317070007
38, 3, 1085, 296, -0.6927899122238159
38, 4, 1002, 298, -0.7034629583358765
38, 5, 982, 298, -0.7035318613052368
38, 6, 964, 297, -0.7039609551429749
38, 7, 1109, 306, -0.4089517891407013
38, 8, 924, 306, -0.45192962884902954
38, 9, 1055, 390, -0.6106493473052979
38, 10, 998, 390, -0.6237218976020813
38, 11, 1229, 545, -0.1677517294883728
38, 12, 776, 532, -0.2583920359611511
38, 13, 1261, 963, -0.3379893898963928
38, 14, 696, 948, -0.494610458612442
38, 15, 1163, 838, -0.9009017944335938
38, 16, 902, 731, -1.058730959892273
38, 17, 1178, 818, -1.0008600950241089
38, 18, 957, 691, -1.1553728580474854
38, 19, 1177, 752, -1.002336859703064
38, 20, 958, 638, -1.1504452228546143
38, 21, 1160, 749, -0.9125949740409851
38, 22, 954, 652, -1.063697338104248
38, 23, 1117, 1132, 0.01548925880342722
38, 24, 854, 1122, -0.014071134850382805
38, 25, 1123, 1633, 0.07377193123102188
38, 26, 812, 1630, 0.056660111993551254
38, 27, 1099, 2060, 0.4474787712097168
38, 28, 819, 2063, 0.364433228969574
38, 29, 1097, 2117, 0.46334773302078247
38, 30, 806, 2122, 0.3839491605758667
38, 31, 1084, 2206, 0.1425418257713318
38, 32, 872, 2198, 0.01697569340467453
39, 0, 1028, 343, -0.724892258644104
39, 1, 1052, 297, -0.6941827535629272
39, 2, 1071, 296, -0.6943896412849426
39, 3, 1085, 296, -0.6941143274307251
39, 4, 1003, 298, -0.7054786086082458
39, 5, 983, 298, -0.7055377960205078
39, 6, 964, 297, -0.7059656381607056
39, 7, 1109, 306, -0.40933600068092346
39, 8, 925, 306, -0.4554101228713989
39, 9, 1056, 390, -0.6120080947875977
39, 10, 999, 390, -0.6259437203407288
39, 11, 1229, 545, -0.16920898854732513
39, 12, 776, 532, -0.262075811624527
39, 13, 1261, 963, -0.33829769492149353
39, 14, 696, 948, -0.5040539503097534
39, 15, 1168, 840, -0.9003331065177917
39, 16, 897, 729, -1.0733201503753662
39, 17, 1182, 819, -1.0002847909927368
39, 18, 953, 686, -1.1691539287567139
39, 19, 1180, 753, -1.0011358261108398
39, 20, 955, 633, -1.1638535261154175
39, 21, 1164, 750, -0.9118347764015198
39, 22, 950, 646, -1.0776935815811157
39, 23, 1117, 1133, 0.01531707402318716
39, 24, 854, 1122, -0.013887153938412666
39, 25, 1125, 1632, 0.06360635161399841
39, 26, 812, 1630, 0.05360477417707443
39, 27, 1100, 2061, 0.4383039176464081
39, 28, 819, 2063, 0.3612721264362335
39, 29, 1097, 2117, 0.45419377088546753
39, 30, 806, 2122, 0.3805540204048157
39, 31, 1084, 2206, 0.12568537890911102
39, 32, 872, 2197, 0.01367911882698536
40, 0, 1029, 344, -0.7614474892616272
40, 1, 1053, 297, -0.7315975427627563
40, 2, 1071, 296, -0.7317781448364258
40, 3, 1085, 296, -0.731531023979187
40, 4, 1003, 298, -0.7440671920776367
40, 5, 983, 298, -0.7441626191139221
40, 6, 965, 298, -0.7445957064628601
40, 7, 1109, 306, -0.4432523548603058
40, 8, 925, 306, -0.4948194921016693
40, 9, 1056, 390, -0.6461869478225708
40, 10, 999, 390, -0.6616738438606262
40, 11, 1230, 545, -0.19242678582668304
40, 12, 776, 532, -0.2944662868976593
40, 13, 1261, 963, -0.34400781989097595
40, 14, 695, 948, -0.5304206013679504
40, 15, 1167, 840, -0.8973773121833801
40, 16, 898, 729, -1.0732572078704834
40, 17, 1182, 815, -0.9974538683891296
40, 18, 954, 686, -1.165753722190857
40, 19, 1179, 753, -0.999058187007904
40, 20, 956, 634, -1.1589634418487549
40, 21, 1162, 750, -0.9087656140327454
40, 22, 951, 648, -1.0757081508636475
40, 23, 1117, 1131, 0.01548288855701685
40, 24, 854, 1123, -0.014078290201723576
40, 25, 1127, 1628, 0.06176793947815895
40, 26, 814, 1627, 0.05250824987888336
40, 27, 1103, 2057, 0.43271416425704956
40, 28, 821, 2061, 0.3463194668292999
40, 29, 1100, 2114, 0.44853541254997253
40, 30, 809, 2120, 0.3643379509449005
40, 31, 1088, 2203, 0.12053703516721725
40, 32, 874, 2194, -0.001808765809983015
41, 0, 1029, 344, -0.7898514270782471
41, 1, 1053, 297, -0.7589835524559021
41, 2, 1071, 296, -0.7591509222984314
41, 3, 1085, 296, -0.7589113116264343
41, 4, 1003, 298, -0.77313232421875
41, 5, 984, 298, -0.7732560038566589
41, 6, 965, 298, -0.7736777663230896
41, 7, 1109, 306, -0.46395787596702576
41, 8, 925, 306, -0.5230890512466431
41, 9, 1057, 391, -0.6717610955238342
41, 10, 1000, 391, -0.689382791519165
41, 11, 1230, 546, -0.20249062776565552
41, 12, 776, 532, -0.3195142447948456
41, 13, 1261, 963, -0.34371063113212585
41, 14, 695, 948, -0.5552584528923035
41, 15, 1167, 840, -0.8964760303497314
41, 16, 900, 730, -1.0958631038665771
41, 17, 1181, 815, -0.99720299243927
41, 18, 954, 687, -1.1880770921707153
41, 19, 1179, 754, -0.9976699352264404
41, 20, 957, 636, -1.181638479232788
41, 21, 1162, 751, -0.9077113270759583
41, 22, 951, 649, -1.0977215766906738
41, 23, 1117, 1129, 0.01653778739273548
41, 24, 854, 1122, -0.015186037868261337
41, 25, 1127, 1626, 0.060604847967624664
41, 26, 815, 1627, 0.04839504510164261
41, 27, 1103, 2055, 0.4265218675136566
41, 28, 823, 2060, 0.3443664014339447
41, 29, 1100, 2112, 0.4420270323753357
41, 30, 810, 2120, 0.3623255491256714
41, 31, 1092, 2201, 0.11561659723520279
41, 32, 878, 2193, -0.0019288747571408749
42, 0, 1030, 344, -0.723700761795044
42, 1, 1053, 297, -0.6955822110176086
42, 2, 1072, 296, -0.6957703828811646
42, 3, 1086, 296, -0.6955099105834961
42, 4, 1004, 298, -0.707006573677063
42, 5, 984, 298, -0.7070891857147217
42, 6, 965, 298, -0.7074792385101318
42, 7, 1109, 306, -0.4199123680591583
42, 8, 925, 306, -0.4664550721645355
42, 9, 1057, 391, -0.6138861775398254
42, 10, 1000, 391, -0.6275274753570557
42, 11, 1230, 546, -0.18817493319511414
42, 12, 776, 532, -0.27541229128837585
42, 13, 1261, 963, -0.34344807267189026
42, 14, 695, 948, -0.5080814957618713
42, 15, 1167, 840, -0.9009007215499878
42, 16, 901, 730, -1.0417358875274658
42, 17, 1181, 816, -1.0009405612945557
42, 18, 956, 688, -1.131951928138733
42, 19, 1179, 754, -1.0013129711151123
42, 20, 958, 636, -1.1245925426483154
42, 21, 1162, 751, -0.912156343460083
42, 22, 952, 650, -1.0435398817062378
42, 23, 1117, 1124, 0.015971478074789047
42, 24, 851, 1118, -0.014630463905632496
42, 25, 1124, 1625, 0.060692690312862396
42, 26, 813, 1625, 0.04804934933781624
42, 27, 1101, 2054, 0.4106960594654083
42, 28, 822, 2057, 0.3412838280200958
42, 29, 1099, 2111, 0.42504653334617615
42, 30, 810, 2115, 0.36003485321998596
42, 31, 1087, 2199, 0.10275662690401077
42, 32, 877, 2192, -0.007517905440181494
43, 0, 1030, 345, -0.7266703844070435
43, 1, 1053, 298, -0.698506236076355
43, 2, 1072, 297, -0.698695182800293
43, 3, 1086, 297, -0.6984488368034363
43, 4, 1004, 298, -0.7095804214477539
43, 5, 984, 298, -0.7096767425537109
43, 6, 965, 298, -0.7100865840911865
43, 7, 1109, 307, -0.42054542899131775
43, 8, 925, 306, -0.4647968113422394
43, 9, 1056, 392, -0.6152876615524292
43, 10, 999, 391, -0.6283960342407227
43, 11, 1230, 546, -0.18285015225410461
43, 12, 776, 532, -0.2742935121059418
43, 13, 1260, 963, -0.34133344888687134
43, 14, 695, 948, -0.5064815282821655
43, 15, 1165, 840, -0.8936142325401306
43, 16, 904, 729, -1.0280119180679321
43, 17, 1180, 812, -0.9894387125968933
43, 18, 957, 686, -1.1167978048324585
43, 19, 1177, 750, -0.9882188439369202
43, 20, 959, 635, -1.107614517211914
43, 21, 1159, 747, -0.9042918086051941
43, 22, 954, 649, -1.0288463830947876
43, 23, 1116, 1123, 0.01742520183324814
43, 24, 848, 1117, -0.016142169013619423
43, 25, 1118, 1625, 0.06819852441549301
43, 26, 809, 1624, 0.04666374251246452
43, 27, 1095, 2053, 0.4186617434024811
43, 28, 817, 2056, 0.337496280670166
43, 29, 1092, 2111, 0.4335140287876129
43, 30, 804, 2114, 0.355693519115448
43, 31, 1083, 2197, 0.11252159625291824
43, 32, 876, 2191, -0.010345744900405407
44, 0, 1029, 346, -0.7482407093048096
44, 1, 1053, 298, -0.7204271554946899
44, 2, 1072, 298, -0.720609724521637
44, 3, 1086, 298, -0.7203981876373291
44, 4, 1004, 299, -0.7308977842330933
44, 5, 984, 298, -0.7310169339179993
44, 6, 965, 298, -0.7314156293869019
44, 7, 1109, 308, -0.43830451369285583
44, 8, 925, 306, -0.4794811010360718
44, 9, 1056, 393, -0.6343700289726257
44, 10, 999, 392, -0.6465104222297668
44, 11, 1230, 546, -0.19121596217155457
44, 12, 776, 532, -0.28043654561042786
44, 13, 1259, 963, -0.3509027063846588
44, 14, 695, 948, -0.5031939744949341
44, 15, 1164, 840, -0.9094339609146118
44, 16, 907, 729, -1.008365273475647
44, 17, 1178, 812, -1.0061672925949097
44, 18, 958, 687, -1.0966051816940308
44, 19, 1176, 748, -1.007076382637024
44, 20, 960, 635, -1.088906168937683
44, 21, 1158, 746, -0.9209827780723572
44, 22, 956, 650, -1.0094140768051147
44, 23, 1116, 1123, 0.017433620989322662
44, 24, 847, 1118, -0.016158105805516243
44, 25, 1114, 1625, 0.08472307026386261
44, 26, 806, 1623, 0.04561801627278328
44, 27, 1090, 2053, 0.45558393001556396
44, 28, 814, 2054, 0.33548036217689514
44, 29, 1086, 2111, 0.47319599986076355
44, 30, 801, 2112, 0.3535521626472473
44, 31, 1078, 2196, 0.15187808871269226
44, 32, 873, 2191, -0.012060916051268578
45, 0, 1030, 346, -0.7751695513725281
45, 1, 1053, 298, -0.7444562315940857
45, 2, 1072, 298, -0.7446015477180481
45, 3, 1086, 298, -0.7443867325782776
45, 4, 1004, 298, -0.7561889886856079
45, 5, 984, 298, -0.7563377022743225
45, 6, 966, 297, -0.7567337155342102
45, 7, 1109, 307, -0.4557625949382782
45, 8, 925, 305, -0.5034263730049133
45, 9, 1056, 393, -0.6594990491867065
45, 10, 999, 391, -0.6736128926277161
45, 11, 1229, 546, -0.20057852566242218
45, 12, 776, 532, -0.3055031895637512
45, 13, 1259, 963, -0.35344067215919495
45, 14, 695, 948, -0.518654465675354
45, 15, 1161, 838, -0.9062889814376831
45, 16, 910, 729, -1.016892671585083
45, 17, 1169, 807, -1.0045874118804932
45, 18, 961, 686, -1.1058881282806396
45, 19, 1170, 743, -1.0067601203918457
45, 20, 963, 635, -1.0976389646530151
45, 21, 1152, 742, -0.9177396297454834
45, 22, 959, 650, -1.017939805984497
45, 23, 1116, 1121, 0.019036712124943733
45, 24, 846, 1116, -0.01783991977572441
45, 25, 1113, 1624, 0.09258144348859787
45, 26, 806, 1623, 0.04251750931143761
45, 27, 1090, 2052, 0.4656037986278534
45, 28, 814, 2053, 0.32698115706443787
45, 29, 1086, 2110, 0.48339223861694336
45, 30, 801, 2111, 0.3438785970211029
45, 31, 1078, 2193, 0.1652345508337021
45, 32, 873, 2189, -0.017805997282266617
46, 0, 1029, 345, -0.7724061608314514
46, 1, 1053, 298, -0.7416138052940369
46, 2, 1072, 298, -0.7417697310447693
46, 3, 1086, 298, -0.7415415048599243
46, 4, 1004, 298, -0.7528001070022583
46, 5, 984, 297, -0.7529337406158447
46, 6, 965, 296, -0.753342866897583
46, 7, 1109, 307, -0.45377880334854126
46, 8, 925, 305, -0.49964526295661926
46, 9, 1056, 392, -0.6575379967689514
46, 10, 998, 390, -0.6709678173065186
46, 11, 1229, 546, -0.20124037563800812
46, 12, 776, 532, -0.303681880235672
46, 13, 1260, 962, -0.3593692481517792
46, 14, 695, 948, -0.5251496434211731
46, 15, 1156, 830, -0.9053124785423279
46, 16, 911, 728, -1.0250450372695923
46, 17, 1168, 808, -1.0016716718673706
46, 18, 961, 685, -1.112917184829712
46, 19, 1157, 730, -1.0038994550704956
46, 20, 963, 633, -1.0997560024261475
46, 21, 1143, 731, -0.9158958792686462
46, 22, 959, 649, -1.024328351020813
46, 23, 1116, 1114, 0.01857171393930912
46, 24, 846, 1113, -0.017363470047712326
46, 25, 1114, 1623, 0.09154067933559418
46, 26, 807, 1621, 0.03945120796561241
46, 27, 1093, 2051, 0.4592721164226532
46, 28, 817, 2051, 0.3236227333545685
46, 29, 1091, 2108, 0.4765295684337616
46, 30, 804, 2109, 0.34038564562797546
46, 31, 1080, 2193, 0.1560792475938797
46, 32, 875, 2188, -0.025393139570951462
47, 0, 1029, 344, -0.770823061466217
47, 1, 1053, 298, -0.7393501996994019
47, 2, 1072, 297, -0.7395143508911133
47, 3, 1086, 298, -0.7392744421958923
47, 4, 1003, 297, -0.7506599426269531
47, 5, 984, 296, -0.7507849931716919
47, 6, 965, 295, -0.7511948347091675
47, 7, 1109, 307, -0.4523824155330658
47, 8, 925, 304, -0.4977817237377167
47, 9, 1056, 392, -0.6553669571876526
47, 10, 996, 389, -0.6690652370452881
47, 11, 1229, 546, -0.2010667324066162
47, 12, 776, 532, -0.3016274571418762
47, 13, 1261, 957, -0.358552485704422
47, 14, 695, 948, -0.5298784971237183
47, 15, 1156, 834, -0.9048828482627869
47, 16, 911, 727, -1.0591357946395874
47, 17, 1168, 818, -1.001930594444275
47, 18, 962, 685, -1.1538827419281006
47, 19, 1158, 738, -1.0040231943130493
47, 20, 964, 633, -1.1449979543685913
47, 21, 1144, 737, -0.916084349155426
47, 22, 959, 648, -1.0606766939163208
47, 23, 1116, 1108, 0.018551917746663094
47, 24, 846, 1110, -0.017343072220683098
47, 25, 1116, 1621, 0.09099188446998596
47, 26, 810, 1619, 0.039943937212228775
47, 27, 1095, 2047, 0.4701797664165497
47, 28, 819, 2049, 0.32752546668052673
47, 29, 1092, 2105, 0.4881763160228729
47, 30, 806, 2107, 0.34458884596824646
47, 31, 1083, 2189, 0.16437387466430664
47, 32, 877, 2184, -0.022328633815050125
48, 0, 1028, 344, -0.769008457660675
48, 1, 1053, 297, -0.7376490235328674
48, 2, 1071, 297, -0.7378155589103699
48, 3, 1086, 298, -0.7375738620758057
48, 4, 1003, 297, -0.7489938139915466
48, 5, 983, 296, -0.7491137385368347
48, 6, 965, 295, -0.7495230436325073
48, 7, 1109, 307, -0.45185601711273193
48, 8, 925, 303, -0.4917314350605011
48, 9, 1055, 392, -0.6535940766334534
48, 10, 994, 388, -0.6674457788467407
48, 11, 1229, 545, -0.19803018867969513
48, 12, 776, 533, -0.2986149191856384
48, 13, 1261, 953, -0.35702359676361084
48, 14, 694, 947, -0.5288649797439575
48, 15, 1153, 833, -0.9048234820365906
48, 16, 911, 727, -1.0576030015945435
48, 17, 1163, 816, -1.001425862312317
48, 18, 965, 687, -1.150742769241333
48, 19, 1157, 739, -1.002130389213562
48, 20, 966, 635, -1.1428248882293701
48, 21, 1138, 737, -0.9157621264457703
48, 22, 961, 649, -1.0595651865005493
48, 23, 1116, 1109, 0.01854037679731846
48, 24, 847, 1110, -0.01732972264289856
48, 25, 1117, 1620, 0.09155551344156265
48, 26, 814, 1618, 0.04066654294729233
48, 27, 1097, 2044, 0.47297292947769165
48, 28, 823, 2048, 0.3296058773994446
48, 29, 1094, 2102, 0.49101579189300537
48, 30, 809, 2106, 0.34670290350914
48, 31, 1086, 2185, 0.16643765568733215
48, 32, 883, 2182, -0.019316483289003372
49, 0, 1028, 344, -0.767754852771759
49, 1, 1053, 297, -0.7351042628288269
49, 2, 1071, 297, -0.7352768182754517
49, 3, 1086, 298, -0.7350406050682068
49, 4, 1003, 296, -0.7464872598648071
49, 5, 983, 295, -0.7466345429420471
49, 6, 965, 294, -0.7470501065254211
49, 7, 1109, 307, -0.44492107629776
49, 8, 925, 302, -0.4869247078895569
49, 9, 1055, 391, -0.6512199640274048
49, 10, 993, 388, -0.6650870442390442
49, 11, 1229, 545, -0.19104520976543427
49, 12, 776, 533, -0.29308488965034485
49, 13, 1260, 953, -0.35073497891426086
49, 14, 694, 947, -0.5168548226356506
49, 15, 1153, 837, -0.9038714170455933
49, 16, 911, 727, -1.0345793962478638
49, 17, 1162, 816, -1.0009617805480957
49, 18, 966, 688, -1.126672387123108
49, 19, 1157, 742, -1.0015532970428467
49, 20, 968, 638, -1.1189353466033936
49, 21, 1138, 738, -0.9152589440345764
49, 22, 962, 651, -1.0359598398208618
49, 23, 1116, 1110, 0.01938263140618801
49, 24, 846, 1110, -0.018191184848546982
49, 25, 1117, 1619, 0.09069980680942535
49, 26, 815, 1617, 0.03792059049010277
49, 27, 1098, 2042, 0.468352347612381
49, 28, 826, 2046, 0.31920623779296875
49, 29, 1096, 2101, 0.48599979281425476
49, 30, 811, 2106, 0.33512911200523376
49, 31, 1089, 2182, 0.16234652698040009
49, 32, 890, 2180, -0.025950806215405464
50, 0, 1027, 343, -0.7848494648933411
50, 1, 1053, 297, -0.7520643472671509
50, 2, 1071, 297, -0.7522085309028625
50, 3, 1085, 297, -0.7519697546958923
50, 4, 1003, 296, -0.76319819688797
50, 5, 983, 295, -0.7633551359176636
50, 6, 965, 294, -0.7637632489204407
50, 7, 1109, 307, -0.4567427933216095
50, 8, 925, 302, -0.500648021697998
50, 9, 1054, 391, -0.6669259667396545
50, 10, 993, 388, -0.6804406046867371
50, 11, 1229, 546, -0.1978098452091217
50, 12, 776, 533, -0.30361300706863403
50, 13, 1261, 953, -0.3528631627559662
50, 14, 692, 947, -0.5312557816505432
50, 15, 1153, 840, -0.9067654013633728
50, 16, 910, 727, -1.0549628734588623
50, 17, 1162, 816, -1.0031729936599731
50, 18, 966, 688, -1.148342490196228
50, 19, 1158, 744, -1.0042623281478882
50, 20, 969, 638, -1.1391854286193848
50, 21, 1139, 742, -0.9182847738265991
50, 22, 962, 651, -1.0557631254196167
50, 23, 1116, 1111, 0.01969815418124199
50, 24, 846, 1111, -0.018518541008234024
50, 25, 1117, 1618, 0.09638874232769012
50, 26, 816, 1617, 0.03793652728199959
50, 27, 1098, 2041, 0.4771510064601898
50, 28, 827, 2046, 0.3205512762069702
50, 29, 1096, 2100, 0.4954046607017517
50, 30, 812, 2105, 0.3366835415363312
50, 31, 1089, 2181, 0.17461423575878143
50, 32, 891, 2180, -0.023996032774448395
51, 0, 1027, 342, -0.7817254662513733
51, 1, 1053, 296, -0.744945764541626
51, 2, 1071, 296, -0.7450351119041443
51, 3, 1085, 297, -0.7447580695152283
51, 4, 1003, 296, -0.7580506205558777
51, 5, 983, 295, -0.7582294940948486
51, 6, 965, 294, -0.758669912815094
51, 7, 1109, 307, -0.44550377130508423
51, 8, 925, 302, -0.4968946874141693
51, 9, 1055, 390, -0.6624752879142761
51, 10, 993, 387, -0.6783409714698792
51, 11, 1229, 546, -0.1838761419057846
51, 12, 776, 533, -0.3048432469367981
51, 13, 1257, 953, -0.3472847640514374
51, 14, 690, 947, -0.5324888825416565
51, 15, 1153, 825, -0.9055445194244385
51, 16, 911, 727, -1.034893274307251
51, 17, 1165, 806, -1.0015766620635986
51, 18, 966, 688, -1.1234065294265747
51, 19, 1158, 740, -1.00105881690979
51, 20, 969, 638, -1.114821195602417
51, 21, 1138, 735, -0.9173325896263123
51, 22, 962, 651, -1.0351320505142212
51, 23, 1116, 1111, 0.02474871836602688
51, 24, 846, 1111, -0.023543886840343475
51, 25, 1117, 1618, 0.0980052500963211
51, 26, 817, 1617, 0.032156702131032944
51, 27, 1099, 2041, 0.477019727230072
51, 28, 827, 2046, 0.3150595724582672
51, 29, 1096, 2100, 0.49495139718055725
51, 30, 811, 2105, 0.33090394735336304
51, 31, 1091, 2179, 0.17455536127090454
51, 32, 893, 2179, -0.03092818520963192
52, 0, 1027, 342, -0.8059167265892029
52, 1, 1053, 296, -0.7719738483428955
52, 2, 1071, 296, -0.7721003890037537
52, 3, 1085, 297, -0.7718423008918762
52, 4, 1003, 296, -0.7829309701919556
52, 5, 983, 295, -0.7830499410629272
52, 6, 965, 294, -0.7834662795066833
52, 7, 1109, 307, -0.4717448949813843
52, 8, 925, 303, -0.5156046152114868
52, 9, 1055, 390, -0.6866646409034729
52, 10, 994, 388, -0.6998276114463806
52, 11, 1229, 548, -0.2085522562265396
52, 12, 776, 533, -0.3133033514022827
52, 13, 1258, 958, -0.36300408840179443
52, 14, 685, 948, -0.5425488352775574
52, 15, 1157, 830, -0.925645112991333
52, 16, 907, 727, -1.065107822418213
52, 17, 1167, 810, -1.0226110219955444
52, 18, 964, 689, -1.1565834283828735
52, 19, 1163, 747, -1.023715615272522
52, 20, 968, 639, -1.1460399627685547
52, 21, 1146, 742, -0.9374732971191406
52, 22, 961, 652, -1.0652527809143066
52, 23, 1117, 1111, 0.02270413376390934
52, 24, 846, 1112, -0.021470416337251663
52, 25, 1118, 1619, 0.09770019352436066
52, 26, 817, 1619, 0.042527731508016586
52, 27, 1099, 2042, 0.4785500466823578
52, 28, 826, 2047, 0.3422778248786926
52, 29, 1096, 2101, 0.4970347285270691
52, 30, 811, 2106, 0.36055830121040344
52, 31, 1091, 2180, 0.17238159477710724
52, 32, 891, 2181, -0.008227665908634663
53, 0, 1025, 342, -0.8404266834259033
53, 1, 1051, 296, -0.8079031109809875
53, 2, 1070, 296, -0.8080183863639832
53, 3, 1085, 296, -0.807778537273407
53, 4, 1000, 295, -0.8158111572265625
53, 5, 980, 295, -0.8158887028694153
53, 6, 962, 294, -0.8162582516670227
53, 7, 1109, 307, -0.5070922374725342
53, 8, 924, 303, -0.5369574427604675
53, 9, 1054, 390, -0.7219943404197693
53, 10, 991, 388, -0.7309180498123169
53, 11, 1229, 551, -0.24862496554851532
53, 12, 775, 534, -0.3282932639122009
53, 13, 1259, 963, -0.41134530305862427
53, 14, 676, 953, -0.5700923204421997
53, 15, 1164, 849, -0.9869555830955505
53, 16, 897, 732, -1.1313306093215942
53, 17, 1169, 831, -1.0890157222747803
53, 18, 953, 694, -1.2317016124725342
53, 19, 1173, 775, -1.0958142280578613
53, 20, 957, 644, -1.2196797132492065
53, 21, 1153, 766, -1.0020413398742676
53, 22, 951, 656, -1.1323968172073364
53, 23, 1117, 1118, 0.01238370779901743
53, 24, 846, 1116, -0.010944793932139874
53, 25, 1119, 1628, 0.09702175110578537
53, 26, 816, 1625, 0.07518751174211502
53, 27, 1099, 2052, 0.49396589398384094
53, 28, 824, 2052, 0.41391265392303467
53, 29, 1096, 2110, 0.5133050084114075
53, 30, 811, 2109, 0.43629947304725647
53, 31, 1083, 2193, 0.17149649560451508
53, 32, 879, 2194, 0.04932643845677376
54, 0, 1024, 341, -0.8610493540763855
54, 1, 1050, 295, -0.8274326324462891
54, 2, 1069, 295, -0.8275435566902161
54, 3, 1085, 296, -0.8272654414176941
54, 4, 999, 294, -0.8328651785850525
54, 5, 979, 293, -0.832855761051178
54, 6, 961, 293, -0.8331779837608337
54, 7, 1109, 307, -0.5205836296081543
54, 8, 923, 302, -0.5405780673027039
54, 9, 1053, 390, -0.7405815720558167
54, 10, 990, 387, -0.7466291785240173
54, 11, 1229, 553, -0.26570525765419006
54, 12, 774, 536, -0.32308515906333923
54, 13, 1271, 964, -0.41545772552490234
54, 14, 664, 954, -0.56093430519104
54, 15, 1168, 886, -0.9889194369316101
54, 16, 881, 756, -1.1652252674102783
54, 17, 1170, 869, -1.0957961082458496
54, 18, 941, 729, -1.2749457359313965
54, 19, 1176, 814, -1.1055665016174316
54, 20, 946, 669, -1.2669353485107422
54, 21, 1161, 809, -1.0040316581726074
54, 22, 935, 673, -1.1695613861083984
54, 23, 1119, 1126, -0.003595187561586499
54, 24, 846, 1124, 0.005291242618113756
54, 25, 1121, 1634, 0.08541836589574814
54, 26, 817, 1633, 0.10193894803524017
54, 27, 1099, 2056, 0.4916657507419586
54, 28, 823, 2058, 0.44778090715408325
54, 29, 1096, 2113, 0.5110622048377991
54, 30, 810, 2115, 0.4714447259902954
54, 31, 1078, 2201, 0.16976192593574524
54, 32, 870, 2202, 0.08538336306810379
55, 0, 1020, 341, -0.8959370851516724
55, 1, 1047, 294, -0.8598935008049011
55, 2, 1065, 294, -0.8599888682365417
55, 3, 1082, 295, -0.8597418665885925
55, 4, 995, 294, -0.8637091517448425
55, 5, 975, 293, -0.8636473417282104
55, 6, 957, 293, -0.8639386296272278
55, 7, 1108, 307, -0.5489428043365479
55, 8, 922, 303, -0.5614442229270935
55, 9, 1051, 389, -0.774925172328949
55, 10, 987, 387, -0.779064953327179
55, 11, 1229, 556, -0.2899436056613922
55, 12, 774, 539, -0.3325168490409851
55, 13, 1289, 959, -0.3871544301509857
55, 14, 653, 954, -0.562234103679657
55, 15, 1192, 925, -0.8590013384819031
55, 16, 863, 785, -1.1822234392166138
55, 17, 1174, 928, -0.9614771008491516
55, 18, 924, 783, -1.2996348142623901
55, 19, 1177, 870, -0.9882748126983643
55, 20, 939, 712, -1.2989153861999512
55, 21, 1168, 862, -0.8781375885009766
55, 22, 926, 707, -1.1902846097946167
55, 23, 1119, 1133, -0.010412531904876232
55, 24, 848, 1127, 0.012073870748281479
55, 25, 1125, 1636, 0.09493505954742432
55, 26, 820, 1634, 0.11663281172513962
55, 27, 1101, 2056, 0.5275938510894775
55, 28, 824, 2058, 0.4767042398452759
55, 29, 1098, 2112, 0.5491803288459778
55, 30, 815, 2115, 0.5026207566261292
55, 31, 1078, 2201, 0.20102016627788544
55, 32, 870, 2202, 0.12068425118923187
56, 0, 1017, 341, -0.9032251834869385
56, 1, 1044, 294, -0.8657273650169373
56, 2, 1061, 294, -0.8658115267753601
56, 3, 1080, 294, -0.8655931353569031
56, 4, 991, 294, -0.8687875270843506
56, 5, 971, 293, -0.8687074184417725
56, 6, 954, 293, -0.8689793944358826
56, 7, 1106, 307, -0.5499048829078674
56, 8, 922, 303, -0.559280514717102
56, 9, 1050, 389, -0.7801847457885742
56, 10, 984, 388, -0.7832319140434265
56, 11, 1229, 557, -0.27902281284332275
56, 12, 775, 542, -0.3276827931404114
56, 13, 1317, 936, -0.2753444015979767
56, 14, 642, 954, -0.4931013286113739
56, 15, 1226, 976, -0.6867619752883911
56, 16, 837, 826, -1.0913395881652832
56, 17, 1179, 997, -0.782496452331543
56, 18, 904, 834, -1.224470853805542
56, 19, 1177, 937, -0.8180565237998962
56, 20, 924, 768, -1.2695353031158447
56, 21, 1180, 922, -0.7077654004096985
56, 22, 910, 754, -1.1083039045333862
56, 23, 1118, 1150, -0.011298692785203457
56, 24, 852, 1135, 0.013013587333261967
56, 25, 1128, 1648, 0.09544386714696884
56, 26, 821, 1642, 0.10235390067100525
56, 27, 1101, 2063, 0.5603536367416382
56, 28, 824, 2061, 0.46502771973609924
56, 29, 1099, 2118, 0.5849050879478455
56, 30, 815, 2118, 0.49144795536994934
56, 31, 1076, 2208, 0.23383982479572296
56, 32, 868, 2204, 0.10528801381587982
57, 0, 1017, 340, -0.7807868719100952
57, 1, 1043, 293, -0.7378712296485901
57, 2, 1060, 293, -0.738095223903656
57, 3, 1078, 293, -0.7377692461013794
57, 4, 990, 292, -0.7448177337646484
57, 5, 971, 291, -0.7448528409004211
57, 6, 953, 291, -0.7452901005744934
57, 7, 1105, 307, -0.4283050298690796
57, 8, 922, 303, -0.4560745358467102
57, 9, 1049, 389, -0.6613048315048218
57, 10, 984, 387, -0.6701027154922485
57, 11, 1229, 563, -0.17365342378616333
57, 12, 775, 545, -0.25059765577316284
57, 13, 1320, 917, -0.181486114859581
57, 14, 629, 946, -0.3732174336910248
57, 15, 1250, 998, -0.6220709681510925
57, 16, 807, 874, -0.8887496590614319
57, 17, 1201, 1029, -0.7190611958503723
57, 18, 878, 907, -0.999047577381134
57, 19, 1187, 977, -0.7548285722732544
57, 20, 904, 844, -1.014453649520874
57, 21, 1195, 959, -0.6452106237411499
57, 22, 890, 824, -0.9012404084205627
57, 23, 1127, 1181, -0.008254649117588997
57, 24, 852, 1138, 0.009845654480159283
57, 25, 1128, 1649, 0.014110279269516468
57, 26, 821, 1642, 0.05185168981552124
57, 27, 1097, 2073, 0.3879128694534302
57, 28, 816, 2067, 0.3651709258556366
57, 29, 1095, 2133, 0.40300142765045166
57, 30, 808, 2130, 0.3840998709201813
57, 31, 1063, 2213, 0.06032240390777588
57, 32, 848, 2204, 0.014596990309655666
58, 0, 1016, 338, -0.7663557529449463
58, 1, 1043, 291, -0.7223581671714783
58, 2, 1058, 291, -0.7225933074951172
58, 3, 1077, 292, -0.7222894430160522
58, 4, 990, 290, -0.7267478704452515
58, 5, 970, 289, -0.7266913652420044
58, 6, 953, 289, -0.7271663546562195
58, 7, 1101, 307, -0.4168454706668854
58, 8, 922, 303, -0.42915743589401245
58, 9, 1048, 387, -0.6505036950111389
58, 10, 984, 386, -0.655186116695404
58, 11, 1230, 564, -0.1896311491727829
58, 12, 773, 551, -0.2382490336894989
58, 13, 1321, 911, -0.20540253818035126
58, 14, 620, 939, -0.3690875470638275
58, 15, 1256, 1020, -0.6056448817253113
58, 16, 794, 922, -0.8959326148033142
58, 17, 1222, 1095, -0.7046083807945251
58, 18, 868, 972, -1.0130541324615479
58, 19, 1198, 1031, -0.7404654622077942
58, 20, 896, 916, -1.0325901508331299
58, 21, 1202, 1004, -0.6295947432518005
58, 22, 883, 893, -0.9128516912460327
58, 23, 1125, 1179, -0.01707795262336731
58, 24, 851, 1158, 0.019149653613567352
58, 25, 1132, 1675, 0.048938579857349396
58, 26, 820, 1665, 0.07483473420143127
58, 27, 1100, 2095, 0.5347979664802551
58, 28, 813, 2086, 0.455670565366745
58, 29, 1098, 2155, 0.5597096085548401
58, 30, 807, 2150, 0.48422399163246155
58, 31, 1064, 2244, 0.20178991556167603
58, 32, 850, 2225, 0.09681054949760437
59, 0, 1016, 338, -0.7270890474319458
59, 1, 1042, 291, -0.688679575920105
59, 2, 1057, 290, -0.6889113783836365
59, 3, 1076, 291, -0.6887102127075195
59, 4, 989, 290, -0.6937552094459534
59, 5, 969, 289, -0.6938340663909912
59, 6, 952, 289, -0.6943760514259338
59, 7, 1100, 307, -0.40450039505958557
59, 8, 921, 305, -0.4222371280193329
59, 9, 1048, 387, -0.6180325746536255
59, 10, 984, 387, -0.6239086985588074
59, 11, 1232, 569, -0.19741566479206085
59, 12, 772, 554, -0.24018387496471405
59, 13, 1325, 909, -0.25176021456718445
59, 14, 626, 917, -0.355135053396225
59, 15, 1268, 1034, -0.7140686511993408
59, 16, 781, 970, -0.8459863662719727
59, 17, 1244, 1117, -0.8141068816184998
59, 18, 831, 1031, -0.9599963426589966
59, 19, 1203, 1080, -0.8159220814704895
59, 20, 880, 993, -0.9933456778526306
59, 21, 1203, 1052, -0.7348712682723999
59, 22, 872, 967, -0.8682928681373596
59, 23, 1155, 1196, -0.01597478799521923
59, 24, 851, 1191, 0.017947087064385414
59, 25, 1152, 1674, 0.05621792748570442
59, 26, 833, 1666, 0.07218069583177567
59, 27, 1133, 2101, 0.47020143270492554
59, 28, 828, 2095, 0.37583667039871216
59, 29, 1135, 2162, 0.4902876615524292
59, 30, 825, 2161, 0.39348873496055603
59, 31, 1086, 2250, 0.15059134364128113
59, 32, 867, 2231, 0.03543279320001602
60, 0, 1016, 334, -0.826058566570282
60, 1, 1041, 285, -0.7825592756271362
60, 2, 1056, 285, -0.7827842235565186
60, 3, 1075, 286, -0.7827469706535339
60, 4, 988, 286, -0.7868149280548096
60, 5, 968, 286, -0.7870861291885376
60, 6, 951, 288, -0.7876671552658081
60, 7, 1100, 306, -0.4954628050327301
60, 8, 920, 305, -0.5108942985534668
60, 9, 1048, 383, -0.7161224484443665
60, 10, 983, 383, -0.7215702533721924
60, 11, 1235, 579, -0.29348787665367126
60, 12, 771, 556, -0.29027992486953735
60, 13, 1325, 912, -0.304893434047699
60, 14, 629, 908, -0.35734736919403076
60, 15, 1255, 1087, -0.6959549188613892
60, 16, 771, 1031, -0.7860661149024963
60, 17, 1243, 1199, -0.7907891869544983
60, 18, 802, 1110, -0.889718234539032
60, 19, 1187, 1126, -0.8224114179611206
60, 20, 853, 1079, -0.9231091141700745
60, 21, 1167, 1081, -0.7187575101852417
60, 22, 850, 1052, -0.8074720501899719
60, 23, 1153, 1208, -0.02356274239718914
60, 24, 850, 1200, 0.025399144738912582
60, 25, 1143, 1671, -0.03704317286610603
60, 26, 821, 1649, -0.08441946655511856
60, 27, 1130, 2106, 0.3373653292655945
60, 28, 823, 2095, 0.19698044657707214
60, 29, 1130, 2170, 0.353249192237854
60, 30, 824, 2165, 0.21178412437438965
60, 31, 1080, 2254, 0.001719665597192943
60, 32, 852, 2233, -0.15793205797672272
61, 0, 1015, 331, -0.7486494183540344
61, 1, 1041, 282, -0.7116298079490662
61, 2, 1055, 282, -0.7118874788284302
61, 3, 1074, 283, -0.7119759917259216
61, 4, 987, 284, -0.7156464457511902
61, 5, 968, 284, -0.7157723307609558
61, 6, 951, 285, -0.7163112163543701
61, 7, 1100, 306, -0.44383373856544495
61, 8, 920, 305, -0.454875111579895
61, 9, 1048, 381, -0.6449841856956482
61, 10, 981, 380, -0.6489542722702026
61, 11, 1235, 582, -0.25904110074043274
61, 12, 770, 556, -0.2641153931617737
61, 13, 1323, 914, -0.14256304502487183
61, 14, 631, 895, -0.23253841698169708
61, 15, 1270, 1131, -0.4171513617038727
61, 16, 726, 1061, -0.5561681389808655
61, 17, 1271, 1254, -0.4950140714645386
61, 18, 748, 1172, -0.6441435217857361
61, 19, 1218, 1186, -0.550906777381897
61, 20, 787, 1122, -0.6955121159553528
61, 21, 1203, 1138, -0.44796833395957947
61, 22, 793, 1087, -0.5832260847091675
61, 23, 1139, 1231, -0.023594822734594345
61, 24, 829, 1215, 0.02525944635272026
61, 25, 1118, 1701, -0.031058961525559425
61, 26, 805, 1673, 0.04441368952393532
61, 27, 1103, 2126, 0.5078150629997253
61, 28, 795, 2112, 0.4466184377670288
61, 29, 1105, 2188, 0.538004994392395
61, 30, 792, 2181, 0.47646719217300415
61, 31, 1046, 2278, 0.20782941579818726
61, 32, 824, 2253, 0.1148507371544838
62, 0, 1013, 327, -0.7039970755577087
62, 1, 1039, 279, -0.6702216267585754
62, 2, 1054, 280, -0.6704713702201843
62, 3, 1072, 280, -0.670579731464386
62, 4, 985, 281, -0.6749514937400818
62, 5, 967, 282, -0.6748942732810974
62, 6, 950, 284, -0.6753823161125183
62, 7, 1099, 305, -0.4093243479728699
62, 8, 920, 305, -0.4197559952735901
62, 9, 1047, 377, -0.6038105487823486
62, 10, 979, 377, -0.6073309183120728
62, 11, 1236, 581, -0.25428715348243713
62, 12, 770, 556, -0.2472061812877655
62, 13, 1325, 907, -0.14803288877010345
62, 14, 631, 882, -0.1577843725681305
62, 15, 1283, 1119, -0.4289734661579132
62, 16, 696, 1086, -0.4224703013896942
62, 17, 1283, 1245, -0.5131077170372009
62, 18, 697, 1194, -0.5004428625106812
62, 19, 1246, 1218, -0.5707617402076721
62, 20, 733, 1156, -0.5632051229476929
62, 21, 1221, 1122, -0.461657851934433
62, 22, 755, 1098, -0.45328253507614136
62, 23, 1142, 1226, -0.028285345062613487
62, 24, 830, 1218, 0.029896248131990433
62, 25, 1123, 1701, 0.04637457802891731
62, 26, 806, 1692, 0.14115896821022034
62, 27, 1108, 2134, 0.5424448847770691
62, 28, 797, 2131, 0.5486668348312378
62, 29, 1111, 2195, 0.5705031156539917
62, 30, 793, 2198, 0.5802865624427795
62, 31, 1046, 2287, 0.23023445904254913
62, 32, 830, 2271, 0.20523826777935028
63, 0, 1009, 325, -0.6501600742340088
63, 1, 1036, 278, -0.6185550689697266
63, 2, 1052, 278, -0.6187350749969482
63, 3, 1069, 279, -0.6188957095146179
63, 4, 982, 280, -0.6203819513320923
63, 5, 964, 281, -0.6202602386474609
63, 6, 948, 283, -0.620673418045044
63, 7, 1098, 305, -0.36760714650154114
63, 8, 919, 305, -0.3659604489803314
63, 9, 1046, 374, -0.5531836152076721
63, 10, 975, 374, -0.5529411435127258
63, 11, 1236, 581, -0.20511746406555176
63, 12, 770, 556, -0.20030218362808228
63, 13, 1325, 909, -0.10791371017694473
63, 14, 632, 872, -0.08992420136928558
63, 15, 1297, 1172, -0.35615724325180054
63, 16, 676, 1109, -0.3010464310646057
63, 17, 1303, 1273, -0.4254123866558075
63, 18, 662, 1207, -0.3664006292819977
63, 19, 1271, 1257, -0.48360756039619446
63, 20, 704, 1167, -0.4249665439128876
63, 21, 1227, 1152, -0.38782623410224915
63, 22, 725, 1122, -0.32948294281959534
63, 23, 1141, 1218, -0.02866681106388569
63, 24, 828, 1226, 0.030246678739786148
63, 25, 1117, 1722, 0.039570268243551254
63, 26, 804, 1714, 0.1373424082994461
63, 27, 1098, 2161, 0.4905599057674408
63, 28, 789, 2162, 0.4581671357154846
63, 29, 1102, 2223, 0.5169215202331543
63, 30, 786, 2229, 0.48070600628852844
63, 31, 1038, 2313, 0.18462978303432465
63, 32, 816, 2305, 0.10857894271612167
64, 0, 1008, 325, -0.741704523563385
64, 1, 1036, 278, -0.7155406475067139
64, 2, 1052, 278, -0.7157339453697205
64, 3, 1068, 278, -0.7161263823509216
64, 4, 981, 280, -0.7154443860054016
64, 5, 963, 281, -0.71516352891922
64, 6, 946, 283, -0.7155711054801941
64, 7, 1097, 305, -0.46736007928848267
64, 8, 918, 305, -0.4560149312019348
64, 9, 1046, 374, -0.6462565064430237
64, 10, 974, 374, -0.6424267888069153
64, 11, 1237, 581, -0.29632145166397095
64, 12, 769, 558, -0.26797497272491455
64, 13, 1324, 918, -0.16545559465885162
64, 14, 635, 879, -0.1725718379020691
64, 15, 1303, 1186, -0.4121706187725067
64, 16, 660, 1167, -0.41244637966156006
64, 17, 1324, 1321, -0.483011931180954
64, 18, 642, 1266, -0.47850218415260315
64, 19, 1286, 1316, -0.5374410152435303
64, 20, 693, 1241, -0.5458389520645142
64, 21, 1264, 1269, -0.44212228059768677
64, 22, 701, 1203, -0.4449908435344696
64, 23, 1141, 1228, -0.04752299562096596
64, 24, 829, 1230, 0.04943560063838959
64, 25, 1118, 1744, 0.026025112718343735
64, 26, 801, 1741, 0.1802046000957489
64, 27, 1098, 2186, 0.4926356375217438
64, 28, 788, 2189, 0.5985128879547119
64, 29, 1102, 2250, 0.5200474262237549
64, 30, 786, 2260, 0.6307526230812073
64, 31, 1041, 2345, 0.1835130900144577
64, 32, 816, 2332, 0.24438342452049255
65, 0, 1005, 324, -0.8002859354019165
65, 1, 1035, 277, -0.7721039652824402
65, 2, 1051, 278, -0.7723073959350586
65, 3, 1067, 278, -0.7725698351860046
65, 4, 978, 280, -0.7737529277801514
65, 5, 960, 281, -0.7736856341362
65, 6, 943, 282, -0.7741175889968872
65, 7, 1096, 305, -0.5172885656356812
65, 8, 917, 305, -0.5128188133239746
65, 9, 1044, 374, -0.7011740207672119
65, 10, 970, 374, -0.7001186609268188
65, 11, 1236, 581, -0.3359736204147339
65, 12, 768, 561, -0.31644561886787415
65, 13, 1323, 924, -0.21635428071022034
65, 14, 640, 882, -0.21647481620311737
65, 15, 1303, 1197, -0.4589371383190155
65, 16, 667, 1195, -0.4717291295528412
65, 17, 1322, 1342, -0.5343796610832214
65, 18, 662, 1297, -0.5407240986824036
65, 19, 1283, 1337, -0.5886802077293396
65, 20, 708, 1280, -0.6103000044822693
65, 21, 1263, 1296, -0.4889804720878601
65, 22, 723, 1224, -0.5049964189529419
65, 23, 1141, 1232, -0.052004750818014145
65, 24, 833, 1228, 0.05377050116658211
65, 25, 1118, 1757, 0.014988189563155174
65, 26, 801, 1750, 0.14476162195205688
65, 27, 1098, 2205, 0.48302608728408813
65, 28, 787, 2203, 0.5257137417793274
65, 29, 1101, 2269, 0.5102536082267761
65, 30, 785, 2274, 0.5533972382545471
65, 31, 1042, 2363, 0.15712475776672363
65, 32, 815, 2347, 0.17098365724086761
66, 0, 1004, 324, -0.7975539565086365
66, 1, 1034, 277, -0.7684400081634521
66, 2, 1050, 278, -0.7686431407928467
66, 3, 1065, 278, -0.7688452005386353
66, 4, 977, 280, -0.770962655544281
66, 5, 960, 281, -0.7709094285964966
66, 6, 943, 282, -0.7713416814804077
66, 7, 1095, 305, -0.5094740986824036
66, 8, 916, 305, -0.5089033842086792
66, 9, 1043, 374, -0.6963035464286804
66, 10, 969, 374, -0.6966859102249146
66, 11, 1236, 581, -0.321073055267334
66, 12, 767, 561, -0.31286752223968506
66, 13, 1322, 925, -0.21682876348495483
66, 14, 645, 886, -0.21050627529621124
66, 15, 1302, 1176, -0.4388018250465393
66, 16, 673, 1157, -0.4725605547428131
66, 17, 1324, 1290, -0.5151476860046387
66, 18, 669, 1261, -0.5441953539848328
66, 19, 1282, 1305, -0.5696398615837097
66, 20, 707, 1237, -0.6156851649284363
66, 21, 1253, 1220, -0.46958646178245544
66, 22, 717, 1198, -0.5069681406021118
66, 23, 1139, 1227, -0.05451977998018265
66, 24, 840, 1230, 0.05636473000049591
66, 25, 1118, 1751, 0.0059965988621115685
66, 26, 801, 1744, 0.14799267053604126
66, 27, 1099, 2199, 0.46491870284080505
66, 28, 788, 2196, 0.5379277467727661
66, 29, 1102, 2263, 0.4903096854686737
66, 30, 786, 2266, 0.567007303237915
66, 31, 1043, 2355, 0.13178350031375885
66, 32, 818, 2337, 0.18166914582252502
67, 0, 1003, 324, -0.7812824249267578
67, 1, 1033, 277, -0.7534839510917664
67, 2, 1049, 277, -0.7537247538566589
67, 3, 1064, 277, -0.7540257573127747
67, 4, 977, 279, -0.7561391592025757
67, 5, 959, 280, -0.7560556530952454
67, 6, 942, 282, -0.7565166354179382
67, 7, 1094, 304, -0.5067175030708313
67, 8, 916, 305, -0.5027916431427002
67, 9, 1042, 373, -0.6827113628387451
67, 10, 969, 374, -0.6828503012657166
67, 11, 1236, 581, -0.30082690715789795
67, 12, 767, 562, -0.30787035822868347
67, 13, 1322, 925, -0.1827148050069809
67, 14, 646, 889, -0.19416040182113647
67, 15, 1298, 1183, -0.39602258801460266
67, 16, 678, 1145, -0.45374196767807007
67, 17, 1313, 1288, -0.47121164202690125
67, 18, 676, 1254, -0.5276098251342773
67, 19, 1264, 1282, -0.5270128846168518
67, 20, 712, 1225, -0.5976566076278687
67, 21, 1243, 1221, -0.4265556335449219
67, 22, 721, 1189, -0.4874756634235382
67, 23, 1133, 1228, -0.0502655915915966
67, 24, 843, 1230, 0.05204515904188156
67, 25, 1113, 1746, 0.014406857080757618
67, 26, 794, 1737, 0.13988226652145386
67, 27, 1087, 2194, 0.4673062264919281
67, 28, 778, 2188, 0.5211171507835388
67, 29, 1089, 2257, 0.4932495355606079
67, 30, 776, 2257, 0.5475770831108093
67, 31, 1033, 2349, 0.13421568274497986
67, 32, 807, 2329, 0.17618896067142487
68, 0, 1003, 324, -0.7801164388656616
68, 1, 1032, 277, -0.7510477304458618
68, 2, 1049, 277, -0.7512820363044739
68, 3, 1063, 277, -0.7515164613723755
68, 4, 976, 279, -0.7542845606803894
68, 5, 958, 280, -0.7542136907577515
68, 6, 941, 282, -0.754672646522522
68, 7, 1092, 302, -0.4943992495536804
68, 8, 915, 305, -0.49617642164230347
68, 9, 1041, 373, -0.6794727444648743
68, 10, 968, 374, -0.6805780529975891
68, 11, 1236, 579, -0.29440930485725403
68, 12, 766, 562, -0.303747296333313
68, 13, 1317, 924, -0.1783878207206726
68, 14, 650, 889, -0.1982109695672989
68, 15, 1294, 1180, -0.3963257968425751
68, 16, 675, 1152, -0.46051454544067383
68, 17, 1307, 1313, -0.4714527428150177
68, 18, 668, 1255, -0.5354268550872803
68, 19, 1264, 1303, -0.5291215777397156
68, 20, 703, 1227, -0.6083559393882751
68, 21, 1239, 1215, -0.4278334379196167
68, 22, 713, 1192, -0.4955914318561554
68, 23, 1130, 1228, -0.04838142171502113
68, 24, 844, 1227, 0.05008085072040558
68, 25, 1112, 1744, 0.03620760887861252
68, 26, 793, 1736, 0.14501285552978516
68, 27, 1087, 2191, 0.5228008031845093
68, 28, 778, 2187, 0.5478982925415039
68, 29, 1088, 2253, 0.5508661270141602
68, 30, 776, 2255, 0.5787397027015686
68, 31, 1033, 2346, 0.19465449452400208
68, 32, 807, 2328, 0.19266098737716675
69, 0, 1002, 323, -0.8866832256317139
69, 1, 1032, 276, -0.8554292917251587
69, 2, 1048, 276, -0.8557206392288208
69, 3, 1062, 276, -0.8559099435806274
69, 4, 975, 279, -0.860672652721405
69, 5, 958, 280, -0.8606135845184326
69, 6, 941, 281, -0.8611286282539368
69, 7, 1091, 301, -0.5772342681884766
69, 8, 915, 305, -0.5883249640464783
69, 9, 1040, 372, -0.7768526077270508
69, 10, 967, 373, -0.7809946537017822
69, 11, 1236, 578, -0.3567802608013153
69, 12, 764, 564, -0.38005098700523376
69, 13, 1307, 928, -0.2266727089881897
69, 14, 657, 901, -0.26798951625823975
69, 15, 1294, 1186, -0.43086156249046326
69, 16, 676, 1190, -0.48097705841064453
69, 17, 1312, 1310, -0.5101150274276733
69, 18, 657, 1321, -0.5554600954055786
69, 19, 1262, 1300, -0.5471644997596741
69, 20, 693, 1289, -0.6835488677024841
69, 21, 1239, 1234, -0.4451015889644623
69, 22, 710, 1237, -0.5470660924911499
69, 23, 1130, 1229, -0.04699570685625076
69, 24, 844, 1234, 0.04870075732469559
69, 25, 1115, 1751, 0.05014868453145027
69, 26, 793, 1744, 0.14951078593730927
69, 27, 1093, 2194, 0.5759369134902954
69, 28, 778, 2192, 0.5862115025520325
69, 29, 1094, 2257, 0.6064000725746155
69, 30, 777, 2262, 0.6207278370857239
69, 31, 1039, 2352, 0.23898543417453766
69, 32, 809, 2335, 0.22295993566513062
70, 0, 1001, 323, -0.9361530542373657
70, 1, 1030, 276, -0.9074461460113525
70, 2, 1047, 276, -0.9077035784721375
70, 3, 1061, 276, -0.9079471230506897
70, 4, 974, 279, -0.9085140228271484
70, 5, 956, 280, -0.9084649682044983
70, 6, 939, 281, -0.9089248776435852
70, 7, 1089, 301, -0.6312476396560669
70, 8, 914, 305, -0.6230884194374084
70, 9, 1038, 372, -0.825778603553772
70, 10, 964, 373, -0.8244996666908264
70, 11, 1236, 579, -0.4139512777328491
70, 12, 762, 566, -0.3940286636352539
70, 13, 1300, 939, -0.28735318779945374
70, 14, 662, 907, -0.26713553071022034
70, 15, 1293, 1229, -0.46661943197250366
70, 16, 645, 1228, -0.5125459432601929
70, 17, 1311, 1349, -0.5305851101875305
70, 18, 621, 1342, -0.5856567621231079
70, 19, 1261, 1348, -0.5921255946159363
70, 20, 655, 1332, -0.6818997263908386
70, 21, 1238, 1297, -0.49194180965423584
70, 22, 683, 1277, -0.5587162375450134
70, 23, 1129, 1240, -0.05609877407550812
70, 24, 840, 1240, 0.05785456672310829
70, 25, 1115, 1766, 0.02695200778543949
70, 26, 792, 1756, 0.21359942853450775
70, 27, 1093, 2207, 0.5484365820884705
70, 28, 778, 2206, 0.6963721513748169
70, 29, 1094, 2272, 0.5779483914375305
70, 30, 776, 2280, 0.7349129319190979
70, 31, 1039, 2368, 0.21467603743076324
70, 32, 810, 2350, 0.3411792516708374
71, 0, 1001, 323, -0.9608314633369446
71, 1, 1030, 276, -0.9293251633644104
71, 2, 1047, 276, -0.9295427799224854
71, 3, 1061, 276, -0.9297384023666382
71, 4, 974, 279, -0.9338382482528687
71, 5, 956, 280, -0.9338613748550415
71, 6, 939, 281, -0.9343199133872986
71, 7, 1088, 301, -0.6408758163452148
71, 8, 912, 304, -0.6482664942741394
71, 9, 1038, 372, -0.8470152616500854
71, 10, 964, 373, -0.8498246669769287
71, 11, 1236, 578, -0.41572633385658264
71, 12, 760, 568, -0.4304306209087372
71, 13, 1299, 940, -0.30051279067993164
71, 14, 666, 917, -0.3205714523792267
71, 15, 1299, 1227, -0.5342453718185425
71, 16, 656, 1229, -0.5973718762397766
71, 17, 1334, 1372, -0.6179887056350708
71, 18, 642, 1330, -0.6804996132850647
71, 19, 1294, 1372, -0.6838637590408325
71, 20, 677, 1313, -0.7705613970756531
71, 21, 1270, 1332, -0.569284200668335
71, 22, 698, 1273, -0.6398759484291077
71, 23, 1134, 1244, -0.054848600178956985
71, 24, 841, 1240, 0.05649400129914284
71, 25, 1127, 1768, 0.11743584275245667
71, 26, 801, 1767, 0.2528831958770752
71, 27, 1113, 2212, 0.6949599981307983
71, 28, 796, 2215, 0.7756816148757935
71, 29, 1115, 2278, 0.7307112216949463
71, 30, 796, 2287, 0.8192423582077026
71, 31, 1058, 2376, 0.3512531518936157
71, 32, 833, 2362, 0.41191133856773376
72, 0, 1001, 322, -0.9024965167045593
72, 1, 1030, 276, -0.8706035614013672
72, 2, 1047, 276, -0.870824933052063
72, 3, 1061, 276, -0.8709776401519775
72, 4, 973, 278, -0.8749123811721802
72, 5, 955, 279, -0.8749061226844788
72, 6, 938, 281, -0.8753727674484253
72, 7, 1088, 301, -0.6016528010368347
72, 8, 911, 304, -0.597517728805542
72, 9, 1038, 372, -0.7922572493553162
72, 10, 963, 373, -0.7950919270515442
72, 11, 1235, 577, -0.39614325761795044
72, 12, 758, 571, -0.3897509276866913
72, 13, 1298, 940, -0.24524825811386108
72, 14, 667, 929, -0.30173128843307495
72, 15, 1300, 1224, -0.5156248807907104
72, 16, 662, 1223, -0.5889571309089661
72, 17, 1332, 1364, -0.6034581065177917
72, 18, 653, 1329, -0.6702753901481628
72, 19, 1298, 1360, -0.6735098958015442
72, 20, 688, 1307, -0.7506587505340576
72, 21, 1265, 1291, -0.5594679713249207
72, 22, 706, 1270, -0.6268501281738281
72, 23, 1135, 1247, -0.050053223967552185
72, 24, 842, 1243, 0.051517553627491
72, 25, 1128, 1775, 0.09482404589653015
72, 26, 805, 1775, 0.21551521122455597
72, 27, 1114, 2216, 0.6419681310653687
72, 28, 797, 2224, 0.6688713431358337
72, 29, 1116, 2279, 0.6747350692749023
72, 30, 796, 2294, 0.702339231967926
72, 31, 1061, 2378, 0.30696165561676025
72, 32, 834, 2370, 0.32964855432510376
73, 0, 1001, 322, -0.888148844242096
73, 1, 1030, 276, -0.8604669570922852
73, 2, 1047, 276, -0.8606153726577759
73, 3, 1061, 276, -0.8606498837471008
73, 4, 973, 278, -0.8601499199867249
73, 5, 955, 279, -0.860121488571167
73, 6, 938, 281, -0.8605369925498962
73, 7, 1088, 301, -0.5747877955436707
73, 8, 910, 304, -0.5843499302864075
73, 9, 1038, 372, -0.7852316498756409
73, 10, 963, 373, -0.7815055251121521
73, 11, 1234, 576, -0.3449767827987671
73, 12, 757, 572, -0.3745688796043396
73, 13, 1296, 940, -0.20661820471286774
73, 14, 668, 932, -0.29377683997154236
73, 15, 1304, 1226, -0.47630488872528076
73, 16, 665, 1234, -0.5800199508666992
73, 17, 1337, 1366, -0.5590944886207581
73, 18, 657, 1336, -0.6637970209121704
73, 19, 1309, 1363, -0.6331031322479248
73, 20, 693, 1316, -0.7421154379844666
73, 21, 1280, 1319, -0.5178824663162231
73, 22, 709, 1280, -0.622740626335144
73, 23, 1136, 1248, -0.04539002105593681
73, 24, 842, 1243, 0.04677226394414902
73, 25, 1128, 1778, 0.08405489474534988
73, 26, 808, 1777, 0.1592320054769516
73, 27, 1113, 2221, 0.6080378293991089
73, 28, 797, 2230, 0.5910729169845581
73, 29, 1115, 2284, 0.6384062170982361
73, 30, 796, 2299, 0.6228123903274536
73, 31, 1060, 2380, 0.27447086572647095
73, 32, 834, 2374, 0.22610799968242645
74, 0, 1001, 322, -0.8844722509384155
74, 1, 1030, 276, -0.8545838594436646
74, 2, 1046, 276, -0.8549633622169495
74, 3, 1060, 276, -0.8552160859107971
74, 4, 973, 278, -0.8592885136604309
74, 5, 954, 280, -0.8594373464584351
74, 6, 937, 281, -0.8598053455352783
74, 7, 1087, 300, -0.5557214617729187
74, 8, 909, 304, -0.5825561285018921
74, 9, 1038, 372, -0.772823691368103
74, 10, 963, 373, -0.7764735817909241
74, 11, 1234, 574, -0.32478418946266174
74, 12, 756, 572, -0.3676489293575287
74, 13, 1295, 938, -0.19489510357379913
74, 14, 669, 932, -0.2930220365524292
74, 15, 1309, 1217, -0.4528661370277405
74, 16, 643, 1232, -0.5690147280693054
74, 17, 1345, 1351, -0.5336127877235413
74, 18, 620, 1337, -0.6541547179222107
74, 19, 1321, 1345, -0.6052097678184509
74, 20, 654, 1323, -0.736813485622406
74, 21, 1293, 1302, -0.4928877055644989
74, 22, 676, 1287, -0.6182705760002136
74, 23, 1138, 1247, -0.04319920018315315
74, 24, 843, 1245, 0.04467172175645828
74, 25, 1134, 1774, 0.0865032970905304
74, 26, 816, 1773, 0.1588858962059021
74, 27, 1120, 2217, 0.62919682264328
74, 28, 806, 2225, 0.6007769107818604
74, 29, 1122, 2280, 0.6621083617210388
74, 30, 804, 2295, 0.6359682679176331
74, 31, 1070, 2376, 0.29839423298835754
74, 32, 842, 2369, 0.23505330085754395
75, 0, 1001, 322, -0.850351095199585
75, 1, 1029, 276, -0.8188836574554443
75, 2, 1046, 276, -0.819273829460144
75, 3, 1059, 276, -0.8195804953575134
75, 4, 972, 278, -0.8241563439369202
75, 5, 954, 280, -0.8242480754852295
75, 6, 936, 281, -0.8247299194335938
75, 7, 1086, 300, -0.5274993181228638
75, 8, 908, 304, -0.547886312007904
75, 9, 1037, 372, -0.7373026013374329
75, 10, 963, 373, -0.7416553497314453
75, 11, 1234, 571, -0.30114373564720154
75, 12, 756, 572, -0.3484343886375427
75, 13, 1295, 933, -0.1788339763879776
75, 14, 670, 927, -0.27144303917884827
75, 15, 1321, 1217, -0.4405984878540039
75, 16, 649, 1220, -0.5439672470092773
75, 17, 1352, 1349, -0.5199273228645325
75, 18, 631, 1322, -0.628637433052063
75, 19, 1331, 1342, -0.5913216471672058
75, 20, 665, 1305, -0.7123927474021912
75, 21, 1304, 1289, -0.47984078526496887
75, 22, 684, 1268, -0.5878263115882874
75, 23, 1149, 1246, -0.04055202752351761
75, 24, 851, 1244, 0.04198439046740532
75, 25, 1144, 1769, 0.08428093045949936
75, 26, 833, 1769, 0.1641566902399063
75, 27, 1137, 2210, 0.6247093677520752
75, 28, 830, 2219, 0.6404353976249695
75, 29, 1138, 2272, 0.6596308946609497
75, 30, 828, 2288, 0.67950439453125
75, 31, 1093, 2370, 0.3042551875114441
75, 32, 863, 2362, 0.2915802001953125
76, 0, 1000, 322, -0.7875608801841736
76, 1, 1028, 275, -0.7519323825836182
76, 2, 1045, 275, -0.7522675395011902
76, 3, 1058, 275, -0.7524789571762085
76, 4, 971, 278, -0.7588552832603455
76, 5, 953, 279, -0.7588712573051453
76, 6, 935, 281, -0.7593937516212463
76, 7, 1084, 298, -0.46449223160743713
76, 8, 907, 304, -0.48746511340141296
76, 9, 1037, 371, -0.6762863993644714
76, 10, 963, 373, -0.6825326085090637
76, 11, 1234, 570, -0.25015395879745483
76, 12, 756, 572, -0.3086598217487335
76, 13, 1295, 933, -0.14425800740718842
76, 14, 671, 927, -0.24425683915615082
76, 15, 1319, 1207, -0.4273982644081116
76, 16, 652, 1222, -0.5290794968605042
76, 17, 1348, 1347, -0.5101468563079834
76, 18, 634, 1326, -0.6161684393882751
76, 19, 1326, 1338, -0.5825856924057007
76, 20, 669, 1308, -0.6988577246665955
76, 21, 1299, 1283, -0.4672704339027405
76, 22, 688, 1272, -0.5701054930686951
76, 23, 1155, 1247, -0.032948579639196396
76, 24, 855, 1244, 0.034322209656238556
76, 25, 1148, 1768, 0.08476995676755905
76, 26, 837, 1767, 0.13135305047035217
76, 27, 1141, 2210, 0.6277021765708923
76, 28, 832, 2218, 0.5806590914726257
76, 29, 1143, 2270, 0.6620914936065674
76, 30, 829, 2286, 0.6162615418434143
76, 31, 1096, 2368, 0.3123244345188141
76, 32, 865, 2362, 0.22875258326530457
77, 0, 1000, 322, -0.8023017644882202
77, 1, 1028, 276, -0.7683441638946533
77, 2, 1044, 275, -0.7686488628387451
77, 3, 1058, 275, -0.7688772082328796
77, 4, 971, 279, -0.7744172215461731
77, 5, 953, 280, -0.7744267582893372
77, 6, 935, 281, -0.7749272584915161
77, 7, 1083, 298, -0.48395389318466187
77, 8, 907, 305, -0.5028197169303894
77, 9, 1037, 371, -0.6917390823364258
77, 10, 963, 373, -0.6969146728515625
77, 11, 1233, 569, -0.2694680094718933
77, 12, 756, 572, -0.3145616948604584
77, 13, 1297, 932, -0.16309601068496704
77, 14, 670, 924, -0.2347126454114914
77, 15, 1340, 1219, -0.4244981110095978
77, 16, 632, 1226, -0.4975357949733734
77, 17, 1375, 1341, -0.49982699751853943
77, 18, 608, 1329, -0.5740312337875366
77, 19, 1354, 1333, -0.5712118744850159
77, 20, 641, 1318, -0.6588261723518372
77, 21, 1325, 1288, -0.4631463587284088
77, 22, 662, 1283, -0.538273811340332
77, 23, 1155, 1247, -0.03330596163868904
77, 24, 850, 1246, 0.034605979919433594
77, 25, 1147, 1768, 0.08211536705493927
77, 26, 838, 1768, 0.13334831595420837
77, 27, 1139, 2215, 0.6044603586196899
77, 28, 830, 2227, 0.5538008213043213
77, 29, 1141, 2280, 0.635389506816864
77, 30, 827, 2299, 0.5851477384567261
77, 31, 1093, 2373, 0.29511985182762146
77, 32, 862, 2370, 0.19591756165027618
