0, 0, 984, 278, -0.742057204246521
0, 1, 1014, 225, -0.7130149006843567
0, 2, 1029, 224, -0.7131056189537048
0, 3, 1046, 225, -0.7133587598800659
0, 4, 954, 229, -0.7151674032211304
0, 5, 936, 231, -0.7151312232017517
0, 6, 920, 234, -0.7154401540756226
0, 7, 1071, 246, -0.4713428318500519
0, 8, 901, 257, -0.4711248278617859
0, 9, 1022, 322, -0.6474303603172302
0, 10, 952, 327, -0.647455632686615
0, 11, 1237, 534, -0.3086680769920349
0, 12, 760, 518, -0.2990824580192566
0, 13, 1285, 889, -0.20692835748195648
0, 14, 697, 877, -0.20188117027282715
0, 15, 1301, 1149, -0.40704432129859924
0, 16, 670, 1153, -0.42441585659980774
0, 17, 1324, 1251, -0.47604018449783325
0, 18, 658, 1233, -0.4893186688423157
0, 19, 1278, 1247, -0.5281755328178406
0, 20, 682, 1218, -0.5604159235954285
0, 21, 1259, 1208, -0.4351751208305359
0, 22, 696, 1184, -0.4591406285762787
0, 23, 1140, 1118, -0.03595498576760292
0, 24, 865, 1118, 0.03742903098464012
0, 25, 1119, 1616, 0.11952906101942062
0, 26, 828, 1619, 0.2359994500875473
0, 27, 1105, 2006, 0.6483221054077148
0, 28, 819, 2013, 0.7092083692550659
0, 29, 1109, 2071, 0.6850609183311462
0, 30, 816, 2080, 0.7483129501342773
0, 31, 1062, 2154, 0.376028835773468
0, 32, 849, 2159, 0.40775251388549805
1, 0, 986, 277, -0.7535181641578674
1, 1, 1015, 225, -0.7247028946876526
1, 2, 1030, 224, -0.7249054312705994
1, 3, 1046, 225, -0.7251795530319214
1, 4, 955, 229, -0.7302102446556091
1, 5, 938, 231, -0.7303784489631653
1, 6, 921, 234, -0.7307760119438171
1, 7, 1072, 246, -0.4784555733203888
1, 8, 902, 257, -0.496237576007843
1, 9, 1024, 322, -0.6559025645256042
1, 10, 953, 327, -0.6606470942497253
1, 11, 1237, 529, -0.2975940406322479
1, 12, 761, 519, -0.3137545585632324
1, 13, 1285, 881, -0.18577542901039124
1, 14, 699, 877, -0.2270486056804657
1, 15, 1304, 1133, -0.4092477858066559
1, 16, 672, 1151, -0.4612021744251251
1, 17, 1332, 1247, -0.4773503839969635
1, 18, 654, 1238, -0.5285614728927612
1, 19, 1311, 1233, -0.5396422743797302
1, 20, 687, 1212, -0.6018804907798767
1, 21, 1285, 1199, -0.4404720962047577
1, 22, 704, 1180, -0.49521487951278687
1, 23, 1144, 1118, -0.02350439690053463
1, 24, 867, 1117, 0.024419929832220078
1, 25, 1138, 1616, 0.11287038773298264
1, 26, 850, 1618, 0.14542196691036224
1, 27, 1146, 2013, 0.6098042726516724
1, 28, 866, 2017, 0.5391560196876526
1, 29, 1152, 2075, 0.6444365382194519
1, 30, 867, 2082, 0.5694695115089417
1, 31, 1111, 2161, 0.3630266487598419
1, 32, 902, 2160, 0.25895294547080994
2, 0, 988, 277, -0.7698705196380615
2, 1, 1017, 226, -0.7412708401679993
2, 2, 1032, 225, -0.7414914965629578
2, 3, 1047, 225, -0.7417513132095337
2, 4, 956, 230, -0.7480140924453735
2, 5, 939, 232, -0.7482408881187439
2, 6, 921, 234, -0.7486643195152283
2, 7, 1073, 246, -0.49268239736557007
2, 8, 902, 257, -0.5161468386650085
2, 9, 1025, 322, -0.6709205508232117
2, 10, 955, 328, -0.6776171922683716
2, 11, 1236, 526, -0.29788294434547424
2, 12, 762, 520, -0.3322030007839203
2, 13, 1285, 881, -0.1865369826555252
2, 14, 699, 883, -0.24698063731193542
2, 15, 1307, 1133, -0.4122697412967682
2, 16, 672, 1153, -0.47901660203933716
2, 17, 1339, 1250, -0.47868114709854126
2, 18, 647, 1249, -0.5450119376182556
2, 19, 1328, 1234, -0.5437776446342468
2, 20, 688, 1215, -0.6179313659667969
2, 21, 1299, 1201, -0.4446817934513092
2, 22, 706, 1183, -0.5125160813331604
2, 23, 1146, 1117, -0.020684141665697098
2, 24, 867, 1153, 0.02149464376270771
2, 25, 1150, 1622, 0.11332320421934128
2, 26, 858, 1623, 0.14924047887325287
2, 27, 1163, 2029, 0.6144955158233643
2, 28, 880, 2031, 0.5508209466934204
2, 29, 1170, 2091, 0.6494319438934326
2, 30, 882, 2096, 0.5822886228561401
2, 31, 1129, 2177, 0.36428841948509216
2, 32, 919, 2173, 0.26549869775772095
3, 0, 990, 278, -0.7813085317611694
3, 1, 1018, 230, -0.7525517344474792
3, 2, 1033, 229, -0.7527562975883484
3, 3, 1048, 229, -0.7529970407485962
3, 4, 958, 233, -0.7599151134490967
3, 5, 940, 235, -0.7601435780525208
3, 6, 922, 237, -0.7605618238449097
3, 7, 1073, 247, -0.5033586025238037
3, 8, 902, 258, -0.5299500226974487
3, 9, 1026, 322, -0.6821715831756592
3, 10, 956, 328, -0.6898024082183838
3, 11, 1236, 526, -0.30054619908332825
3, 12, 761, 522, -0.35002952814102173
3, 13, 1285, 883, -0.188432976603508
3, 14, 698, 890, -0.2689644694328308
3, 15, 1312, 1136, -0.41494321823120117
3, 16, 672, 1160, -0.4982112646102905
3, 17, 1345, 1255, -0.48013046383857727
3, 18, 640, 1263, -0.5639259219169617
3, 19, 1335, 1244, -0.5459902882575989
3, 20, 688, 1226, -0.6364249587059021
3, 21, 1305, 1213, -0.4478471577167511
3, 22, 706, 1194, -0.5315342545509338
3, 23, 1152, 1155, -0.01793767139315605
3, 24, 867, 1169, 0.018724823370575905
3, 25, 1152, 1634, 0.11316997557878494
3, 26, 859, 1632, 0.14048098027706146
3, 27, 1164, 2045, 0.6132223606109619
3, 28, 880, 2048, 0.5398429036140442
3, 29, 1170, 2108, 0.6480512022972107
3, 30, 882, 2112, 0.5711715221405029
3, 31, 1129, 2194, 0.3634675443172455
3, 32, 919, 2191, 0.25121745467185974
4, 0, 990, 278, -0.7891044616699219
4, 1, 1018, 232, -0.7601550221443176
4, 2, 1033, 231, -0.7603650689125061
4, 3, 1048, 230, -0.7605989575386047
4, 4, 958, 236, -0.767170786857605
4, 5, 940, 237, -0.767395555973053
4, 6, 922, 239, -0.7678184509277344
4, 7, 1073, 248, -0.5091524720191956
4, 8, 902, 260, -0.5339668393135071
4, 9, 1026, 323, -0.6892556548118591
4, 10, 955, 329, -0.696415364742279
4, 11, 1236, 526, -0.30232617259025574
4, 12, 761, 523, -0.3516678810119629
4, 13, 1285, 884, -0.18822184205055237
4, 14, 698, 894, -0.26764288544654846
4, 15, 1316, 1137, -0.4160058796405792
4, 16, 671, 1164, -0.49957534670829773
4, 17, 1350, 1258, -0.48057788610458374
4, 18, 643, 1261, -0.565591037273407
4, 19, 1344, 1249, -0.5472052097320557
4, 20, 685, 1232, -0.6393540501594543
4, 21, 1314, 1218, -0.44934114813804626
4, 22, 704, 1201, -0.5337479114532471
4, 23, 1157, 1166, -0.01739005371928215
4, 24, 868, 1175, 0.018187467008829117
4, 25, 1156, 1640, 0.10886143893003464
4, 26, 862, 1639, 0.13718442618846893
4, 27, 1167, 2052, 0.6159617304801941
4, 28, 883, 2057, 0.5470964908599854
4, 29, 1172, 2115, 0.6513749361038208
4, 30, 884, 2120, 0.579315721988678
4, 31, 1132, 2202, 0.3640911877155304
4, 32, 921, 2200, 0.25519272685050964
5, 0, 990, 279, -0.7889527082443237
5, 1, 1018, 233, -0.7599170804023743
5, 2, 1033, 233, -0.7601236701011658
5, 3, 1048, 232, -0.7603611350059509
5, 4, 958, 237, -0.7666515111923218
5, 5, 940, 239, -0.7668634057044983
5, 6, 922, 241, -0.76728755235672
5, 7, 1073, 249, -0.5082449316978455
5, 8, 902, 261, -0.5316026210784912
5, 9, 1026, 323, -0.6888200044631958
5, 10, 955, 329, -0.6955915093421936
5, 11, 1236, 525, -0.3024548292160034
5, 12, 761, 524, -0.34929484128952026
5, 13, 1285, 885, -0.18073979020118713
5, 14, 697, 895, -0.2654373049736023
5, 15, 1317, 1141, -0.40761712193489075
5, 16, 670, 1163, -0.49937355518341064
5, 17, 1351, 1263, -0.4695575535297394
5, 18, 643, 1261, -0.5660645365715027
5, 19, 1345, 1257, -0.5390223860740662
5, 20, 681, 1232, -0.6398102045059204
5, 21, 1315, 1226, -0.44202107191085815
5, 22, 701, 1201, -0.5338073968887329
5, 23, 1159, 1171, -0.016467247158288956
5, 24, 868, 1178, 0.01727110892534256
5, 25, 1159, 1645, 0.10751686990261078
5, 26, 864, 1645, 0.13403388857841492
5, 27, 1171, 2059, 0.6181567907333374
5, 28, 884, 2066, 0.5457763075828552
5, 29, 1177, 2122, 0.6538036465644836
5, 30, 886, 2131, 0.5779200792312622
5, 31, 1136, 2211, 0.3645387589931488
5, 32, 923, 2210, 0.2501045763492584
6, 0, 989, 279, -0.786201536655426
6, 1, 1018, 235, -0.7574078440666199
6, 2, 1033, 234, -0.7576138973236084
6, 3, 1048, 233, -0.7578662037849426
6, 4, 958, 238, -0.7639111876487732
6, 5, 940, 240, -0.7641137838363647
6, 6, 922, 242, -0.7645312547683716
6, 7, 1073, 250, -0.5071374773979187
6, 8, 902, 261, -0.5299276113510132
6, 9, 1026, 323, -0.6865631341934204
6, 10, 955, 330, -0.6930519938468933
6, 11, 1235, 525, -0.30262812972068787
6, 12, 761, 525, -0.34801366925239563
6, 13, 1285, 885, -0.18184056878089905
6, 14, 697, 897, -0.2639380097389221
6, 15, 1318, 1141, -0.407432496547699
6, 16, 668, 1170, -0.49416249990463257
6, 17, 1352, 1263, -0.4692242741584778
6, 18, 644, 1261, -0.5599798560142517
6, 19, 1347, 1257, -0.5383971333503723
6, 20, 680, 1240, -0.6328427791595459
6, 21, 1316, 1226, -0.4417779743671417
6, 22, 700, 1209, -0.5281589031219482
6, 23, 1160, 1172, -0.016216110438108444
6, 24, 868, 1178, 0.017032479867339134
6, 25, 1160, 1648, 0.08901844918727875
6, 26, 866, 1647, 0.1207524836063385
6, 27, 1172, 2062, 0.5945033431053162
6, 28, 886, 2067, 0.5185571312904358
6, 29, 1178, 2124, 0.629968523979187
6, 30, 888, 2132, 0.5493514537811279
6, 31, 1137, 2213, 0.34542497992515564
6, 32, 925, 2211, 0.22861923277378082
7, 0, 990, 280, -0.7829102277755737
7, 1, 1018, 236, -0.7549815773963928
7, 2, 1034, 235, -0.7552465200424194
7, 3, 1048, 235, -0.7555360198020935
7, 4, 958, 240, -0.763042151927948
7, 5, 940, 241, -0.7633329033851624
7, 6, 922, 243, -0.763788640499115
7, 7, 1073, 251, -0.503682553768158
7, 8, 902, 262, -0.5259352326393127
7, 9, 1026, 324, -0.681824266910553
7, 10, 955, 330, -0.6902732253074646
7, 11, 1235, 524, -0.2941337525844574
7, 12, 761, 525, -0.3463667035102844
7, 13, 1284, 881, -0.1720503270626068
7, 14, 697, 898, -0.26281309127807617
7, 15, 1318, 1128, -0.4015490710735321
7, 16, 668, 1169, -0.49015292525291443
7, 17, 1351, 1251, -0.46313580870628357
7, 18, 646, 1261, -0.5560386180877686
7, 19, 1347, 1236, -0.5323421359062195
7, 20, 679, 1240, -0.6290916204452515
7, 21, 1317, 1206, -0.43592628836631775
7, 22, 700, 1208, -0.5246561169624329
7, 23, 1159, 1137, -0.016285652294754982
7, 24, 869, 1176, 0.017113735899329185
7, 25, 1160, 1647, 0.0800991877913475
7, 26, 868, 1646, 0.11508432030677795
7, 27, 1172, 2058, 0.5783539414405823
7, 28, 889, 2064, 0.505308210849762
7, 29, 1178, 2121, 0.6134251356124878
7, 30, 890, 2129, 0.5354503989219666
7, 31, 1137, 2209, 0.33335983753204346
7, 32, 928, 2208, 0.22018803656101227
8, 0, 990, 281, -0.7823310494422913
8, 1, 1018, 237, -0.754204511642456
8, 2, 1034, 236, -0.7544308304786682
8, 3, 1048, 236, -0.7546850442886353
8, 4, 958, 241, -0.7615470886230469
8, 5, 941, 242, -0.7617603540420532
8, 6, 923, 244, -0.7622019052505493
8, 7, 1074, 252, -0.5021750926971436
8, 8, 903, 263, -0.5237401127815247
8, 9, 1026, 324, -0.679448127746582
8, 10, 955, 330, -0.6884270906448364
8, 11, 1234, 523, -0.29118242859840393
8, 12, 761, 525, -0.33390387892723083
8, 13, 1284, 876, -0.1722114086151123
8, 14, 697, 898, -0.23931168019771576
8, 15, 1318, 1122, -0.4040435254573822
8, 16, 668, 1169, -0.47092026472091675
8, 17, 1351, 1243, -0.4669986665248871
8, 18, 638, 1263, -0.537148118019104
8, 19, 1345, 1221, -0.5376471877098083
8, 20, 679, 1239, -0.6089432835578918
8, 21, 1315, 1191, -0.4387527108192444
8, 22, 700, 1208, -0.5040973424911499
8, 23, 1159, 1123, -0.016610560938715935
8, 24, 871, 1143, 0.017450563609600067
8, 25, 1159, 1646, 0.06324990093708038
8, 26, 868, 1640, 0.1049419417977333
8, 27, 1171, 2058, 0.5640133023262024
8, 28, 889, 2060, 0.4922797977924347
8, 29, 1177, 2120, 0.5995835661888123
8, 30, 890, 2124, 0.5219019055366516
8, 31, 1136, 2209, 0.32299405336380005
8, 32, 928, 2203, 0.21083012223243713
9, 0, 990, 281, -0.7776601910591125
9, 1, 1019, 237, -0.7501242160797119
9, 2, 1034, 237, -0.7503859400749207
9, 3, 1048, 236, -0.7506716251373291
9, 4, 959, 241, -0.7576888203620911
9, 5, 941, 242, -0.7579573392868042
9, 6, 923, 244, -0.758403480052948
9, 7, 1074, 252, -0.4972072243690491
9, 8, 903, 263, -0.5213893055915833
9, 9, 1026, 324, -0.6743016839027405
9, 10, 955, 330, -0.6829443573951721
9, 11, 1234, 522, -0.2873693108558655
9, 12, 762, 525, -0.3230009078979492
9, 13, 1284, 873, -0.17086604237556458
9, 14, 697, 897, -0.22770513594150543
9, 15, 1318, 1118, -0.4077860414981842
9, 16, 668, 1162, -0.464553564786911
9, 17, 1349, 1236, -0.47266367077827454
9, 18, 637, 1263, -0.5316521525382996
9, 19, 1344, 1212, -0.5436895489692688
9, 20, 679, 1220, -0.6037101745605469
9, 21, 1315, 1182, -0.4427967369556427
9, 22, 700, 1190, -0.49800199270248413
9, 23, 1158, 1116, -0.016749974340200424
9, 24, 871, 1152, 0.017595235258340836
9, 25, 1158, 1642, 0.06782615184783936
9, 26, 868, 1632, 0.10982643812894821
9, 27, 1169, 2052, 0.5679642558097839
9, 28, 889, 2051, 0.4991895854473114
9, 29, 1175, 2113, 0.6034621596336365
9, 30, 890, 2114, 0.5287569761276245
9, 31, 1135, 2201, 0.32593265175819397
9, 32, 927, 2191, 0.2183048129081726
10, 0, 990, 281, -0.7706218361854553
10, 1, 1019, 237, -0.7436023354530334
10, 2, 1034, 237, -0.7438700795173645
10, 3, 1048, 237, -0.7441641092300415
10, 4, 959, 241, -0.7507131695747375
10, 5, 941, 242, -0.7509835958480835
10, 6, 924, 244, -0.7514253854751587
10, 7, 1074, 253, -0.49258217215538025
10, 8, 903, 264, -0.5165712237358093
10, 9, 1026, 324, -0.6684045195579529
10, 10, 955, 330, -0.6760485172271729
10, 11, 1234, 522, -0.2845218777656555
10, 12, 762, 524, -0.31727227568626404
10, 13, 1284, 871, -0.16816844046115875
10, 14, 697, 894, -0.22279702126979828
10, 15, 1317, 1115, -0.4078163802623749
10, 16, 668, 1153, -0.4617251753807068
10, 17, 1348, 1229, -0.4727747142314911
10, 18, 641, 1227, -0.5293759703636169
10, 19, 1343, 1208, -0.5435411334037781
10, 20, 676, 1202, -0.6016539931297302
10, 21, 1313, 1177, -0.4428510069847107
10, 22, 697, 1172, -0.49552199244499207
10, 23, 1158, 1113, -0.016664696857333183
10, 24, 871, 1131, 0.01750590093433857
10, 25, 1158, 1638, 0.07222781330347061
10, 26, 867, 1626, 0.11518387496471405
10, 27, 1168, 2048, 0.5735706090927124
10, 28, 888, 2045, 0.5037963390350342
10, 29, 1174, 2108, 0.6086596846580505
10, 30, 889, 2108, 0.5330984592437744
10, 31, 1133, 2196, 0.32944419980049133
10, 32, 926, 2184, 0.22201944887638092
11, 0, 990, 281, -0.7668637037277222
11, 1, 1019, 237, -0.739890456199646
11, 2, 1035, 237, -0.7401503324508667
11, 3, 1049, 237, -0.7404432892799377
11, 4, 960, 241, -0.7469316720962524
11, 5, 942, 242, -0.7471944689750671
11, 6, 924, 244, -0.7476347088813782
11, 7, 1074, 253, -0.4897955656051636
11, 8, 904, 264, -0.514427661895752
11, 9, 1027, 324, -0.6654034852981567
11, 10, 955, 330, -0.672736406326294
11, 11, 1234, 522, -0.2839251458644867
11, 12, 762, 524, -0.3169495761394501
11, 13, 1285, 870, -0.16668905317783356
11, 14, 697, 891, -0.22400721907615662
11, 15, 1317, 1114, -0.4065651595592499
11, 16, 669, 1144, -0.46178537607192993
11, 17, 1347, 1226, -0.47114723920822144
11, 18, 645, 1213, -0.5293575525283813
11, 19, 1342, 1207, -0.5416608452796936
11, 20, 676, 1193, -0.6015577912330627
11, 21, 1313, 1176, -0.4414062798023224
11, 22, 696, 1164, -0.4955967962741852
11, 23, 1158, 1111, -0.016494540497660637
11, 24, 871, 1123, 0.01732110232114792
11, 25, 1158, 1637, 0.09409687668085098
11, 26, 867, 1624, 0.11921601742506027
11, 27, 1168, 2047, 0.580112099647522
11, 28, 888, 2043, 0.5158458352088928
11, 29, 1174, 2106, 0.6141659617424011
11, 30, 889, 2106, 0.5459024906158447
11, 31, 1133, 2194, 0.33877262473106384
11, 32, 925, 2182, 0.23204278945922852
12, 0, 991, 281, -0.7668155431747437
12, 1, 1020, 237, -0.7397361397743225
12, 2, 1035, 237, -0.7399952411651611
12, 3, 1049, 237, -0.7402871251106262
12, 4, 960, 241, -0.7468637228012085
12, 5, 942, 243, -0.7471367716789246
12, 6, 925, 245, -0.7475775480270386
12, 7, 1075, 253, -0.48912325501441956
12, 8, 904, 264, -0.5141891837120056
12, 9, 1027, 324, -0.6653608679771423
12, 10, 956, 330, -0.6726769208908081
12, 11, 1234, 522, -0.28462401032447815
12, 12, 763, 524, -0.316468209028244
12, 13, 1285, 870, -0.16791114211082458
12, 14, 697, 889, -0.2226303517818451
12, 15, 1317, 1114, -0.40615835785865784
12, 16, 668, 1143, -0.45589083433151245
12, 17, 1347, 1227, -0.4699624478816986
12, 18, 641, 1215, -0.5224549770355225
12, 19, 1340, 1209, -0.5402384400367737
12, 20, 676, 1193, -0.5933330059051514
12, 21, 1311, 1177, -0.44079455733299255
12, 22, 696, 1164, -0.489213764667511
12, 23, 1158, 1111, -0.01658615656197071
12, 24, 872, 1120, 0.017422549426555634
12, 25, 1157, 1633, 0.07584810256958008
12, 26, 867, 1621, 0.1094435527920723
12, 27, 1167, 2044, 0.5644196271896362
12, 28, 888, 2040, 0.4922758936882019
12, 29, 1173, 2102, 0.5986766219139099
12, 30, 889, 2102, 0.5205901265144348
12, 31, 1133, 2190, 0.3214110732078552
12, 32, 924, 2179, 0.20993457734584808
13, 0, 991, 282, -0.75678551197052
13, 1, 1020, 237, -0.7288045287132263
13, 2, 1035, 237, -0.7290377020835876
13, 3, 1050, 237, -0.729327917098999
13, 4, 961, 241, -0.7356269359588623
13, 5, 943, 243, -0.7358577251434326
13, 6, 925, 245, -0.7362736463546753
13, 7, 1075, 253, -0.47732439637184143
13, 8, 904, 264, -0.5022542476654053
13, 9, 1027, 324, -0.6556392908096313
13, 10, 956, 330, -0.6626937389373779
13, 11, 1235, 522, -0.27670878171920776
13, 12, 763, 523, -0.3126997649669647
13, 13, 1285, 870, -0.15012714266777039
13, 14, 697, 874, -0.22082528471946716
13, 15, 1318, 1114, -0.37771695852279663
13, 16, 668, 1126, -0.45183610916137695
13, 17, 1347, 1227, -0.43956148624420166
13, 18, 646, 1199, -0.5188038349151611
13, 19, 1340, 1209, -0.5092220306396484
13, 20, 676, 1183, -0.5892518162727356
13, 21, 1311, 1177, -0.4117215573787689
13, 22, 696, 1154, -0.4851570427417755
13, 23, 1157, 1111, -0.01599651388823986
13, 24, 873, 1119, 0.01676316373050213
13, 25, 1157, 1628, 0.13000862300395966
13, 26, 869, 1617, 0.14719022810459137
13, 27, 1167, 2031, 0.6517356038093567
13, 28, 888, 2028, 0.5697395205497742
13, 29, 1173, 2088, 0.6909307837486267
13, 30, 890, 2089, 0.6035810708999634
13, 31, 1132, 2176, 0.4177986979484558
13, 32, 924, 2164, 0.29773062467575073
14, 0, 992, 282, -0.7597082853317261
14, 1, 1021, 237, -0.7315231561660767
14, 2, 1036, 237, -0.7317445278167725
14, 3, 1051, 237, -0.732046902179718
14, 4, 962, 241, -0.7387105226516724
14, 5, 943, 243, -0.738957405090332
14, 6, 926, 245, -0.7393668293952942
14, 7, 1076, 254, -0.47754204273223877
14, 8, 904, 264, -0.5049003958702087
14, 9, 1028, 324, -0.6572667956352234
14, 10, 956, 330, -0.6651254892349243
14, 11, 1235, 521, -0.278325617313385
14, 12, 763, 522, -0.31558796763420105
14, 13, 1286, 870, -0.14921893179416656
14, 14, 694, 864, -0.2222309708595276
14, 15, 1319, 1114, -0.37579840421676636
14, 16, 668, 1125, -0.452740877866745
14, 17, 1347, 1227, -0.43803727626800537
14, 18, 645, 1202, -0.5196181535720825
14, 19, 1340, 1210, -0.5070928931236267
14, 20, 685, 1199, -0.5900593400001526
14, 21, 1312, 1178, -0.40951791405677795
14, 22, 704, 1156, -0.4860832989215851
14, 23, 1157, 1112, -0.01572566293179989
14, 24, 876, 1118, 0.016453733667731285
14, 25, 1157, 1626, 0.12962311506271362
14, 26, 870, 1615, 0.1520737111568451
14, 27, 1167, 2026, 0.6633978486061096
14, 28, 889, 2022, 0.5834552645683289
14, 29, 1173, 2083, 0.7038348317146301
14, 30, 891, 2082, 0.6184691190719604
14, 31, 1132, 2171, 0.4315204322338104
14, 32, 924, 2159, 0.31137731671333313
15, 0, 993, 282, -0.7693120241165161
15, 1, 1022, 237, -0.7407134771347046
15, 2, 1037, 237, -0.7409098744392395
15, 3, 1052, 237, -0.7411937713623047
15, 4, 963, 241, -0.7479531168937683
15, 5, 944, 243, -0.7481878399848938
15, 6, 927, 245, -0.7485911846160889
15, 7, 1077, 254, -0.48380571603775024
15, 8, 904, 265, -0.5126292109489441
15, 9, 1028, 325, -0.666108250617981
15, 10, 957, 330, -0.6743348240852356
15, 11, 1235, 521, -0.2828640043735504
15, 12, 763, 521, -0.3203916549682617
15, 13, 1286, 870, -0.15250489115715027
15, 14, 688, 856, -0.22750242054462433
15, 15, 1319, 1114, -0.3801150619983673
15, 16, 671, 1113, -0.45393016934394836
15, 17, 1347, 1226, -0.4431760609149933
15, 18, 648, 1206, -0.5207374095916748
15, 19, 1339, 1210, -0.511381983757019
15, 20, 689, 1175, -0.5906590819358826
15, 21, 1311, 1179, -0.41357308626174927
15, 22, 706, 1140, -0.48623228073120117
15, 23, 1157, 1112, -0.015758706256747246
15, 24, 876, 1118, 0.016485849395394325
15, 25, 1157, 1624, 0.12449422478675842
15, 26, 870, 1614, 0.1535387486219406
15, 27, 1167, 2024, 0.6517105102539062
15, 28, 889, 2022, 0.5843909382820129
15, 29, 1173, 2082, 0.6908340454101562
15, 30, 892, 2082, 0.6189267635345459
15, 31, 1133, 2170, 0.4115764796733856
15, 32, 924, 2159, 0.304531067609787
16, 0, 993, 282, -0.7552501559257507
16, 1, 1022, 238, -0.7241228818893433
16, 2, 1037, 237, -0.7243343591690063
16, 3, 1052, 237, -0.7246401906013489
16, 4, 963, 241, -0.7312602996826172
16, 5, 944, 243, -0.7314596772193909
16, 6, 927, 245, -0.7318560481071472
16, 7, 1077, 254, -0.46246522665023804
16, 8, 904, 265, -0.49081316590309143
16, 9, 1028, 325, -0.6510869264602661
16, 10, 957, 331, -0.6590784788131714
16, 11, 1235, 521, -0.25307902693748474
16, 12, 765, 520, -0.31014150381088257
16, 13, 1286, 868, -0.11878480762243271
16, 14, 682, 847, -0.2289869636297226
16, 15, 1318, 1114, -0.3609137237071991
16, 16, 680, 1084, -0.4811556935310364
16, 17, 1346, 1225, -0.42896848917007446
16, 18, 670, 1181, -0.5581459403038025
16, 19, 1338, 1209, -0.4976648688316345
16, 20, 722, 1166, -0.6220353841781616
16, 21, 1311, 1178, -0.39528951048851013
16, 22, 731, 1116, -0.5117996335029602
16, 23, 1157, 1110, -0.013425418175756931
16, 24, 876, 1110, 0.014168581925332546
16, 25, 1153, 1619, 0.14370135962963104
16, 26, 867, 1607, 0.1656651645898819
16, 27, 1164, 2009, 0.7195932865142822
16, 28, 888, 2006, 0.6327008008956909
16, 29, 1169, 2066, 0.7643719911575317
16, 30, 891, 2064, 0.6717754602432251
16, 31, 1131, 2155, 0.4905824661254883
16, 32, 922, 2146, 0.35924020409584045
17, 0, 994, 283, -0.6892535090446472
17, 1, 1023, 238, -0.656358540058136
17, 2, 1037, 237, -0.6565536260604858
17, 3, 1052, 237, -0.6567721962928772
17, 4, 964, 242, -0.6619307994842529
17, 5, 945, 243, -0.6620677709579468
17, 6, 928, 246, -0.6624976396560669
17, 7, 1077, 255, -0.39779576659202576
17, 8, 905, 265, -0.4197654128074646
17, 9, 1029, 325, -0.5875024199485779
17, 10, 958, 331, -0.5937685370445251
17, 11, 1235, 521, -0.18865875899791718
17, 12, 769, 515, -0.26202332973480225
17, 13, 1287, 867, -0.0525849312543869
17, 14, 675, 819, -0.2512896955013275
17, 15, 1318, 1114, -0.2957025170326233
17, 16, 681, 1022, -0.6040153503417969
17, 17, 1344, 1220, -0.3626507520675659
17, 18, 695, 1099, -0.6981432437896729
17, 19, 1338, 1206, -0.43153148889541626
17, 20, 739, 1071, -0.7521156668663025
17, 21, 1311, 1174, -0.3301154673099518
17, 22, 742, 1043, -0.633003294467926
17, 23, 1157, 1106, -0.009181708097457886
17, 24, 876, 1103, 0.009895074181258678
17, 25, 1156, 1611, 0.1793372631072998
17, 26, 871, 1600, 0.17405647039413452
17, 27, 1166, 1994, 0.768224835395813
17, 28, 891, 1995, 0.6559858322143555
17, 29, 1170, 2050, 0.8142461776733398
17, 30, 894, 2053, 0.6967143416404724
17, 31, 1132, 2142, 0.5408420562744141
17, 32, 924, 2133, 0.3839491903781891
18, 0, 994, 283, -0.6297902464866638
18, 1, 1023, 238, -0.601396918296814
18, 2, 1037, 237, -0.6015866994857788
18, 3, 1052, 237, -0.6016921401023865
18, 4, 965, 242, -0.6050883531570435
18, 5, 946, 244, -0.6051244139671326
18, 6, 929, 246, -0.6055472493171692
18, 7, 1077, 255, -0.36334341764450073
18, 8, 906, 265, -0.3766508996486664
18, 9, 1029, 325, -0.5368795990943909
18, 10, 959, 331, -0.5410754084587097
18, 11, 1235, 520, -0.18105457723140717
18, 12, 772, 514, -0.2341725081205368
18, 13, 1289, 867, -0.06888341158628464
18, 14, 664, 825, -0.29992416501045227
18, 15, 1319, 1106, -0.3141433000564575
18, 16, 681, 957, -0.7506186366081238
18, 17, 1344, 1211, -0.3827905058860779
18, 18, 715, 1016, -0.8520935773849487
18, 19, 1340, 1199, -0.4468182623386383
18, 20, 746, 968, -0.8977130651473999
18, 21, 1313, 1166, -0.34703877568244934
18, 22, 745, 947, -0.7789329290390015
18, 23, 1157, 1105, -0.006598038598895073
18, 24, 876, 1103, 0.007434626575559378
18, 25, 1159, 1609, 0.16067689657211304
18, 26, 868, 1600, 0.15150022506713867
18, 27, 1166, 1995, 0.7060890197753906
18, 28, 886, 1999, 0.5742703080177307
18, 29, 1170, 2051, 0.7377060055732727
18, 30, 888, 2054, 0.6088600158691406
18, 31, 1130, 2145, 0.44257307052612305
18, 32, 924, 2140, 0.2757197320461273
19, 0, 994, 283, -0.6755103468894958
19, 1, 1023, 238, -0.6453067064285278
19, 2, 1037, 237, -0.645481288433075
19, 3, 1052, 237, -0.6457653641700745
19, 4, 965, 242, -0.65203458070755
19, 5, 946, 244, -0.6521779894828796
19, 6, 929, 246, -0.6525850296020508
19, 7, 1076, 255, -0.3986533284187317
19, 8, 906, 266, -0.4170924723148346
19, 9, 1029, 325, -0.5778963565826416
19, 10, 959, 331, -0.5845417380332947
19, 11, 1234, 517, -0.20561529695987701
19, 12, 775, 514, -0.2454366683959961
19, 13, 1291, 863, -0.10618463903665543
19, 14, 653, 829, -0.37414243817329407
19, 15, 1317, 1089, -0.3815801739692688
19, 16, 681, 864, -0.9061869382858276
19, 17, 1340, 1189, -0.4530964195728302
19, 18, 725, 884, -1.0164204835891724
19, 19, 1335, 1183, -0.5118926763534546
19, 20, 745, 821, -1.0514694452285767
19, 21, 1310, 1150, -0.4118397831916809
19, 22, 742, 809, -0.9311614632606506
19, 23, 1157, 1104, -0.009234564378857613
19, 24, 876, 1104, 0.010365515016019344
19, 25, 1159, 1602, 0.10408596694469452
19, 26, 863, 1597, 0.15184229612350464
19, 27, 1163, 1998, 0.5351724624633789
19, 28, 874, 2000, 0.5664609670639038
19, 29, 1167, 2055, 0.5583933591842651
19, 30, 871, 2056, 0.5988581776618958
19, 31, 1124, 2147, 0.23371924459934235
19, 32, 919, 2141, 0.2513144612312317
20, 0, 994, 284, -0.7637426257133484
20, 1, 1023, 238, -0.7377752065658569
20, 2, 1037, 237, -0.7379019260406494
20, 3, 1051, 237, -0.7379190921783447
20, 4, 965, 243, -0.7399677038192749
20, 5, 946, 245, -0.7400531768798828
20, 6, 930, 247, -0.7404471635818481
20, 7, 1075, 254, -0.4858499765396118
20, 8, 906, 266, -0.4893822968006134
20, 9, 1028, 326, -0.6643447875976562
20, 10, 959, 332, -0.6660312414169312
20, 11, 1233, 513, -0.27164745330810547
20, 12, 775, 514, -0.2932944595813751
20, 13, 1292, 862, -0.16925755143165588
20, 14, 631, 850, -0.43914979696273804
20, 15, 1314, 1089, -0.44324928522109985
20, 16, 680, 794, -0.9467362761497498
20, 17, 1342, 1193, -0.5099462270736694
20, 18, 734, 784, -1.0519107580184937
20, 19, 1332, 1186, -0.5697529315948486
20, 20, 746, 724, -1.0767582654953003
20, 21, 1308, 1152, -0.4734356701374054
20, 22, 741, 724, -0.9651888608932495
20, 23, 1157, 1102, -0.009457496926188469
20, 24, 878, 1104, 0.010562575422227383
20, 25, 1160, 1600, 0.09207078069448471
20, 26, 862, 1598, 0.1397285759449005
20, 27, 1163, 2000, 0.5436252951622009
20, 28, 873, 2002, 0.5479205250740051
20, 29, 1167, 2057, 0.5695329904556274
20, 30, 870, 2058, 0.5793009996414185
20, 31, 1124, 2149, 0.24734659492969513
20, 32, 920, 2142, 0.22400960326194763
21, 0, 994, 284, -0.7380465269088745
21, 1, 1022, 238, -0.7098169922828674
21, 2, 1037, 237, -0.709926426410675
21, 3, 1051, 237, -0.7097591757774353
21, 4, 965, 243, -0.7076518535614014
21, 5, 946, 245, -0.707710325717926
21, 6, 930, 248, -0.7080423831939697
21, 7, 1074, 254, -0.45806849002838135
21, 8, 906, 266, -0.4467686414718628
21, 9, 1028, 326, -0.6419060230255127
21, 10, 959, 333, -0.6383587718009949
21, 11, 1232, 513, -0.26828911900520325
21, 12, 775, 514, -0.27450504899024963
21, 13, 1292, 863, -0.18399855494499207
21, 14, 616, 859, -0.5056732892990112
21, 15, 1312, 1090, -0.45136696100234985
21, 16, 686, 715, -1.092994213104248
21, 17, 1337, 1196, -0.5176397562026978
21, 18, 744, 676, -1.2075787782669067
21, 19, 1328, 1191, -0.5692976713180542
21, 20, 756, 624, -1.2120311260223389
21, 21, 1304, 1156, -0.4781823456287384
21, 22, 749, 633, -1.1058200597763062
21, 23, 1157, 1101, -0.009613933973014355
21, 24, 878, 1103, 0.010773574002087116
21, 25, 1160, 1601, 0.08568375557661057
21, 26, 860, 1600, 0.14851203560829163
21, 27, 1162, 2004, 0.5552265048027039
21, 28, 870, 2008, 0.5778608918190002
21, 29, 1167, 2061, 0.5831412076950073
21, 30, 865, 2063, 0.6125004887580872
21, 31, 1123, 2151, 0.2642771303653717
21, 32, 917, 2150, 0.23548291623592377
22, 0, 994, 286, -0.6690558791160583
22, 1, 1022, 238, -0.63642418384552
22, 2, 1037, 237, -0.6365798115730286
22, 3, 1051, 237, -0.6365187764167786
22, 4, 964, 244, -0.6362050175666809
22, 5, 946, 247, -0.6362258195877075
22, 6, 929, 249, -0.6365551352500916
22, 7, 1074, 254, -0.37721824645996094
22, 8, 906, 268, -0.37010249495506287
22, 9, 1027, 330, -0.5715577006340027
22, 10, 959, 337, -0.569970965385437
22, 11, 1230, 512, -0.21144531667232513
22, 12, 775, 514, -0.22492307424545288
22, 13, 1292, 863, -0.1717374175786972
22, 14, 605, 864, -0.5225905179977417
22, 15, 1309, 1092, -0.4318694472312927
22, 16, 714, 642, -1.116487741470337
22, 17, 1340, 1212, -0.49990031123161316
22, 18, 766, 583, -1.2361583709716797
22, 19, 1325, 1198, -0.5435732007026672
22, 20, 774, 546, -1.223136305809021
22, 21, 1301, 1164, -0.4697088897228241
22, 22, 769, 560, -1.124490737915039
22, 23, 1157, 1101, -0.010419757105410099
22, 24, 877, 1103, 0.011704237200319767
22, 25, 1161, 1601, 0.067808598279953
22, 26, 859, 1604, 0.15394315123558044
22, 27, 1162, 2010, 0.5298101305961609
22, 28, 870, 2015, 0.5833706259727478
22, 29, 1168, 2066, 0.5564156770706177
22, 30, 865, 2070, 0.6185587644577026
22, 31, 1124, 2157, 0.23081758618354797
22, 32, 917, 2161, 0.2476693093776703
23, 0, 992, 286, -0.6407198309898376
23, 1, 1020, 238, -0.6078128814697266
23, 2, 1036, 237, -0.6079732775688171
23, 3, 1050, 237, -0.607939600944519
23, 4, 962, 244, -0.6057872772216797
23, 5, 943, 247, -0.6058331727981567
23, 6, 926, 249, -0.6061800122261047
23, 7, 1074, 254, -0.3537759780883789
23, 8, 905, 269, -0.3357657492160797
23, 9, 1027, 330, -0.5460965037345886
23, 10, 958, 338, -0.541750967502594
23, 11, 1230, 511, -0.1969267874956131
23, 12, 775, 518, -0.1972089409828186
23, 13, 1293, 862, -0.16608603298664093
23, 14, 599, 870, -0.5104837417602539
23, 15, 1308, 1092, -0.3940485417842865
23, 16, 716, 602, -1.0975227355957031
23, 17, 1340, 1219, -0.4532402455806732
23, 18, 768, 526, -1.2185008525848389
23, 19, 1319, 1202, -0.48949453234672546
23, 20, 775, 497, -1.1984329223632812
23, 21, 1295, 1168, -0.4187011122703552
23, 22, 772, 515, -1.1043225526809692
23, 23, 1160, 1101, -0.013175398111343384
23, 24, 878, 1103, 0.014598541893064976
23, 25, 1165, 1603, 0.051260706037282944
23, 26, 860, 1611, 0.15670710802078247
23, 27, 1170, 2020, 0.4965716600418091
23, 28, 873, 2026, 0.579971194267273
23, 29, 1178, 2076, 0.5213374495506287
23, 30, 868, 2081, 0.6145405173301697
23, 31, 1135, 2166, 0.1931910216808319
23, 32, 920, 2172, 0.2511821687221527
24, 0, 990, 286, -0.6624677777290344
24, 1, 1018, 238, -0.6299297213554382
24, 2, 1035, 237, -0.6300752758979797
24, 3, 1048, 237, -0.6300807595252991
24, 4, 959, 244, -0.6279351115226746
24, 5, 941, 247, -0.6280148029327393
24, 6, 923, 249, -0.6283780932426453
24, 7, 1073, 254, -0.3768189549446106
24, 8, 904, 269, -0.3574002981185913
24, 9, 1025, 331, -0.5674616694450378
24, 10, 955, 340, -0.563657820224762
24, 11, 1230, 511, -0.20944532752037048
24, 12, 776, 519, -0.21683090925216675
24, 13, 1294, 863, -0.16677416861057281
24, 14, 594, 868, -0.5537643432617188
24, 15, 1308, 1093, -0.35057875514030457
24, 16, 727, 558, -1.1132880449295044
24, 17, 1335, 1220, -0.4011606276035309
24, 18, 779, 483, -1.2322652339935303
24, 19, 1318, 1218, -0.43617475032806396
24, 20, 786, 453, -1.2004023790359497
24, 21, 1294, 1184, -0.37085169553756714
24, 22, 784, 475, -1.1156853437423706
24, 23, 1162, 1103, -0.01582171954214573
24, 24, 879, 1104, 0.017229117453098297
24, 25, 1170, 1614, 0.04561435803771019
24, 26, 863, 1624, 0.1643652617931366
24, 27, 1178, 2033, 0.5139433741569519
24, 28, 879, 2042, 0.5937356948852539
24, 29, 1188, 2089, 0.5415642261505127
24, 30, 874, 2097, 0.6300709247589111
24, 31, 1146, 2181, 0.21478870511054993
24, 32, 927, 2190, 0.2700289189815521
25, 0, 988, 286, -0.673750102519989
25, 1, 1016, 238, -0.6413069367408752
25, 2, 1034, 237, -0.6414517164230347
25, 3, 1047, 237, -0.6414681673049927
25, 4, 957, 244, -0.6401297450065613
25, 5, 938, 247, -0.6402192711830139
25, 6, 921, 249, -0.6405957341194153
25, 7, 1072, 254, -0.3859512507915497
25, 8, 904, 269, -0.3689207434654236
25, 9, 1023, 331, -0.5777606964111328
25, 10, 953, 340, -0.5754987597465515
25, 11, 1229, 511, -0.21472443640232086
25, 12, 777, 520, -0.22864769399166107
25, 13, 1294, 863, -0.1641794741153717
25, 14, 593, 862, -0.5880889892578125
25, 15, 1308, 1101, -0.32426074147224426
25, 16, 732, 536, -1.1401234865188599
25, 17, 1334, 1223, -0.37051281332969666
25, 18, 784, 463, -1.2594074010849
25, 19, 1318, 1233, -0.40613240003585815
25, 20, 790, 431, -1.2224109172821045
25, 21, 1294, 1199, -0.34425225853919983
25, 22, 788, 451, -1.140525460243225
25, 23, 1162, 1103, -0.01704350858926773
25, 24, 879, 1105, 0.018416160717606544
25, 25, 1172, 1622, 0.04082053154706955
25, 26, 865, 1635, 0.17065711319446564
25, 27, 1183, 2042, 0.506698727607727
25, 28, 883, 2053, 0.6045293807983398
25, 29, 1193, 2099, 0.5335274338722229
25, 30, 878, 2109, 0.6416881680488586
25, 31, 1153, 2191, 0.20185239613056183
25, 32, 932, 2201, 0.2825872004032135
26, 0, 986, 286, -0.6791704893112183
26, 1, 1013, 238, -0.6468925476074219
26, 2, 1032, 237, -0.6470330357551575
26, 3, 1045, 237, -0.647055447101593
26, 4, 955, 244, -0.645514190196991
26, 5, 936, 247, -0.6456034779548645
26, 6, 919, 249, -0.6459836363792419
26, 7, 1071, 254, -0.39158353209495544
26, 8, 903, 270, -0.3716718852519989
26, 9, 1021, 331, -0.5825054049491882
26, 10, 950, 340, -0.5810770392417908
26, 11, 1228, 511, -0.21781209111213684
26, 12, 778, 520, -0.23414760828018188
26, 13, 1294, 862, -0.16301505267620087
26, 14, 590, 849, -0.5911118388175964
26, 15, 1308, 1101, -0.2997778058052063
26, 16, 741, 518, -1.1287645101547241
26, 17, 1334, 1222, -0.3424357771873474
26, 18, 786, 444, -1.2466529607772827
26, 19, 1318, 1233, -0.3782743215560913
26, 20, 797, 418, -1.2042475938796997
26, 21, 1294, 1199, -0.3194659650325775
26, 22, 796, 440, -1.1270250082015991
26, 23, 1162, 1103, -0.020275330170989037
26, 24, 880, 1105, 0.02158110775053501
26, 25, 1174, 1623, 0.028833316639065742
26, 26, 871, 1636, 0.17553123831748962
26, 27, 1188, 2043, 0.48810940980911255
26, 28, 891, 2053, 0.6073112487792969
26, 29, 1198, 2099, 0.5140880346298218
26, 30, 885, 2110, 0.6443046927452087
26, 31, 1157, 2190, 0.17971386015415192
26, 32, 939, 2201, 0.28714507818222046
27, 0, 984, 286, -0.675763726234436
27, 1, 1011, 237, -0.6418684124946594
27, 2, 1030, 236, -0.641986608505249
27, 3, 1044, 236, -0.6419828534126282
27, 4, 953, 244, -0.639090359210968
27, 5, 934, 247, -0.6391609907150269
27, 6, 918, 249, -0.6395423412322998
27, 7, 1070, 254, -0.386857807636261
27, 8, 903, 270, -0.3630198538303375
27, 9, 1019, 331, -0.5811557173728943
27, 10, 949, 340, -0.5769044160842896
27, 11, 1227, 511, -0.21908842027187347
27, 12, 778, 520, -0.23317892849445343
27, 13, 1294, 861, -0.1617981642484665
27, 14, 587, 842, -0.5855048298835754
27, 15, 1309, 1101, -0.3019637167453766
27, 16, 742, 518, -1.1227662563323975
27, 17, 1334, 1215, -0.34746915102005005
27, 18, 787, 445, -1.240967035293579
27, 19, 1320, 1231, -0.384225457906723
27, 20, 798, 418, -1.1997730731964111
27, 21, 1296, 1198, -0.3225089907646179
27, 22, 797, 438, -1.1218839883804321
27, 23, 1162, 1103, -0.022362269461154938
27, 24, 880, 1106, 0.023654315620660782
27, 25, 1175, 1625, 0.03532599285244942
27, 26, 872, 1638, 0.1873582899570465
27, 27, 1188, 2044, 0.49721038341522217
27, 28, 891, 2055, 0.6289746761322021
27, 29, 1198, 2101, 0.5235874652862549
27, 30, 886, 2112, 0.6673582196235657
27, 31, 1157, 2192, 0.19141438603401184
27, 32, 939, 2201, 0.3120507299900055
28, 0, 984, 286, -0.6579910516738892
28, 1, 1011, 237, -0.6220782399177551
28, 2, 1030, 236, -0.6221826076507568
28, 3, 1043, 236, -0.6221662759780884
28, 4, 953, 244, -0.6194677352905273
28, 5, 935, 246, -0.6195067167282104
28, 6, 918, 249, -0.6198750734329224
28, 7, 1069, 254, -0.3650328516960144
28, 8, 903, 270, -0.34332236647605896
28, 9, 1019, 331, -0.5643290281295776
28, 10, 949, 340, -0.5595144629478455
28, 11, 1227, 511, -0.20538535714149475
28, 12, 778, 520, -0.22362679243087769
28, 13, 1294, 861, -0.15126171708106995
28, 14, 584, 835, -0.576418936252594
28, 15, 1309, 1101, -0.2948063313961029
28, 16, 744, 511, -1.111868977546692
28, 17, 1334, 1211, -0.3422884941101074
28, 18, 788, 438, -1.2313843965530396
28, 19, 1321, 1231, -0.37916499376296997
28, 20, 800, 413, -1.1901930570602417
28, 21, 1296, 1197, -0.31590476632118225
28, 22, 800, 433, -1.1111416816711426
28, 23, 1163, 1103, -0.02228585258126259
28, 24, 880, 1107, 0.023576056584715843
28, 25, 1177, 1626, 0.037784937769174576
28, 26, 875, 1640, 0.18303140997886658
28, 27, 1189, 2047, 0.4979228675365448
28, 28, 893, 2057, 0.6197728514671326
28, 29, 1199, 2104, 0.5240393280982971
28, 30, 887, 2114, 0.6569297313690186
28, 31, 1157, 2195, 0.19161356985569
28, 32, 941, 2204, 0.3110518157482147
29, 0, 984, 286, -0.6676982045173645
29, 1, 1011, 236, -0.6263114809989929
29, 2, 1030, 235, -0.626334011554718
29, 3, 1043, 236, -0.6262637972831726
29, 4, 954, 243, -0.6238462328910828
29, 5, 935, 246, -0.6239266991615295
29, 6, 918, 249, -0.6242961287498474
29, 7, 1069, 254, -0.37299397587776184
29, 8, 903, 269, -0.35462725162506104
29, 9, 1019, 331, -0.5725346207618713
29, 10, 949, 340, -0.568752110004425
29, 11, 1227, 511, -0.20619119703769684
29, 12, 778, 519, -0.23616014420986176
29, 13, 1294, 861, -0.15141788125038147
29, 14, 582, 832, -0.6120529174804688
29, 15, 1311, 1104, -0.2930229604244232
29, 16, 745, 509, -1.1496325731277466
29, 17, 1335, 1217, -0.33881881833076477
29, 18, 789, 438, -1.2701762914657593
29, 19, 1318, 1229, -0.3759649097919464
29, 20, 803, 412, -1.226769208908081
29, 21, 1296, 1198, -0.31386786699295044
29, 22, 802, 433, -1.1479830741882324
29, 23, 1163, 1103, -0.02216506376862526
29, 24, 881, 1109, 0.023440666496753693
29, 25, 1181, 1628, 0.04247483238577843
29, 26, 879, 1641, 0.1813865751028061
29, 27, 1193, 2048, 0.5050262808799744
29, 28, 898, 2059, 0.6216867566108704
29, 29, 1203, 2104, 0.5318706631660461
29, 30, 892, 2115, 0.6596444249153137
29, 31, 1162, 2196, 0.20696820318698883
29, 32, 946, 2205, 0.3080783486366272
30, 0, 985, 285, -0.6599347591400146
30, 1, 1012, 236, -0.6197874546051025
30, 2, 1030, 235, -0.6198714971542358
30, 3, 1044, 236, -0.6198481321334839
30, 4, 955, 243, -0.6190260648727417
30, 5, 937, 246, -0.6190923452377319
30, 6, 919, 248, -0.6194579601287842
30, 7, 1069, 254, -0.35627755522727966
30, 8, 903, 269, -0.344969779253006
30, 9, 1020, 331, -0.5636013150215149
30, 10, 950, 341, -0.5615144371986389
30, 11, 1227, 511, -0.19271878898143768
30, 12, 778, 519, -0.22916819155216217
30, 13, 1294, 861, -0.1328752487897873
30, 14, 580, 828, -0.5981220602989197
30, 15, 1311, 1100, -0.27277040481567383
30, 16, 751, 498, -1.1375113725662231
30, 17, 1334, 1208, -0.31901586055755615
30, 18, 794, 429, -1.259873628616333
30, 19, 1318, 1224, -0.35542595386505127
30, 20, 807, 405, -1.215903878211975
30, 21, 1295, 1193, -0.29348599910736084
30, 22, 805, 425, -1.135961890220642
30, 23, 1163, 1103, -0.02206553891301155
30, 24, 882, 1110, 0.023331409320235252
30, 25, 1182, 1628, 0.03513256460428238
30, 26, 880, 1641, 0.18060408532619476
30, 27, 1194, 2048, 0.4969903230667114
30, 28, 899, 2058, 0.6224965453147888
30, 29, 1204, 2104, 0.5235800743103027
30, 30, 893, 2114, 0.6607493162155151
30, 31, 1163, 2196, 0.1925024390220642
30, 32, 947, 2204, 0.30710369348526
31, 0, 987, 285, -0.6413676738739014
31, 1, 1013, 236, -0.6020793318748474
31, 2, 1031, 235, -0.6021813154220581
31, 3, 1044, 235, -0.602179229259491
31, 4, 957, 243, -0.6018335223197937
31, 5, 938, 246, -0.6018635034561157
31, 6, 921, 248, -0.6022136807441711
31, 7, 1069, 254, -0.33923834562301636
31, 8, 903, 269, -0.3292138874530792
31, 9, 1021, 331, -0.5458624362945557
31, 10, 952, 341, -0.5442047119140625
31, 11, 1227, 511, -0.18067747354507446
31, 12, 779, 519, -0.21674442291259766
31, 13, 1294, 856, -0.11986710876226425
31, 14, 579, 826, -0.5828679203987122
31, 15, 1310, 1088, -0.25818997621536255
31, 16, 754, 498, -1.1201263666152954
31, 17, 1335, 1208, -0.3042833209037781
31, 18, 796, 428, -1.2414195537567139
31, 19, 1315, 1212, -0.3391372263431549
31, 20, 809, 404, -1.1994138956069946
31, 21, 1292, 1180, -0.27820003032684326
31, 22, 807, 425, -1.1190638542175293
31, 23, 1163, 1103, -0.021985162049531937
31, 24, 882, 1110, 0.023249570280313492
31, 25, 1181, 1627, 0.03623555973172188
31, 26, 881, 1639, 0.18009522557258606
31, 27, 1193, 2046, 0.4891848862171173
31, 28, 899, 2055, 0.6195610761642456
31, 29, 1203, 2102, 0.5148612260818481
31, 30, 893, 2111, 0.6572936177253723
31, 31, 1162, 2194, 0.18463049829006195
31, 32, 947, 2201, 0.30496278405189514
32, 0, 987, 285, -0.624669075012207
32, 1, 1013, 236, -0.5865406394004822
32, 2, 1031, 235, -0.5866526961326599
32, 3, 1044, 235, -0.5866489410400391
32, 4, 957, 243, -0.5849930047988892
32, 5, 939, 246, -0.5849915146827698
32, 6, 921, 248, -0.5853297710418701
32, 7, 1069, 254, -0.3276974856853485
32, 8, 903, 269, -0.31069856882095337
32, 9, 1021, 331, -0.5308108925819397
32, 10, 952, 341, -0.527145504951477
32, 11, 1227, 512, -0.17585965991020203
32, 12, 779, 519, -0.199442058801651
32, 13, 1294, 856, -0.1223633736371994
32, 14, 579, 825, -0.5714650750160217
32, 15, 1308, 1085, -0.26970869302749634
32, 16, 755, 497, -1.101125717163086
32, 17, 1328, 1201, -0.31869226694107056
32, 18, 797, 429, -1.220706820487976
32, 19, 1308, 1208, -0.3527795672416687
32, 20, 810, 404, -1.1848770380020142
32, 21, 1286, 1176, -0.28972724080085754
32, 22, 808, 424, -1.1017485857009888
32, 23, 1164, 1140, -0.02257237397134304
32, 24, 882, 1110, 0.023884588852524757
32, 25, 1181, 1626, 0.033505551517009735
32, 26, 881, 1639, 0.18249061703681946
32, 27, 1192, 2046, 0.4825241267681122
32, 28, 898, 2055, 0.6191897988319397
32, 29, 1201, 2101, 0.5078913569450378
32, 30, 892, 2111, 0.6568618416786194
32, 31, 1160, 2193, 0.17682407796382904
32, 32, 947, 2201, 0.304279625415802
33, 0, 987, 285, -0.609835684299469
33, 1, 1013, 236, -0.5718364119529724
33, 2, 1031, 235, -0.5719664096832275
33, 3, 1044, 235, -0.5719692707061768
33, 4, 957, 243, -0.5699564814567566
33, 5, 939, 246, -0.5699394345283508
33, 6, 921, 248, -0.5702760815620422
33, 7, 1069, 254, -0.3142206370830536
33, 8, 903, 270, -0.2951577603816986
33, 9, 1021, 332, -0.5166113972663879
33, 10, 952, 341, -0.5123185515403748
33, 11, 1227, 512, -0.16739502549171448
33, 12, 779, 519, -0.18567828834056854
33, 13, 1294, 854, -0.11974027752876282
33, 14, 580, 824, -0.5683490037918091
33, 15, 1308, 1078, -0.26970374584198
33, 16, 757, 494, -1.0925790071487427
33, 17, 1330, 1202, -0.31987911462783813
33, 18, 800, 427, -1.211368441581726
33, 19, 1307, 1200, -0.35344916582107544
33, 20, 813, 403, -1.1819478273391724
33, 21, 1285, 1168, -0.28960928320884705
33, 22, 811, 423, -1.0946491956710815
33, 23, 1164, 1152, -0.023366041481494904
33, 24, 882, 1110, 0.024729568511247635
33, 25, 1181, 1626, 0.029550407081842422
33, 26, 880, 1639, 0.1858460009098053
33, 27, 1192, 2046, 0.47129327058792114
33, 28, 898, 2055, 0.6202269792556763
33, 29, 1201, 2101, 0.4958241283893585
33, 30, 892, 2110, 0.6578935980796814
33, 31, 1160, 2193, 0.16386333107948303
33, 32, 946, 2201, 0.3051360249519348
34, 0, 987, 286, -0.6120725870132446
34, 1, 1013, 236, -0.5739278197288513
34, 2, 1031, 235, -0.5740676522254944
34, 3, 1044, 235, -0.5740696787834167
34, 4, 957, 243, -0.5726968050003052
34, 5, 939, 246, -0.5726927518844604
34, 6, 921, 248, -0.5730409026145935
34, 7, 1069, 254, -0.3143964111804962
34, 8, 903, 270, -0.29851773381233215
34, 9, 1021, 332, -0.5178711414337158
34, 10, 952, 342, -0.5144841074943542
34, 11, 1226, 512, -0.1627899706363678
34, 12, 780, 519, -0.18805386126041412
34, 13, 1294, 852, -0.11269082874059677
34, 14, 581, 824, -0.5633029341697693
34, 15, 1307, 1073, -0.2599621117115021
34, 16, 760, 492, -1.093637228012085
34, 17, 1333, 1202, -0.3084457516670227
34, 18, 804, 423, -1.2140064239501953
34, 19, 1307, 1192, -0.3423961400985718
34, 20, 816, 399, -1.1768323183059692
34, 21, 1285, 1161, -0.27990061044692993
34, 22, 814, 420, -1.0934531688690186
34, 23, 1165, 1155, -0.023374158889055252
34, 24, 882, 1110, 0.024748144671320915
34, 25, 1181, 1626, 0.025614487007260323
34, 26, 880, 1639, 0.18512506783008575
34, 27, 1191, 2045, 0.4636688232421875
34, 28, 898, 2055, 0.6170753836631775
34, 29, 1201, 2101, 0.4877701699733734
34, 30, 891, 2110, 0.6545799374580383
34, 31, 1159, 2193, 0.15625539422035217
34, 32, 946, 2200, 0.3016278147697449
35, 0, 987, 286, -0.6193365454673767
35, 1, 1013, 236, -0.5813249945640564
35, 2, 1031, 235, -0.5814699530601501
35, 3, 1044, 235, -0.581475019454956
35, 4, 957, 243, -0.5807166695594788
35, 5, 939, 246, -0.5807274580001831
35, 6, 921, 249, -0.581084132194519
35, 7, 1069, 254, -0.3206770718097687
35, 8, 903, 270, -0.3078140318393707
35, 9, 1021, 333, -0.5244260430335999
35, 10, 952, 343, -0.5218771696090698
35, 11, 1226, 512, -0.16649477183818817
35, 12, 780, 519, -0.194710835814476
35, 13, 1294, 849, -0.11287824809551239
35, 14, 581, 823, -0.5728683471679688
35, 15, 1308, 1065, -0.25552916526794434
35, 16, 764, 483, -1.1093294620513916
35, 17, 1331, 1181, -0.302177757024765
35, 18, 809, 412, -1.2305601835250854
35, 19, 1307, 1187, -0.33687928318977356
35, 20, 819, 389, -1.1867202520370483
35, 21, 1285, 1104, -0.2754429280757904
35, 22, 816, 409, -1.1075172424316406
35, 23, 1167, 1156, -0.02336542122066021
35, 24, 882, 1110, 0.024746647104620934
35, 25, 1181, 1626, 0.02281952276825905
35, 26, 881, 1638, 0.18501406908035278
35, 27, 1191, 2045, 0.45708778500556946
35, 28, 898, 2054, 0.6166819334030151
35, 29, 1201, 2101, 0.4808330833911896
35, 30, 892, 2110, 0.6541483998298645
35, 31, 1159, 2193, 0.14958566427230835
35, 32, 946, 2200, 0.3016839921474457
36, 0, 987, 288, -0.6197074055671692
36, 1, 1013, 236, -0.5820473432540894
36, 2, 1031, 235, -0.5821840763092041
36, 3, 1044, 235, -0.5821783542633057
36, 4, 957, 244, -0.5815337896347046
36, 5, 938, 247, -0.5815332531929016
36, 6, 920, 250, -0.5818910598754883
36, 7, 1069, 254, -0.3224315941333771
36, 8, 902, 271, -0.30987298488616943
36, 9, 1021, 335, -0.5250198841094971
36, 10, 952, 345, -0.5225962400436401
36, 11, 1226, 512, -0.16751965880393982
36, 12, 780, 519, -0.1981983631849289
36, 13, 1294, 849, -0.11458689719438553
36, 14, 582, 823, -0.573786735534668
36, 15, 1308, 1067, -0.26011648774147034
36, 16, 767, 479, -1.1055761575698853
36, 17, 1330, 1180, -0.3072059750556946
36, 18, 813, 406, -1.2255059480667114
36, 19, 1308, 1184, -0.34150373935699463
36, 20, 821, 381, -1.1825833320617676
36, 21, 1286, 1115, -0.28005412220954895
36, 22, 819, 402, -1.10385000705719
36, 23, 1167, 1157, -0.023077530786395073
36, 24, 882, 1110, 0.024499915540218353
36, 25, 1181, 1626, 0.02372715435922146
36, 26, 881, 1638, 0.1806926280260086
36, 27, 1191, 2046, 0.45002490282058716
36, 28, 898, 2054, 0.598579466342926
36, 29, 1200, 2102, 0.4728555977344513
36, 30, 891, 2110, 0.6344737410545349
36, 31, 1159, 2194, 0.14158551394939423
36, 32, 946, 2200, 0.28054964542388916
37, 0, 986, 288, -0.6149473786354065
37, 1, 1013, 237, -0.5771394371986389
37, 2, 1031, 235, -0.5772789716720581
37, 3, 1043, 235, -0.5772833228111267
37, 4, 956, 245, -0.5764607787132263
37, 5, 937, 248, -0.5764488577842712
37, 6, 919, 250, -0.576811671257019
37, 7, 1068, 254, -0.3189685046672821
37, 8, 902, 272, -0.3053797483444214
37, 9, 1020, 336, -0.5210530161857605
37, 10, 951, 346, -0.5183976888656616
37, 11, 1225, 512, -0.1672472059726715
37, 12, 780, 519, -0.19811534881591797
37, 13, 1294, 849, -0.11491382867097855
37, 14, 582, 822, -0.5715490579605103
37, 15, 1308, 1070, -0.2517557740211487
37, 16, 770, 477, -1.104014277458191
37, 17, 1330, 1182, -0.2968539595603943
37, 18, 814, 401, -1.224821925163269
37, 19, 1308, 1186, -0.33075186610221863
37, 20, 821, 377, -1.1751214265823364
37, 21, 1286, 1131, -0.27138689160346985
37, 22, 820, 400, -1.1022191047668457
37, 23, 1169, 1158, -0.02301078476011753
37, 24, 882, 1110, 0.02445095218718052
37, 25, 1182, 1627, 0.025031285360455513
37, 26, 882, 1638, 0.1794518381357193
37, 27, 1192, 2047, 0.4425591826438904
37, 28, 899, 2055, 0.5856131911277771
37, 29, 1201, 2103, 0.4639972746372223
37, 30, 892, 2111, 0.6201980113983154
37, 31, 1160, 2196, 0.13195887207984924
37, 32, 947, 2201, 0.26668113470077515
38, 0, 986, 289, -0.6017466187477112
38, 1, 1012, 237, -0.564001202583313
38, 2, 1030, 236, -0.5641310811042786
38, 3, 1043, 236, -0.5641471743583679
38, 4, 956, 246, -0.5635465979576111
38, 5, 937, 248, -0.5635062456130981
38, 6, 919, 251, -0.5638618469238281
38, 7, 1067, 254, -0.30935612320899963
38, 8, 901, 273, -0.296205997467041
38, 9, 1020, 337, -0.5096723437309265
38, 10, 951, 347, -0.5071119666099548
38, 11, 1225, 512, -0.16552093625068665
38, 12, 781, 520, -0.1960841715335846
38, 13, 1294, 851, -0.11520992964506149
38, 14, 582, 821, -0.569599986076355
38, 15, 1309, 1079, -0.24493713676929474
38, 16, 771, 472, -1.077744960784912
38, 17, 1330, 1186, -0.2891201972961426
38, 18, 814, 394, -1.193634271621704
38, 19, 1308, 1195, -0.3223782181739807
38, 20, 822, 371, -1.1441435813903809
38, 21, 1286, 1154, -0.2642923593521118
38, 22, 821, 394, -1.0742743015289307
38, 23, 1171, 1160, -0.02276669815182686
38, 24, 882, 1111, 0.024225516244769096
38, 25, 1183, 1628, 0.0334048867225647
38, 26, 884, 1640, 0.1753012239933014
38, 27, 1193, 2051, 0.44183462858200073
38, 28, 900, 2058, 0.5633985996246338
38, 29, 1203, 2108, 0.46233218908309937
38, 30, 893, 2114, 0.596083402633667
38, 31, 1161, 2199, 0.13133569061756134
38, 32, 947, 2204, 0.24232758581638336
39, 0, 986, 289, -0.6038482785224915
39, 1, 1012, 237, -0.5664122700691223
39, 2, 1030, 236, -0.5665434002876282
39, 3, 1043, 235, -0.5665606260299683
39, 4, 956, 246, -0.5660478472709656
39, 5, 937, 248, -0.5660051107406616
39, 6, 919, 251, -0.5663630962371826
39, 7, 1066, 254, -0.3115752935409546
39, 8, 901, 273, -0.2989128828048706
39, 9, 1020, 336, -0.5115992426872253
39, 10, 950, 347, -0.509196937084198
39, 11, 1225, 512, -0.1673908531665802
39, 12, 781, 520, -0.19749943912029266
39, 13, 1295, 852, -0.11599690467119217
39, 14, 583, 820, -0.5697619318962097
39, 15, 1311, 1087, -0.24447891116142273
39, 16, 773, 470, -1.0748138427734375
39, 17, 1331, 1193, -0.28814297914505005
39, 18, 815, 393, -1.1899031400680542
39, 19, 1308, 1207, -0.3220256268978119
39, 20, 822, 371, -1.1419670581817627
39, 21, 1286, 1171, -0.26396703720092773
39, 22, 822, 393, -1.0713399648666382
39, 23, 1175, 1159, -0.022650277242064476
39, 24, 882, 1112, 0.02411721833050251
39, 25, 1187, 1628, 0.040623739361763
39, 26, 888, 1640, 0.17470908164978027
39, 27, 1197, 2052, 0.44279444217681885
39, 28, 905, 2059, 0.5615413188934326
39, 29, 1207, 2108, 0.4628868103027344
39, 30, 898, 2115, 0.5941633582115173
39, 31, 1164, 2199, 0.13125178217887878
39, 32, 951, 2204, 0.23967276513576508
40, 0, 985, 289, -0.5965192317962646
40, 1, 1011, 237, -0.5584524869918823
40, 2, 1029, 236, -0.5585840940475464
40, 3, 1042, 235, -0.5585764646530151
40, 4, 955, 246, -0.5579481720924377
40, 5, 937, 248, -0.5578796863555908
40, 6, 919, 251, -0.5582305192947388
40, 7, 1064, 253, -0.30261439085006714
40, 8, 901, 273, -0.28877687454223633
40, 9, 1019, 336, -0.5046561360359192
40, 10, 950, 347, -0.5019690990447998
40, 11, 1225, 511, -0.16315993666648865
40, 12, 781, 520, -0.19160676002502441
40, 13, 1295, 852, -0.1114121675491333
40, 14, 583, 821, -0.569161593914032
40, 15, 1313, 1088, -0.23360346257686615
40, 16, 773, 475, -1.0741732120513916
40, 17, 1332, 1193, -0.27689191699028015
40, 18, 815, 400, -1.1895394325256348
40, 19, 1309, 1209, -0.3106726109981537
40, 20, 822, 377, -1.1423732042312622
40, 21, 1286, 1176, -0.2529762089252472
40, 22, 822, 399, -1.0708366632461548
40, 23, 1176, 1158, -0.023127393797039986
40, 24, 883, 1112, 0.02461688406765461
40, 25, 1189, 1628, 0.038340162485837936
40, 26, 889, 1640, 0.1752297729253769
40, 27, 1199, 2053, 0.4299549460411072
40, 28, 907, 2061, 0.565934419631958
40, 29, 1209, 2109, 0.4486925005912781
40, 30, 901, 2117, 0.5989469289779663
40, 31, 1165, 2200, 0.11217793077230453
40, 32, 951, 2205, 0.2423190027475357
41, 0, 985, 288, -0.5879815220832825
41, 1, 1010, 237, -0.5496307611465454
41, 2, 1028, 235, -0.5497602820396423
41, 3, 1041, 235, -0.5497424602508545
41, 4, 955, 246, -0.548979640007019
41, 5, 937, 248, -0.5488988757133484
41, 6, 918, 251, -0.5492497086524963
41, 7, 1063, 253, -0.29268938302993774
41, 8, 901, 272, -0.27825650572776794
41, 9, 1019, 335, -0.49587565660476685
41, 10, 949, 346, -0.49303823709487915
41, 11, 1224, 510, -0.15515413880348206
41, 12, 780, 520, -0.1842917650938034
41, 13, 1296, 853, -0.1030188649892807
41, 14, 583, 821, -0.5648890137672424
41, 15, 1315, 1090, -0.22539375722408295
41, 16, 773, 478, -1.0710906982421875
41, 17, 1334, 1194, -0.26945245265960693
41, 18, 814, 404, -1.187122106552124
41, 19, 1310, 1211, -0.30332720279693604
41, 20, 823, 382, -1.1393868923187256
41, 21, 1288, 1179, -0.2448892593383789
41, 22, 822, 403, -1.0674083232879639
41, 23, 1177, 1158, -0.023576820269227028
41, 24, 883, 1113, 0.025081692263484
41, 25, 1190, 1628, 0.03785640001296997
41, 26, 890, 1641, 0.17557235062122345
41, 27, 1199, 2054, 0.43385088443756104
41, 28, 907, 2062, 0.5690097212791443
41, 29, 1209, 2110, 0.45344629883766174
41, 30, 901, 2118, 0.6023913621902466
41, 31, 1165, 2200, 0.11773774772882462
41, 32, 951, 2206, 0.24527806043624878
42, 0, 984, 288, -0.5776112079620361
42, 1, 1009, 237, -0.5397831797599792
42, 2, 1027, 235, -0.5399143099784851
42, 3, 1040, 235, -0.5399109721183777
42, 4, 955, 245, -0.5385656356811523
42, 5, 937, 248, -0.5384668707847595
42, 6, 918, 250, -0.5388097167015076
42, 7, 1061, 253, -0.2850963771343231
42, 8, 901, 272, -0.2677845358848572
42, 9, 1018, 334, -0.48623523116111755
42, 10, 949, 345, -0.48251739144325256
42, 11, 1224, 509, -0.1507202833890915
42, 12, 780, 520, -0.17537108063697815
42, 13, 1296, 852, -0.09898126870393753
42, 14, 583, 820, -0.552611231803894
42, 15, 1316, 1090, -0.22125540673732758
42, 16, 773, 479, -1.0636183023452759
42, 17, 1334, 1194, -0.2654527723789215
42, 18, 814, 406, -1.180055856704712
42, 19, 1311, 1211, -0.2996571362018585
42, 20, 823, 384, -1.1331636905670166
42, 21, 1288, 1179, -0.2407093495130539
42, 22, 822, 405, -1.0601732730865479
42, 23, 1176, 1122, -0.023943107575178146
42, 24, 883, 1113, 0.02545248530805111
42, 25, 1190, 1627, 0.038734689354896545
42, 26, 890, 1641, 0.17615778744220734
42, 27, 1200, 2054, 0.43760058283805847
42, 28, 908, 2062, 0.5697327852249146
42, 29, 1210, 2109, 0.45767611265182495
42, 30, 902, 2118, 0.6030501127243042
42, 31, 1165, 2200, 0.12296473234891891
42, 32, 951, 2206, 0.2459002137184143
43, 0, 984, 288, -0.5779722929000854
43, 1, 1009, 237, -0.539965033531189
43, 2, 1027, 235, -0.5400985479354858
43, 3, 1040, 235, -0.5400902032852173
43, 4, 955, 246, -0.5398550033569336
43, 5, 936, 248, -0.5397646427154541
43, 6, 918, 250, -0.5401086211204529
43, 7, 1061, 253, -0.2838614284992218
43, 8, 901, 272, -0.27150964736938477
43, 9, 1018, 334, -0.48563432693481445
43, 10, 949, 345, -0.48336106538772583
43, 11, 1224, 508, -0.14378497004508972
43, 12, 780, 519, -0.17850883305072784
43, 13, 1297, 851, -0.08917828649282455
43, 14, 585, 820, -0.5528020858764648
43, 15, 1316, 1085, -0.21677827835083008
43, 16, 774, 478, -1.065009593963623
43, 17, 1334, 1190, -0.26033851504325867
43, 18, 814, 404, -1.1816232204437256
43, 19, 1311, 1205, -0.29488256573677063
43, 20, 823, 381, -1.1357570886611938
43, 21, 1288, 1174, -0.23648589849472046
43, 22, 822, 403, -1.0619477033615112
43, 23, 1174, 1111, -0.023185165598988533
43, 24, 883, 1113, 0.024729467928409576
43, 25, 1191, 1626, 0.038734421133995056
43, 26, 891, 1641, 0.17324857413768768
43, 27, 1200, 2053, 0.42680278420448303
43, 28, 909, 2062, 0.5564757585525513
43, 29, 1210, 2109, 0.44529861211776733
43, 30, 903, 2118, 0.5886793732643127
43, 31, 1166, 2200, 0.11202695220708847
43, 32, 952, 2206, 0.2326858937740326
44, 0, 984, 288, -0.5755574703216553
44, 1, 1009, 238, -0.5375518798828125
44, 2, 1026, 236, -0.537696123123169
44, 3, 1040, 235, -0.5376946330070496
44, 4, 955, 246, -0.5385681390762329
44, 5, 936, 248, -0.5384834408760071
44, 6, 918, 251, -0.5388400554656982
44, 7, 1061, 253, -0.28132784366607666
44, 8, 901, 272, -0.27356135845184326
44, 9, 1018, 335, -0.4827762246131897
44, 10, 949, 346, -0.4819453954696655
44, 11, 1224, 507, -0.1372109055519104
44, 12, 779, 519, -0.18062926828861237
44, 13, 1297, 848, -0.0792982280254364
44, 14, 585, 819, -0.5534355640411377
44, 15, 1316, 1079, -0.20554247498512268
44, 16, 774, 478, -1.0650955438613892
44, 17, 1334, 1185, -0.24756503105163574
44, 18, 813, 405, -1.1812537908554077
44, 19, 1312, 1198, -0.28237849473953247
44, 20, 823, 382, -1.1362305879592896
44, 21, 1289, 1169, -0.22530534863471985
44, 22, 822, 404, -1.0620907545089722
44, 23, 1173, 1107, -0.02145729400217533
44, 24, 883, 1113, 0.02304057590663433
44, 25, 1191, 1624, 0.038709837943315506
44, 26, 891, 1639, 0.17037607729434967
44, 27, 1200, 2052, 0.4131728708744049
44, 28, 908, 2060, 0.5484532713890076
44, 29, 1210, 2108, 0.4304373562335968
44, 30, 903, 2115, 0.5804771780967712
44, 31, 1166, 2198, 0.09956564009189606
44, 32, 953, 2204, 0.2275843322277069
45, 0, 984, 289, -0.5797923803329468
45, 1, 1009, 238, -0.5418527722358704
45, 2, 1026, 236, -0.5420005917549133
45, 3, 1040, 235, -0.5420005917549133
45, 4, 955, 247, -0.5428765416145325
45, 5, 936, 249, -0.5428031086921692
45, 6, 918, 251, -0.543161153793335
45, 7, 1060, 253, -0.2845732867717743
45, 8, 901, 273, -0.2761412560939789
45, 9, 1018, 335, -0.48641565442085266
45, 10, 949, 346, -0.48585498332977295
45, 11, 1224, 506, -0.13717623054981232
45, 12, 779, 519, -0.18627068400382996
45, 13, 1297, 841, -0.08031969517469406
45, 14, 586, 817, -0.563430666923523
45, 15, 1316, 1065, -0.21245241165161133
45, 16, 775, 478, -1.072651982307434
45, 17, 1334, 1167, -0.25560325384140015
45, 18, 815, 405, -1.1884459257125854
45, 19, 1315, 1186, -0.2908540666103363
45, 20, 823, 378, -1.146114706993103
45, 21, 1289, 1104, -0.2325175702571869
45, 22, 822, 401, -1.0701959133148193
45, 23, 1172, 1103, -0.020347608253359795
45, 24, 883, 1113, 0.02193455584347248
45, 25, 1191, 1621, 0.03997383639216423
45, 26, 890, 1635, 0.16856832802295685
45, 27, 1199, 2049, 0.41467639803886414
45, 28, 907, 2056, 0.5460044741630554
45, 29, 1208, 2105, 0.4321649670600891
45, 30, 901, 2112, 0.5780694484710693
45, 31, 1166, 2196, 0.10214459896087646
45, 32, 952, 2200, 0.22584286332130432
46, 0, 984, 291, -0.6021450757980347
46, 1, 1009, 240, -0.5654085874557495
46, 2, 1026, 238, -0.565572202205658
46, 3, 1039, 237, -0.5655691623687744
46, 4, 955, 248, -0.5680558085441589
46, 5, 937, 250, -0.568012535572052
46, 6, 918, 252, -0.5683942437171936
46, 7, 1060, 253, -0.3043791353702545
46, 8, 901, 273, -0.3047511875629425
46, 9, 1018, 337, -0.5058460831642151
46, 10, 949, 347, -0.507411539554596
46, 11, 1224, 506, -0.1415068358182907
46, 12, 779, 519, -0.2071632295846939
46, 13, 1297, 839, -0.08370382338762283
46, 14, 586, 816, -0.5826684832572937
46, 15, 1316, 1058, -0.21960541605949402
46, 16, 776, 479, -1.103232502937317
46, 17, 1334, 1158, -0.26328974962234497
46, 18, 816, 405, -1.2206614017486572
46, 19, 1322, 1178, -0.30235162377357483
46, 20, 824, 379, -1.1809093952178955
46, 21, 1290, 1089, -0.2414494901895523
46, 22, 823, 402, -1.101766586303711
46, 23, 1171, 1102, -0.01970713958144188
46, 24, 883, 1113, 0.021282579749822617
46, 25, 1190, 1619, 0.042797986418008804
46, 26, 889, 1633, 0.16981174051761627
46, 27, 1196, 2046, 0.4191983640193939
46, 28, 905, 2053, 0.5521526336669922
46, 29, 1205, 2102, 0.43773898482322693
46, 30, 898, 2108, 0.5850538015365601
46, 31, 1164, 2193, 0.10698261111974716
46, 32, 951, 2196, 0.23548370599746704
47, 0, 984, 293, -0.6037368774414062
47, 1, 1008, 241, -0.5668615698814392
47, 2, 1026, 239, -0.5670233368873596
47, 3, 1039, 238, -0.5670140385627747
47, 4, 955, 249, -0.569680392742157
47, 5, 937, 250, -0.5696263909339905
47, 6, 918, 253, -0.5700059533119202
47, 7, 1060, 253, -0.3052598237991333
47, 8, 901, 273, -0.3065313398838043
47, 9, 1018, 338, -0.5072624683380127
47, 10, 949, 348, -0.5091024041175842
47, 11, 1223, 505, -0.14350561797618866
47, 12, 777, 519, -0.2112884223461151
47, 13, 1297, 839, -0.08469495177268982
47, 14, 587, 816, -0.5857824683189392
47, 15, 1316, 1057, -0.22173278033733368
47, 16, 776, 482, -1.10447096824646
47, 17, 1334, 1156, -0.26565513014793396
47, 18, 816, 406, -1.2217998504638672
47, 19, 1325, 1176, -0.30371496081352234
47, 20, 824, 379, -1.1819109916687012
47, 21, 1291, 1087, -0.24311001598834991
47, 22, 823, 403, -1.1029924154281616
47, 23, 1170, 1102, -0.019018378108739853
47, 24, 883, 1113, 0.020596640184521675
47, 25, 1188, 1617, 0.045858148485422134
47, 26, 887, 1632, 0.17127038538455963
47, 27, 1192, 2045, 0.42148587107658386
47, 28, 902, 2050, 0.5581056475639343
47, 29, 1200, 2100, 0.4407420754432678
47, 30, 895, 2105, 0.5916087627410889
47, 31, 1160, 2190, 0.1099640429019928
47, 32, 948, 2193, 0.24019597470760345
48, 0, 984, 293, -0.5930809378623962
48, 1, 1009, 241, -0.5550958514213562
48, 2, 1026, 239, -0.5552594661712646
48, 3, 1039, 238, -0.5552538633346558
48, 4, 955, 249, -0.5585392117500305
48, 5, 937, 250, -0.5584428906440735
48, 6, 918, 253, -0.558821976184845
48, 7, 1060, 253, -0.2923462688922882
48, 8, 900, 273, -0.2959187924861908
48, 9, 1018, 339, -0.4968324899673462
48, 10, 950, 348, -0.49912795424461365
48, 11, 1223, 505, -0.1348302811384201
48, 12, 776, 518, -0.21027323603630066
48, 13, 1297, 839, -0.07344906777143478
48, 14, 587, 816, -0.5826658010482788
48, 15, 1316, 1057, -0.2081018090248108
48, 16, 777, 485, -1.1031538248062134
48, 17, 1334, 1157, -0.2509673833847046
48, 18, 816, 407, -1.2194218635559082
48, 19, 1325, 1178, -0.287820428609848
48, 20, 824, 380, -1.1798838376998901
48, 21, 1293, 1119, -0.22924856841564178
48, 22, 823, 403, -1.1011534929275513
48, 23, 1168, 1102, -0.018269632011651993
48, 24, 882, 1113, 0.01986653171479702
48, 25, 1186, 1617, 0.0456475093960762
48, 26, 885, 1631, 0.16993676126003265
48, 27, 1188, 2044, 0.4202476143836975
48, 28, 898, 2050, 0.5572906732559204
48, 29, 1195, 2100, 0.4384251534938812
48, 30, 892, 2105, 0.5907163023948669
48, 31, 1155, 2190, 0.10558959096670151
48, 32, 945, 2193, 0.23671694099903107
49, 0, 984, 294, -0.5933163166046143
49, 1, 1009, 241, -0.5552552342414856
49, 2, 1026, 239, -0.555415153503418
49, 3, 1039, 238, -0.5554086565971375
49, 4, 955, 249, -0.5585519075393677
49, 5, 937, 251, -0.558454692363739
49, 6, 918, 253, -0.5588329434394836
49, 7, 1060, 253, -0.2920834720134735
49, 8, 900, 273, -0.2953019440174103
49, 9, 1018, 339, -0.4972452223300934
49, 10, 950, 348, -0.4992618262767792
49, 11, 1223, 505, -0.1341591477394104
49, 12, 776, 518, -0.20891475677490234
49, 13, 1297, 840, -0.06871245056390762
49, 14, 587, 816, -0.5824363231658936
49, 15, 1316, 1059, -0.19623912870883942
49, 16, 778, 486, -1.0992540121078491
49, 17, 1334, 1160, -0.23705245554447174
49, 18, 816, 407, -1.215708613395691
49, 19, 1324, 1178, -0.27303406596183777
49, 20, 824, 380, -1.1754709482192993
49, 21, 1293, 1138, -0.21692778170108795
49, 22, 823, 403, -1.097274899482727
49, 23, 1167, 1103, -0.017562979832291603
49, 24, 881, 1113, 0.019174594432115555
49, 25, 1184, 1617, 0.045383282005786896
49, 26, 883, 1631, 0.1630903035402298
49, 27, 1184, 2044, 0.41956788301467896
49, 28, 896, 2049, 0.5463979244232178
49, 29, 1191, 2100, 0.4372299015522003
49, 30, 889, 2104, 0.5791342258453369
49, 31, 1151, 2190, 0.10235483944416046
49, 32, 942, 2192, 0.22033695876598358
50, 0, 984, 294, -0.5934852361679077
50, 1, 1009, 241, -0.5551876425743103
50, 2, 1026, 239, -0.5553419589996338
50, 3, 1039, 238, -0.5553340315818787
50, 4, 955, 249, -0.5584719181060791
50, 5, 937, 251, -0.5583704113960266
50, 6, 919, 253, -0.5587475895881653
50, 7, 1060, 253, -0.2906408905982971
50, 8, 900, 273, -0.2941164970397949
50, 9, 1018, 339, -0.49743595719337463
50, 10, 950, 348, -0.49934110045433044
50, 11, 1223, 505, -0.13252130150794983
50, 12, 775, 518, -0.2084919661283493
50, 13, 1297, 841, -0.06531381607055664
50, 14, 587, 816, -0.5842064619064331
50, 15, 1316, 1063, -0.18890905380249023
50, 16, 778, 487, -1.0975043773651123
50, 17, 1333, 1166, -0.22867225110530853
50, 18, 816, 407, -1.2138826847076416
50, 19, 1322, 1180, -0.26354143023490906
50, 20, 824, 380, -1.1727638244628906
50, 21, 1293, 1150, -0.2090483456850052
50, 22, 823, 404, -1.0952850580215454
50, 23, 1165, 1104, -0.016972124576568604
50, 24, 880, 1113, 0.018593376502394676
50, 25, 1182, 1617, 0.045246023684740067
50, 26, 882, 1631, 0.15935571491718292
50, 27, 1181, 2045, 0.42086130380630493
50, 28, 894, 2049, 0.5436655282974243
50, 29, 1188, 2100, 0.4386942982673645
50, 30, 887, 2104, 0.5764397978782654
50, 31, 1148, 2190, 0.10300843417644501
50, 32, 940, 2192, 0.21462222933769226
51, 0, 984, 294, -0.5936099290847778
51, 1, 1009, 241, -0.5552562475204468
51, 2, 1026, 239, -0.5554074645042419
51, 3, 1039, 238, -0.5553985238075256
51, 4, 955, 249, -0.5584677457809448
51, 5, 937, 251, -0.5583646893501282
51, 6, 919, 253, -0.5587413311004639
51, 7, 1060, 253, -0.29030126333236694
51, 8, 900, 273, -0.29333361983299255
51, 9, 1018, 339, -0.49765685200691223
51, 10, 950, 348, -0.4994262158870697
51, 11, 1223, 505, -0.13181577622890472
51, 12, 775, 518, -0.20806869864463806
51, 13, 1297, 841, -0.06339193880558014
51, 14, 587, 816, -0.5848437547683716
51, 15, 1316, 1066, -0.18587204813957214
51, 16, 779, 488, -1.0969656705856323
51, 17, 1333, 1169, -0.2251768857240677
51, 18, 816, 408, -1.2132447957992554
51, 19, 1321, 1182, -0.2599649727344513
51, 20, 824, 381, -1.1714609861373901
51, 21, 1293, 1155, -0.20590461790561676
51, 22, 823, 404, -1.0945597887039185
51, 23, 1165, 1104, -0.01654122956097126
51, 24, 879, 1113, 0.018168417736887932
51, 25, 1181, 1617, 0.04520802199840546
51, 26, 881, 1631, 0.15650984644889832
51, 27, 1180, 2045, 0.4214661717414856
51, 28, 893, 2049, 0.5404451489448547
51, 29, 1187, 2100, 0.4392562210559845
51, 30, 886, 2104, 0.5730850100517273
51, 31, 1147, 2190, 0.10261395573616028
51, 32, 939, 2192, 0.21007612347602844
52, 0, 984, 294, -0.5937076807022095
52, 1, 1009, 241, -0.5553233027458191
52, 2, 1026, 239, -0.5554727911949158
52, 3, 1039, 238, -0.5554636120796204
52, 4, 955, 249, -0.5584772825241089
52, 5, 937, 251, -0.5583740472793579
52, 6, 919, 253, -0.5587504506111145
52, 7, 1060, 253, -0.2904212772846222
52, 8, 900, 273, -0.29308652877807617
52, 9, 1018, 339, -0.4978313446044922
52, 10, 950, 348, -0.4994904100894928
52, 11, 1223, 505, -0.13235922157764435
52, 12, 774, 518, -0.2078627645969391
52, 13, 1298, 842, -0.06472651660442352
52, 14, 586, 816, -0.5847436785697937
52, 15, 1316, 1067, -0.1880699247121811
52, 16, 779, 488, -1.0960296392440796
52, 17, 1333, 1171, -0.2278486043214798
52, 18, 816, 408, -1.2123736143112183
52, 19, 1320, 1182, -0.2626233696937561
52, 20, 824, 381, -1.170564889907837
52, 21, 1293, 1157, -0.2080981433391571
52, 22, 824, 404, -1.0936607122421265
52, 23, 1164, 1104, -0.01631019450724125
52, 24, 879, 1113, 0.01793515495955944
52, 25, 1181, 1617, 0.04503275826573372
52, 26, 880, 1631, 0.15570597350597382
52, 27, 1179, 2045, 0.422038197517395
52, 28, 892, 2049, 0.539542019367218
52, 29, 1186, 2100, 0.4398972690105438
52, 30, 885, 2104, 0.5721594095230103
52, 31, 1147, 2190, 0.10336374491453171
52, 32, 939, 2192, 0.2098391205072403
53, 0, 984, 294, -0.5942872166633606
53, 1, 1009, 241, -0.555575966835022
53, 2, 1026, 239, -0.5557225942611694
53, 3, 1039, 238, -0.555712878704071
53, 4, 955, 249, -0.5588179230690002
53, 5, 937, 251, -0.5587121844291687
53, 6, 919, 253, -0.5590906739234924
53, 7, 1060, 253, -0.2907387912273407
53, 8, 900, 273, -0.29310545325279236
53, 9, 1018, 339, -0.4980923533439636
53, 10, 950, 349, -0.49993324279785156
53, 11, 1223, 505, -0.13270041346549988
53, 12, 774, 518, -0.2081701010465622
53, 13, 1298, 842, -0.06354140490293503
53, 14, 586, 816, -0.5864067077636719
53, 15, 1316, 1069, -0.1833570897579193
53, 16, 779, 489, -1.0973129272460938
53, 17, 1333, 1173, -0.22214631736278534
53, 18, 816, 408, -1.213597059249878
53, 19, 1320, 1184, -0.25690004229545593
53, 20, 824, 381, -1.1710740327835083
53, 21, 1292, 1160, -0.2032272070646286
53, 22, 824, 404, -1.094673991203308
53, 23, 1164, 1104, -0.016147376969456673
53, 24, 878, 1113, 0.01776875928044319
53, 25, 1180, 1617, 0.04492519423365593
53, 26, 880, 1631, 0.15599581599235535
53, 27, 1179, 2045, 0.4222845137119293
53, 28, 892, 2049, 0.5408905744552612
53, 29, 1186, 2100, 0.44008222222328186
53, 30, 885, 2104, 0.5736235976219177
53, 31, 1147, 2190, 0.10319005697965622
53, 32, 939, 2192, 0.21178315579891205
54, 0, 984, 294, -0.5909178256988525
54, 1, 1009, 241, -0.5512807369232178
54, 2, 1026, 239, -0.5514190196990967
54, 3, 1039, 238, -0.5514078140258789
54, 4, 955, 249, -0.5543262362480164
54, 5, 937, 251, -0.5542086362838745
54, 6, 919, 253, -0.5545879006385803
54, 7, 1060, 253, -0.28574222326278687
54, 8, 900, 272, -0.2869851291179657
54, 9, 1018, 340, -0.49478399753570557
54, 10, 950, 349, -0.4964185655117035
54, 11, 1223, 505, -0.12959276139736176
54, 12, 774, 518, -0.2064153552055359
54, 13, 1298, 843, -0.062344033271074295
54, 14, 586, 816, -0.5857105851173401
54, 15, 1315, 1073, -0.180526465177536
54, 16, 780, 489, -1.0962306261062622
54, 17, 1332, 1178, -0.21921958029270172
54, 18, 817, 408, -1.2121180295944214
54, 19, 1312, 1183, -0.25282928347587585
54, 20, 825, 381, -1.1685454845428467
54, 21, 1291, 1164, -0.1999395787715912
54, 22, 825, 404, -1.0931400060653687
54, 23, 1164, 1105, -0.016035543754696846
54, 24, 878, 1113, 0.017655761912465096
54, 25, 1180, 1617, 0.04481063783168793
54, 26, 880, 1631, 0.15553991496562958
54, 27, 1178, 2046, 0.42256540060043335
54, 28, 891, 2050, 0.5401343703269958
54, 29, 1185, 2101, 0.4403875172138214
54, 30, 884, 2105, 0.5728505849838257
54, 31, 1146, 2191, 0.1034402921795845
54, 32, 938, 2193, 0.21057625114917755
55, 0, 984, 294, -0.5853251218795776
55, 1, 1009, 241, -0.545199453830719
55, 2, 1026, 239, -0.5453392267227173
55, 3, 1039, 238, -0.5453272461891174
55, 4, 955, 249, -0.5482524633407593
55, 5, 937, 251, -0.5481263995170593
55, 6, 919, 253, -0.5485126376152039
55, 7, 1060, 253, -0.278699666261673
55, 8, 900, 272, -0.27994510531425476
55, 9, 1018, 339, -0.4888170063495636
55, 10, 950, 349, -0.49047785997390747
55, 11, 1223, 506, -0.12139789015054703
55, 12, 774, 517, -0.20402590930461884
55, 13, 1298, 843, -0.05402042716741562
55, 14, 587, 817, -0.585252046585083
55, 15, 1314, 1074, -0.17278070747852325
55, 16, 781, 489, -1.0971463918685913
55, 17, 1331, 1180, -0.21060079336166382
55, 18, 817, 409, -1.2130324840545654
55, 19, 1312, 1186, -0.24412745237350464
55, 20, 825, 381, -1.1699639558792114
55, 21, 1290, 1165, -0.19211849570274353
55, 22, 825, 404, -1.0941733121871948
55, 23, 1164, 1104, -0.015615426935255527
55, 24, 877, 1112, 0.01723572425544262
55, 25, 1179, 1618, 0.044750750064849854
55, 26, 878, 1631, 0.15254810452461243
55, 27, 1176, 2046, 0.42218920588493347
55, 28, 890, 2050, 0.5345873236656189
55, 29, 1183, 2102, 0.4397892951965332
55, 30, 883, 2105, 0.5671187043190002
55, 31, 1144, 2191, 0.10247139632701874
55, 32, 937, 2193, 0.20404218137264252
56, 0, 984, 294, -0.5859025120735168
56, 1, 1009, 241, -0.5460144281387329
56, 2, 1026, 239, -0.5461530685424805
56, 3, 1039, 238, -0.5461425185203552
56, 4, 955, 249, -0.5489626526832581
56, 5, 937, 251, -0.5488408803939819
56, 6, 919, 253, -0.5492246150970459
56, 7, 1061, 253, -0.2801036238670349
56, 8, 900, 272, -0.28073370456695557
56, 9, 1018, 339, -0.4895015358924866
56, 10, 950, 349, -0.491079717874527
56, 11, 1223, 506, -0.12315879762172699
56, 12, 775, 513, -0.20422659814357758
56, 13, 1298, 843, -0.05512307211756706
56, 14, 589, 820, -0.5849378705024719
56, 15, 1313, 1076, -0.17656582593917847
56, 16, 781, 489, -1.0948172807693481
56, 17, 1331, 1183, -0.2163778841495514
56, 18, 817, 410, -1.2106422185897827
56, 19, 1310, 1190, -0.24910923838615417
56, 20, 825, 381, -1.1687413454055786
56, 21, 1288, 1166, -0.19578880071640015
56, 22, 825, 404, -1.092091679573059
56, 23, 1164, 1104, -0.0153465885668993
56, 24, 877, 1112, 0.01695777289569378
56, 25, 1177, 1618, 0.04674972593784332
56, 26, 876, 1631, 0.15305091440677643
56, 27, 1174, 2046, 0.42723143100738525
56, 28, 888, 2050, 0.5352948307991028
56, 29, 1180, 2102, 0.4451828598976135
56, 30, 881, 2105, 0.5677788853645325
56, 31, 1141, 2192, 0.10846821963787079
56, 32, 935, 2193, 0.2060832977294922
57, 0, 984, 294, -0.573304295539856
57, 1, 1010, 241, -0.5348253846168518
57, 2, 1027, 239, -0.5349528193473816
57, 3, 1040, 238, -0.5349627733230591
57, 4, 956, 249, -0.5372254252433777
57, 5, 938, 250, -0.537100613117218
57, 6, 919, 253, -0.5374734401702881
57, 7, 1063, 253, -0.2744501233100891
57, 8, 900, 271, -0.27298203110694885
57, 9, 1018, 339, -0.4787604510784149
57, 10, 950, 348, -0.4794890284538269
57, 11, 1224, 506, -0.12353159487247467
57, 12, 775, 510, -0.19741377234458923
57, 13, 1298, 844, -0.06072813272476196
57, 14, 592, 825, -0.5641104578971863
57, 15, 1312, 1080, -0.18950900435447693
57, 16, 783, 493, -1.0566446781158447
57, 17, 1330, 1189, -0.2312827855348587
57, 18, 818, 413, -1.1691839694976807
57, 19, 1310, 1197, -0.2634696662425995
57, 20, 825, 383, -1.1291638612747192
57, 21, 1288, 1171, -0.20880408585071564
57, 22, 825, 406, -1.0540419816970825
57, 23, 1163, 1105, -0.015193836763501167
57, 24, 877, 1110, 0.016791122034192085
57, 25, 1176, 1618, 0.051264047622680664
57, 26, 873, 1631, 0.15224191546440125
57, 27, 1171, 2047, 0.4338512420654297
57, 28, 886, 2050, 0.5300118923187256
57, 29, 1177, 2103, 0.45225799083709717
57, 30, 879, 2105, 0.5620372891426086
57, 31, 1139, 2192, 0.11881629377603531
57, 32, 932, 2193, 0.2016637921333313
58, 0, 985, 294, -0.5759970545768738
58, 1, 1011, 241, -0.5377587676048279
58, 2, 1028, 239, -0.5378831028938293
58, 3, 1041, 238, -0.5379125475883484
58, 4, 957, 249, -0.5410016179084778
58, 5, 939, 250, -0.5408819913864136
58, 6, 921, 252, -0.5412742495536804
58, 7, 1065, 254, -0.2752053439617157
58, 8, 900, 271, -0.2755294740200043
58, 9, 1020, 340, -0.4791467487812042
58, 10, 951, 348, -0.48092424869537354
58, 11, 1224, 505, -0.12337944656610489
58, 12, 775, 509, -0.20004290342330933
58, 13, 1298, 846, -0.05939776077866554
58, 14, 592, 830, -0.5670028328895569
58, 15, 1311, 1084, -0.18839052319526672
58, 16, 784, 503, -1.06960129737854
58, 17, 1330, 1192, -0.22936341166496277
58, 18, 819, 423, -1.1828155517578125
58, 19, 1311, 1204, -0.26238948106765747
58, 20, 826, 391, -1.1468194723129272
58, 21, 1288, 1175, -0.2080426961183548
58, 22, 826, 414, -1.0679240226745605
58, 23, 1163, 1105, -0.014242934994399548
58, 24, 876, 1110, 0.01581375114619732
58, 25, 1176, 1619, 0.0672750324010849
58, 26, 873, 1632, 0.1525685042142868
58, 27, 1171, 2049, 0.46621575951576233
58, 28, 886, 2051, 0.5307320356369019
58, 29, 1177, 2105, 0.4860951602458954
58, 30, 879, 2106, 0.5631899237632751
58, 31, 1139, 2196, 0.14998061954975128
58, 32, 932, 2196, 0.2035704106092453
59, 0, 986, 294, -0.585424542427063
59, 1, 1012, 242, -0.5494333505630493
59, 2, 1029, 239, -0.5495532751083374
59, 3, 1042, 238, -0.549598753452301
59, 4, 958, 249, -0.5516597628593445
59, 5, 939, 250, -0.551557183265686
59, 6, 921, 252, -0.5519441962242126
59, 7, 1067, 254, -0.288676381111145
59, 8, 900, 270, -0.28638964891433716
59, 9, 1021, 340, -0.4885711073875427
59, 10, 952, 348, -0.48925238847732544
59, 11, 1224, 505, -0.13334250450134277
59, 12, 776, 509, -0.20030702650547028
59, 13, 1298, 850, -0.07299996167421341
59, 14, 593, 838, -0.5615618824958801
59, 15, 1310, 1090, -0.21323224902153015
59, 16, 784, 522, -1.0710476636886597
59, 17, 1330, 1201, -0.25685372948646545
59, 18, 819, 447, -1.184741497039795
59, 19, 1313, 1214, -0.2919686734676361
59, 20, 826, 409, -1.1485015153884888
59, 21, 1289, 1184, -0.2339293360710144
59, 22, 826, 433, -1.069705843925476
59, 23, 1163, 1105, -0.014169956557452679
59, 24, 876, 1110, 0.015722237527370453
59, 25, 1176, 1620, 0.07564905285835266
59, 26, 872, 1633, 0.1534121036529541
59, 27, 1171, 2050, 0.4855099320411682
59, 28, 885, 2052, 0.5371101498603821
59, 29, 1177, 2106, 0.506758987903595
59, 30, 879, 2107, 0.5700931549072266
59, 31, 1139, 2198, 0.1722637265920639
59, 32, 932, 2198, 0.20797543227672577
60, 0, 987, 294, -0.6091424822807312
60, 1, 1014, 242, -0.5742172002792358
60, 2, 1030, 239, -0.5743555426597595
60, 3, 1043, 238, -0.574379026889801
60, 4, 959, 249, -0.5776650309562683
60, 5, 941, 250, -0.5775891542434692
60, 6, 923, 252, -0.5779754519462585
60, 7, 1069, 254, -0.30986225605010986
60, 8, 901, 270, -0.315160870552063
60, 9, 1023, 340, -0.5101801156997681
60, 10, 954, 348, -0.5128009915351868
60, 11, 1225, 505, -0.1459931880235672
60, 12, 776, 508, -0.21457035839557648
60, 13, 1298, 856, -0.08534318953752518
60, 14, 593, 847, -0.56195068359375
60, 15, 1310, 1096, -0.24865446984767914
60, 16, 783, 559, -1.0862704515457153
60, 17, 1331, 1216, -0.29782071709632874
60, 18, 823, 484, -1.2012269496917725
60, 19, 1316, 1220, -0.33533793687820435
60, 20, 827, 445, -1.1717407703399658
60, 21, 1291, 1189, -0.27075260877609253
60, 22, 826, 467, -1.0868991613388062
60, 23, 1161, 1105, -0.013383633457124233
60, 24, 876, 1111, 0.01485905610024929
60, 25, 1176, 1620, 0.08985158056020737
60, 26, 870, 1633, 0.16182675957679749
60, 27, 1171, 2049, 0.5236920118331909
60, 28, 885, 2052, 0.5745075941085815
60, 29, 1178, 2106, 0.5474878549575806
60, 30, 879, 2107, 0.6104748845100403
60, 31, 1139, 2198, 0.21394576132297516
60, 32, 932, 2198, 0.24611154198646545
61, 0, 988, 294, -0.6778699159622192
61, 1, 1016, 242, -0.646943986415863
61, 2, 1032, 240, -0.6470832228660583
61, 3, 1044, 239, -0.6471068263053894
61, 4, 961, 249, -0.6495132446289062
61, 5, 942, 250, -0.6494733095169067
61, 6, 925, 252, -0.6498650312423706
61, 7, 1071, 254, -0.38071107864379883
61, 8, 902, 270, -0.38504067063331604
61, 9, 1024, 340, -0.5756043791770935
61, 10, 956, 348, -0.577804684638977
61, 11, 1225, 505, -0.19383762776851654
61, 12, 776, 507, -0.2535840570926666
61, 13, 1298, 864, -0.12166885286569595
61, 14, 592, 852, -0.581554114818573
61, 15, 1310, 1104, -0.3074759542942047
61, 16, 777, 611, -1.1369831562042236
61, 17, 1332, 1230, -0.35998964309692383
61, 18, 825, 554, -1.2535144090652466
61, 19, 1317, 1226, -0.4006941020488739
61, 20, 828, 505, -1.2311975955963135
61, 21, 1292, 1193, -0.33006197214126587
61, 22, 826, 518, -1.1397349834442139
61, 23, 1156, 1105, -0.012824430130422115
61, 24, 875, 1111, 0.014184953644871712
61, 25, 1169, 1620, 0.10743521898984909
61, 26, 860, 1630, 0.1657683253288269
61, 27, 1163, 2045, 0.5783776640892029
61, 28, 875, 2048, 0.6028878092765808
61, 29, 1168, 2101, 0.6061553955078125
61, 30, 870, 2102, 0.6405261754989624
61, 31, 1130, 2196, 0.272680401802063
61, 32, 918, 2195, 0.27292293310165405
62, 0, 989, 294, -0.7337005138397217
62, 1, 1017, 242, -0.70451420545578
62, 2, 1033, 240, -0.7046679258346558
62, 3, 1046, 239, -0.7046800255775452
62, 4, 963, 249, -0.7062261700630188
62, 5, 944, 250, -0.7061887979507446
62, 6, 927, 252, -0.7065633535385132
62, 7, 1073, 254, -0.43515917658805847
62, 8, 904, 270, -0.43612921237945557
62, 9, 1025, 340, -0.6289065480232239
62, 10, 958, 348, -0.630044162273407
62, 11, 1225, 505, -0.23212185502052307
62, 12, 776, 505, -0.28251469135284424
62, 13, 1298, 872, -0.15443752706050873
62, 14, 591, 854, -0.5969505906105042
62, 15, 1311, 1115, -0.3584701418876648
62, 16, 774, 645, -1.1643837690353394
62, 17, 1335, 1240, -0.41321229934692383
62, 18, 828, 604, -1.2798105478286743
62, 19, 1324, 1233, -0.4572991132736206
62, 20, 834, 547, -1.2606539726257324
62, 21, 1297, 1200, -0.3819650709629059
62, 22, 827, 555, -1.167569875717163
62, 23, 1154, 1105, -0.012860994786024094
62, 24, 875, 1112, 0.014202842488884926
62, 25, 1165, 1620, 0.09968020021915436
62, 26, 856, 1630, 0.1681407392024994
62, 27, 1159, 2044, 0.5814691185951233
62, 28, 871, 2046, 0.618796169757843
62, 29, 1164, 2099, 0.6099182367324829
62, 30, 866, 2101, 0.6571463346481323
62, 31, 1125, 2196, 0.27291247248649597
62, 32, 914, 2194, 0.2870866060256958
63, 0, 990, 294, -0.7431071400642395
63, 1, 1018, 242, -0.7171770334243774
63, 2, 1034, 241, -0.7173292636871338
63, 3, 1047, 239, -0.717357337474823
63, 4, 963, 249, -0.7177546620368958
63, 5, 945, 250, -0.7177326083183289
63, 6, 928, 252, -0.7181117534637451
63, 7, 1074, 254, -0.4625002145767212
63, 8, 905, 269, -0.459221214056015
63, 9, 1025, 339, -0.6428995132446289
63, 10, 958, 347, -0.64267897605896
63, 11, 1225, 505, -0.2644517421722412
63, 12, 776, 505, -0.2956193685531616
63, 13, 1297, 878, -0.1814826875925064
63, 14, 589, 857, -0.5749226808547974
63, 15, 1311, 1122, -0.38968798518180847
63, 16, 767, 704, -1.1262471675872803
63, 17, 1335, 1245, -0.44451141357421875
63, 18, 832, 674, -1.224747896194458
63, 19, 1325, 1242, -0.49028846621513367
63, 20, 839, 616, -1.2403663396835327
63, 21, 1298, 1208, -0.41289302706718445
63, 22, 829, 621, -1.134622573852539
63, 23, 1152, 1103, -0.014325548894703388
63, 24, 874, 1113, 0.01550455391407013
63, 25, 1161, 1620, 0.09376605600118637
63, 26, 854, 1628, 0.1735164225101471
63, 27, 1156, 2042, 0.5524682402610779
63, 28, 870, 2044, 0.6152872443199158
63, 29, 1162, 2096, 0.5786510109901428
63, 30, 865, 2098, 0.6522123217582703
63, 31, 1120, 2194, 0.24650278687477112
63, 32, 911, 2191, 0.2910020053386688
64, 0, 991, 294, -0.7542355060577393
64, 1, 1020, 242, -0.7271509170532227
64, 2, 1035, 241, -0.7272942066192627
64, 3, 1048, 239, -0.727361261844635
64, 4, 964, 249, -0.7302783131599426
64, 5, 946, 250, -0.730269730091095
64, 6, 930, 251, -0.7306807041168213
64, 7, 1075, 254, -0.4701308310031891
64, 8, 906, 269, -0.4786739945411682
64, 9, 1026, 339, -0.6528336405754089
64, 10, 960, 345, -0.6559127569198608
64, 11, 1225, 505, -0.26177284121513367
64, 12, 775, 508, -0.3113144040107727
64, 13, 1295, 877, -0.15342658758163452
64, 14, 589, 856, -0.5183706283569336
64, 15, 1308, 1121, -0.3397935926914215
64, 16, 757, 766, -0.9981868267059326
64, 17, 1335, 1241, -0.3898829519748688
64, 18, 832, 766, -1.0945411920547485
64, 19, 1323, 1239, -0.4378860890865326
64, 20, 843, 697, -1.100503921508789
64, 21, 1297, 1206, -0.3636169135570526
64, 22, 829, 695, -1.0057162046432495
64, 23, 1149, 1102, -0.013418124057352543
64, 24, 871, 1113, 0.014478619210422039
64, 25, 1160, 1618, 0.10436896234750748
64, 26, 855, 1625, 0.1686292290687561
64, 27, 1156, 2038, 0.550087034702301
64, 28, 870, 2041, 0.5986233353614807
64, 29, 1162, 2092, 0.575065016746521
64, 30, 865, 2096, 0.6322522759437561
64, 31, 1121, 2191, 0.24459309875965118
64, 32, 911, 2186, 0.2768212556838989
65, 0, 993, 292, -0.7599177956581116
65, 1, 1021, 242, -0.7299202680587769
65, 2, 1036, 240, -0.7300878763198853
65, 3, 1049, 239, -0.7301552295684814
65, 4, 965, 248, -0.7346632480621338
65, 5, 947, 249, -0.73460853099823
65, 6, 931, 250, -0.735042929649353
65, 7, 1075, 254, -0.4631641209125519
65, 8, 907, 269, -0.4770146608352661
65, 9, 1027, 337, -0.6553192734718323
65, 10, 961, 342, -0.6600371599197388
65, 11, 1226, 505, -0.24916823208332062
65, 12, 774, 513, -0.3130820691585541
65, 13, 1293, 876, -0.13719381392002106
65, 14, 594, 851, -0.45734938979148865
65, 15, 1306, 1119, -0.3232508599758148
65, 16, 759, 832, -0.8924580216407776
65, 17, 1334, 1240, -0.3776738941669464
65, 18, 837, 842, -0.9908291101455688
65, 19, 1316, 1220, -0.43091118335723877
65, 20, 850, 775, -1.0049922466278076
65, 21, 1292, 1185, -0.3492931127548218
65, 22, 832, 767, -0.9039390087127686
65, 23, 1145, 1101, -0.01322199311107397
65, 24, 867, 1112, 0.014298194088041782
65, 25, 1157, 1616, 0.1030803695321083
65, 26, 850, 1622, 0.17474432289600372
65, 27, 1155, 2035, 0.5567743182182312
65, 28, 867, 2040, 0.6181285977363586
65, 29, 1160, 2089, 0.5825513601303101
65, 30, 863, 2096, 0.6541032195091248
65, 31, 1117, 2188, 0.24261584877967834
65, 32, 910, 2185, 0.2855639159679413
66, 0, 994, 290, -0.8144229054450989
66, 1, 1021, 241, -0.7838374972343445
66, 2, 1036, 239, -0.7839937806129456
66, 3, 1050, 238, -0.784061849117279
66, 4, 966, 247, -0.7892151474952698
66, 5, 947, 248, -0.7892701625823975
66, 6, 932, 249, -0.7897410988807678
66, 7, 1076, 254, -0.5145379304885864
66, 8, 907, 268, -0.5324035882949829
66, 9, 1028, 336, -0.7086562514305115
66, 10, 962, 340, -0.7144534587860107
66, 11, 1229, 507, -0.29099196195602417
66, 12, 774, 514, -0.3561073839664459
66, 13, 1293, 877, -0.14431975781917572
66, 14, 603, 848, -0.45208266377449036
66, 15, 1305, 1119, -0.34222397208213806
66, 16, 760, 887, -0.839806854724884
66, 17, 1329, 1234, -0.4015912413597107
66, 18, 845, 926, -0.9331308603286743
66, 19, 1310, 1214, -0.4584276080131531
66, 20, 861, 862, -0.9547049403190613
66, 21, 1289, 1178, -0.3704039454460144
66, 22, 841, 849, -0.8534482717514038
66, 23, 1145, 1101, -0.013212253339588642
66, 24, 867, 1111, 0.014284299686551094
66, 25, 1157, 1615, 0.12456285953521729
66, 26, 850, 1622, 0.20634707808494568
66, 27, 1158, 2033, 0.5992278456687927
66, 28, 869, 2040, 0.6749519109725952
66, 29, 1163, 2088, 0.6277459263801575
66, 30, 868, 2096, 0.7139753699302673
66, 31, 1119, 2188, 0.28603312373161316
66, 32, 914, 2185, 0.34588009119033813
67, 0, 996, 289, -0.8001410365104675
67, 1, 1022, 241, -0.7684017419815063
67, 2, 1037, 239, -0.7685828804969788
67, 3, 1051, 238, -0.768652617931366
67, 4, 967, 246, -0.7740901112556458
67, 5, 948, 248, -0.7741627097129822
67, 6, 933, 249, -0.774631679058075
67, 7, 1076, 254, -0.49941641092300415
67, 8, 908, 268, -0.5191285610198975
67, 9, 1030, 335, -0.6948872804641724
67, 10, 963, 339, -0.7010910511016846
67, 11, 1230, 509, -0.278913676738739
67, 12, 774, 515, -0.34379473328590393
67, 13, 1293, 879, -0.14178775250911713
67, 14, 614, 843, -0.3919210433959961
67, 15, 1307, 1117, -0.33844175934791565
67, 16, 761, 952, -0.7600042819976807
67, 17, 1331, 1234, -0.4027727246284485
67, 18, 845, 1001, -0.8526046276092529
67, 19, 1310, 1214, -0.4619363248348236
67, 20, 866, 945, -0.8878237009048462
67, 21, 1289, 1178, -0.3681877851486206
67, 22, 845, 926, -0.7793603539466858
67, 23, 1145, 1104, -0.013210386969149113
67, 24, 869, 1119, 0.014282065443694592
67, 25, 1166, 1616, 0.1343880295753479
67, 26, 856, 1622, 0.21437646448612213
67, 27, 1172, 2033, 0.6464969515800476
67, 28, 881, 2040, 0.6977628469467163
67, 29, 1176, 2088, 0.6802493929862976
67, 30, 881, 2096, 0.7392556667327881
67, 31, 1133, 2188, 0.35021263360977173
67, 32, 929, 2185, 0.37959524989128113
68, 0, 997, 289, -0.7975553274154663
68, 1, 1023, 241, -0.7655900716781616
68, 2, 1038, 239, -0.7657102346420288
68, 3, 1052, 238, -0.7657631635665894
68, 4, 968, 246, -0.7717468738555908
68, 5, 949, 248, -0.7719324231147766
68, 6, 934, 249, -0.7723872661590576
68, 7, 1076, 254, -0.49922695755958557
68, 8, 909, 268, -0.5245935916900635
68, 9, 1031, 335, -0.6923193335533142
68, 10, 965, 339, -0.6998301148414612
68, 11, 1233, 513, -0.26846614480018616
68, 12, 774, 516, -0.3374916911125183
68, 13, 1294, 879, -0.13968525826931
68, 14, 625, 843, -0.33062756061553955
68, 15, 1308, 1116, -0.3539329171180725
68, 16, 778, 1015, -0.6343186497688293
68, 17, 1318, 1231, -0.42029422521591187
68, 18, 855, 1074, -0.7162057161331177
68, 19, 1296, 1208, -0.4835420846939087
68, 20, 885, 1031, -0.7554219961166382
68, 21, 1276, 1171, -0.3856768310070038
68, 22, 867, 1010, -0.6527684330940247
68, 23, 1150, 1104, -0.012497062794864178
68, 24, 885, 1146, 0.013498963788151741
68, 25, 1168, 1615, 0.05026780068874359
68, 26, 872, 1614, 0.075983926653862
68, 27, 1184, 2028, 0.5611333250999451
68, 28, 905, 2032, 0.44491127133369446
68, 29, 1189, 2082, 0.5997660756111145
68, 30, 908, 2089, 0.4724830687046051
68, 31, 1150, 2182, 0.30786699056625366
68, 32, 953, 2174, 0.14238017797470093
69, 0, 997, 288, -0.7751361131668091
69, 1, 1023, 240, -0.742603063583374
69, 2, 1038, 239, -0.7427355647087097
69, 3, 1053, 238, -0.7427495121955872
69, 4, 968, 246, -0.7468621134757996
69, 5, 950, 247, -0.746922492980957
69, 6, 934, 248, -0.7473540902137756
69, 7, 1077, 254, -0.47589221596717834
69, 8, 909, 267, -0.49745291471481323
69, 9, 1032, 333, -0.6716454029083252
69, 10, 965, 337, -0.6757575869560242
69, 11, 1236, 515, -0.26326292753219604
69, 12, 774, 517, -0.32974040508270264
69, 13, 1294, 879, -0.1056036725640297
69, 14, 642, 839, -0.26026982069015503
69, 15, 1308, 1115, -0.3335776627063751
69, 16, 771, 1039, -0.5307850241661072
69, 17, 1316, 1231, -0.4017254412174225
69, 18, 828, 1126, -0.603768527507782
69, 19, 1296, 1207, -0.46619316935539246
69, 20, 876, 1088, -0.6480550765991211
69, 21, 1275, 1171, -0.37222427129745483
69, 22, 857, 1056, -0.5513418316841125
69, 23, 1150, 1110, -0.011957951821386814
69, 24, 885, 1156, 0.012861192226409912
69, 25, 1169, 1616, 0.05519069731235504
69, 26, 877, 1614, 0.07010163366794586
69, 27, 1186, 2028, 0.5555894374847412
69, 28, 907, 2031, 0.4459705352783203
69, 29, 1190, 2082, 0.5982651114463806
69, 30, 910, 2089, 0.4743349254131317
69, 31, 1151, 2182, 0.29348552227020264
69, 32, 950, 2171, 0.14995810389518738
70, 0, 997, 286, -0.7306681275367737
70, 1, 1023, 240, -0.6956262588500977
70, 2, 1038, 239, -0.695853054523468
70, 3, 1053, 237, -0.6960989236831665
70, 4, 968, 245, -0.7050281167030334
70, 5, 950, 246, -0.705224335193634
70, 6, 934, 247, -0.7056500911712646
70, 7, 1077, 254, -0.42127007246017456
70, 8, 909, 266, -0.46174418926239014
70, 9, 1032, 332, -0.6222919225692749
70, 10, 965, 335, -0.6327407360076904
70, 11, 1237, 516, -0.2039317935705185
70, 12, 774, 518, -0.2854554057121277
70, 13, 1294, 874, -0.051399894058704376
70, 14, 650, 834, -0.20981527864933014
70, 15, 1311, 1113, -0.30894050002098083
70, 16, 739, 1055, -0.47315067052841187
70, 17, 1334, 1217, -0.38550055027008057
70, 18, 747, 1148, -0.5523790717124939
70, 19, 1317, 1200, -0.4536561071872711
70, 20, 801, 1119, -0.6080314517021179
70, 21, 1293, 1166, -0.3507210612297058
70, 22, 802, 1081, -0.499174028635025
70, 23, 1152, 1110, -0.011850329115986824
70, 24, 885, 1163, 0.012687424197793007
70, 25, 1169, 1619, 0.12269710004329681
70, 26, 877, 1616, 0.11960419267416
70, 27, 1185, 2028, 0.711067259311676
70, 28, 906, 2031, 0.6199373602867126
70, 29, 1190, 2082, 0.756352961063385
70, 30, 909, 2089, 0.6610822677612305
70, 31, 1151, 2181, 0.46481403708457947
70, 32, 948, 2172, 0.3292790353298187
71, 0, 997, 285, -0.7368047833442688
71, 1, 1023, 240, -0.7038602828979492
71, 2, 1038, 238, -0.7040819525718689
71, 3, 1053, 237, -0.7043929696083069
71, 4, 968, 244, -0.7132461667060852
71, 5, 949, 246, -0.7134643793106079
71, 6, 934, 246, -0.7138803601264954
71, 7, 1077, 254, -0.43328550457954407
71, 8, 909, 265, -0.4712223708629608
71, 9, 1032, 331, -0.6287247538566589
71, 10, 965, 334, -0.6392800807952881
71, 11, 1237, 516, -0.2098553627729416
71, 12, 774, 518, -0.2918321192264557
71, 13, 1294, 873, -0.06918217241764069
71, 14, 663, 834, -0.22800149023532867
71, 15, 1315, 1113, -0.3076712191104889
71, 16, 730, 1082, -0.47289928793907166
71, 17, 1342, 1219, -0.38401851058006287
71, 18, 721, 1193, -0.5464028120040894
71, 19, 1332, 1200, -0.445686012506485
71, 20, 775, 1166, -0.6064586043357849
71, 21, 1305, 1167, -0.35002124309539795
71, 22, 783, 1115, -0.500830888748169
71, 23, 1152, 1110, -0.012013453990221024
71, 24, 884, 1164, 0.012811249122023582
71, 25, 1166, 1623, 0.12744952738285065
71, 26, 876, 1619, 0.14533916115760803
71, 27, 1181, 2031, 0.6879030466079712
71, 28, 904, 2032, 0.6310842037200928
71, 29, 1185, 2086, 0.7295430302619934
71, 30, 909, 2090, 0.670598566532135
71, 31, 1149, 2183, 0.43463560938835144
71, 32, 943, 2172, 0.33560889959335327
72, 0, 996, 284, -0.7357232570648193
72, 1, 1023, 239, -0.7037220001220703
72, 2, 1038, 238, -0.703944742679596
72, 3, 1053, 237, -0.7042644023895264
72, 4, 967, 244, -0.7132015228271484
72, 5, 949, 245, -0.7134063243865967
72, 6, 934, 246, -0.7138237357139587
72, 7, 1077, 254, -0.4359062612056732
72, 8, 909, 265, -0.47020381689071655
72, 9, 1032, 330, -0.6286839246749878
72, 10, 964, 333, -0.6387664079666138
72, 11, 1237, 516, -0.2117697149515152
72, 12, 774, 517, -0.29592716693878174
72, 13, 1294, 872, -0.07554591447114944
72, 14, 671, 834, -0.23361344635486603
72, 15, 1318, 1114, -0.29726457595825195
72, 16, 720, 1098, -0.4636421799659729
72, 17, 1348, 1226, -0.36185428500175476
72, 18, 701, 1213, -0.5337814688682556
72, 19, 1343, 1204, -0.4353936016559601
72, 20, 757, 1194, -0.5943663716316223
72, 21, 1315, 1172, -0.33697155117988586
72, 22, 770, 1138, -0.4918857514858246
72, 23, 1151, 1110, -0.011964413337409496
72, 24, 881, 1135, 0.012731775641441345
72, 25, 1151, 1625, 0.13959170877933502
72, 26, 863, 1621, 0.15625828504562378
72, 27, 1162, 2034, 0.6705223321914673
72, 28, 886, 2036, 0.6181209087371826
72, 29, 1165, 2090, 0.7092936635017395
72, 30, 892, 2094, 0.6555044054985046
72, 31, 1127, 2185, 0.41489166021347046
72, 32, 920, 2176, 0.31890109181404114
73, 0, 996, 284, -0.7383564114570618
73, 1, 1023, 239, -0.7083277106285095
73, 2, 1038, 238, -0.7085433602333069
73, 3, 1053, 237, -0.7088719606399536
73, 4, 967, 243, -0.7166730165481567
73, 5, 949, 244, -0.7168636322021484
73, 6, 934, 245, -0.7172861099243164
73, 7, 1078, 255, -0.44690418243408203
73, 8, 909, 264, -0.475786030292511
73, 9, 1032, 329, -0.6329060196876526
73, 10, 964, 332, -0.6417211294174194
73, 11, 1237, 516, -0.2251170426607132
73, 12, 774, 516, -0.29984673857688904
73, 13, 1294, 870, -0.07928715646266937
73, 14, 678, 834, -0.22687986493110657
73, 15, 1318, 1114, -0.30000734329223633
73, 16, 722, 1099, -0.45746180415153503
73, 17, 1347, 1228, -0.36351242661476135
73, 18, 705, 1212, -0.5280719995498657
73, 19, 1341, 1206, -0.4372951090335846
73, 20, 756, 1190, -0.5910684466362
73, 21, 1313, 1173, -0.33928078413009644
73, 22, 770, 1137, -0.4862702488899231
73, 23, 1148, 1148, -0.011982136406004429
73, 24, 870, 1121, 0.01273976918309927
73, 25, 1138, 1625, 0.15689072012901306
73, 26, 851, 1621, 0.1705198436975479
73, 27, 1147, 2036, 0.6473615765571594
73, 28, 872, 2038, 0.6151436567306519
73, 29, 1150, 2094, 0.6828368306159973
73, 30, 877, 2097, 0.6516387462615967
73, 31, 1110, 2185, 0.3828672468662262
73, 32, 903, 2176, 0.30735161900520325
74, 0, 996, 284, -0.7384692430496216
74, 1, 1023, 239, -0.7085306644439697
74, 2, 1038, 238, -0.708741307258606
74, 3, 1053, 237, -0.7090643644332886
74, 4, 967, 243, -0.7165976166725159
74, 5, 949, 244, -0.7167743444442749
74, 6, 934, 245, -0.7171871662139893
74, 7, 1078, 255, -0.44906651973724365
74, 8, 909, 264, -0.4768659174442291
74, 9, 1032, 329, -0.6337589621543884
74, 10, 964, 331, -0.6422998309135437
74, 11, 1237, 516, -0.23668678104877472
74, 12, 772, 518, -0.30037784576416016
74, 13, 1293, 870, -0.1079968735575676
74, 14, 689, 847, -0.21182556450366974
74, 15, 1318, 1115, -0.34103816747665405
74, 16, 725, 1113, -0.4302932620048523
74, 17, 1344, 1229, -0.40571823716163635
74, 18, 715, 1226, -0.4987401068210602
74, 19, 1327, 1206, -0.4733160436153412
74, 20, 765, 1199, -0.5593101978302002
74, 21, 1302, 1173, -0.37553414702415466
74, 22, 777, 1140, -0.4580441415309906
74, 23, 1146, 1164, -0.012306292541325092
74, 24, 865, 1147, 0.013050726614892483
74, 25, 1131, 1633, 0.14852556586265564
74, 26, 844, 1625, 0.1406419724225998
74, 27, 1133, 2048, 0.6214812397956848
74, 28, 858, 2049, 0.5228263735771179
74, 29, 1136, 2107, 0.6552865505218506
74, 30, 862, 2110, 0.5516934990882874
74, 31, 1092, 2197, 0.37745511531829834
74, 32, 888, 2189, 0.22123616933822632
75, 0, 996, 284, -0.7372951507568359
75, 1, 1023, 239, -0.7075774669647217
75, 2, 1038, 238, -0.7077885866165161
75, 3, 1052, 237, -0.7081314921379089
75, 4, 967, 243, -0.7158762812614441
75, 5, 949, 244, -0.7160656452178955
75, 6, 933, 244, -0.7164646983146667
75, 7, 1078, 255, -0.44870179891586304
75, 8, 909, 263, -0.4759787619113922
75, 9, 1032, 329, -0.633458137512207
75, 10, 964, 331, -0.6420593857765198
75, 11, 1238, 516, -0.23932287096977234
75, 12, 770, 519, -0.3003121018409729
75, 13, 1293, 870, -0.11498193442821503
75, 14, 696, 857, -0.20815150439739227
75, 15, 1318, 1115, -0.3522239923477173
75, 16, 727, 1122, -0.42836230993270874
75, 17, 1343, 1230, -0.41763147711753845
75, 18, 718, 1235, -0.496975302696228
75, 19, 1322, 1206, -0.48414546251296997
75, 20, 768, 1208, -0.5570017099380493
75, 21, 1298, 1173, -0.38564422726631165
75, 22, 778, 1149, -0.4555930495262146
75, 23, 1147, 1169, -0.012302953749895096
75, 24, 865, 1160, 0.013046273961663246
75, 25, 1133, 1637, 0.14732593297958374
75, 26, 845, 1629, 0.12846864759922028
75, 27, 1136, 2055, 0.607866644859314
75, 28, 859, 2056, 0.503446638584137
75, 29, 1139, 2115, 0.6415208578109741
75, 30, 861, 2119, 0.531936764717102
75, 31, 1095, 2204, 0.373684823513031
75, 32, 890, 2197, 0.20639565587043762
76, 0, 995, 283, -0.74726402759552
76, 1, 1023, 239, -0.7173582315444946
76, 2, 1038, 238, -0.7175725698471069
76, 3, 1052, 237, -0.7179021239280701
76, 4, 967, 243, -0.7246342897415161
76, 5, 949, 244, -0.724800169467926
76, 6, 933, 244, -0.7251889705657959
76, 7, 1078, 255, -0.4590228497982025
76, 8, 909, 263, -0.48352548480033875
76, 9, 1031, 329, -0.6438563466072083
76, 10, 962, 331, -0.6510969400405884
76, 11, 1238, 516, -0.2525007426738739
76, 12, 769, 519, -0.30137398838996887
76, 13, 1293, 870, -0.13799931108951569
76, 14, 707, 864, -0.20881670713424683
76, 15, 1318, 1120, -0.3800683915615082
76, 16, 728, 1143, -0.43196314573287964
76, 17, 1342, 1235, -0.44726088643074036
76, 18, 725, 1231, -0.5007157921791077
76, 19, 1312, 1211, -0.5125637650489807
76, 20, 764, 1212, -0.563396155834198
76, 21, 1289, 1177, -0.41312673687934875
76, 22, 775, 1173, -0.4607381224632263
76, 23, 1147, 1176, -0.013641809113323689
76, 24, 864, 1169, 0.014423486776649952
76, 25, 1135, 1648, 0.08870106190443039
76, 26, 846, 1637, 0.10383441299200058
76, 27, 1137, 2068, 0.5706852078437805
76, 28, 860, 2067, 0.4792270362377167
76, 29, 1141, 2129, 0.6041784882545471
76, 30, 861, 2132, 0.507352888584137
76, 31, 1096, 2220, 0.31588301062583923
76, 32, 891, 2210, 0.1779945343732834
77, 0, 995, 283, -0.7648365497589111
77, 1, 1022, 239, -0.735388457775116
77, 2, 1038, 238, -0.7355859279632568
77, 3, 1052, 237, -0.735902726650238
77, 4, 966, 242, -0.7424432635307312
77, 5, 948, 243, -0.7426091432571411
77, 6, 932, 244, -0.7429982423782349
77, 7, 1078, 255, -0.4786228835582733
77, 8, 909, 263, -0.5031296014785767
77, 9, 1031, 328, -0.6623675227165222
77, 10, 961, 330, -0.6692495942115784
77, 11, 1238, 517, -0.26872166991233826
77, 12, 769, 519, -0.32235732674598694
77, 13, 1294, 870, -0.14575806260108948
77, 14, 708, 874, -0.23150679469108582
77, 15, 1318, 1129, -0.37445226311683655
77, 16, 726, 1153, -0.4619868993759155
77, 17, 1342, 1252, -0.4384988844394684
77, 18, 725, 1235, -0.5314305424690247
77, 19, 1308, 1228, -0.5037717223167419
77, 20, 757, 1217, -0.5946502089500427
77, 21, 1285, 1193, -0.4070490896701813
77, 22, 769, 1182, -0.4907894432544708
77, 23, 1146, 1179, -0.013690294697880745
77, 24, 862, 1172, 0.014462348073720932
77, 25, 1132, 1653, 0.09225766360759735
77, 26, 844, 1641, 0.10836830735206604
77, 27, 1131, 2074, 0.5760725140571594
77, 28, 855, 2072, 0.4883262515068054
77, 29, 1135, 2135, 0.6094170808792114
77, 30, 856, 2137, 0.5168872475624084
77, 31, 1089, 2226, 0.3172643482685089
77, 32, 885, 2216, 0.1861371397972107
