0, 1032, 242, -0.8620210886001587
1, 1062, 195, -0.8233902454376221
2, 1079, 195, -0.8236690759658813
3, 1099, 196, -0.8239182829856873
4, 1002, 196, -0.8277580142021179
5, 978, 198, -0.8278577923774719
6, 960, 200, -0.8283013701438904
7, 1126, 218, -0.536308228969574
8, 930, 225, -0.5467158555984497
9, 1068, 296, -0.7510729432106018
10, 992, 301, -0.7541688680648804
11, 1300, 531, -0.32562169432640076
12, 781, 539, -0.34448936581611633
13, 1376, 914, -0.21528497338294983
14, 708, 927, -0.2609255611896515
15, 1451, 1182, -0.49575093388557434
16, 685, 1200, -0.5500872731208801
17, 1511, 1289, -0.5768242478370667
18, 674, 1296, -0.6302902102470398
19, 1485, 1287, -0.6509023308753967
20, 698, 1276, -0.7172544002532959
21, 1450, 1253, -0.5353869199752808
22, 713, 1242, -0.5931394100189209
23, 1218, 1223, -0.03744299337267876
24, 893, 1232, 0.03922206163406372
25, 1221, 1728, 0.13760428130626678
26, 904, 1736, 0.2518535256385803
27, 1223, 2174, 0.6939634084701538
28, 910, 2186, 0.7536882758140564
29, 1230, 2252, 0.7301649451255798
30, 908, 2267, 0.793777585029602
31, 1182, 2335, 0.3823862075805664
32, 948, 2337, 0.41700035333633423
0, 1033, 241, -0.8622445464134216
1, 1063, 194, -0.8233463168144226
2, 1080, 194, -0.8236240148544312
3, 1099, 195, -0.8238700032234192
4, 1002, 195, -0.8278941512107849
5, 979, 197, -0.8279823064804077
6, 960, 199, -0.8284328579902649
7, 1127, 218, -0.5334271192550659
8, 932, 225, -0.5471519827842712
9, 1070, 296, -0.7511003613471985
10, 992, 301, -0.7549704313278198
11, 1299, 530, -0.3226359784603119
12, 781, 539, -0.356291800737381
13, 1377, 920, -0.2120983898639679
14, 704, 927, -0.2879117727279663
15, 1459, 1200, -0.4942866861820221
16, 684, 1204, -0.5826802849769592
17, 1537, 1326, -0.5748134255409241
18, 673, 1307, -0.6646677255630493
19, 1512, 1332, -0.6501001715660095
20, 698, 1290, -0.7524167895317078
21, 1473, 1296, -0.5347377061843872
22, 713, 1255, -0.6259693503379822
23, 1219, 1237, -0.03630655258893967
24, 892, 1248, 0.03807683289051056
25, 1221, 1756, 0.1380118876695633
26, 895, 1769, 0.21638450026512146
27, 1224, 2221, 0.6939794421195984
28, 907, 2234, 0.6909231543540955
29, 1230, 2298, 0.730096161365509
30, 906, 2314, 0.7275551557540894
31, 1182, 2383, 0.3764047622680664
32, 948, 2385, 0.3299441933631897
0, 1034, 240, -0.8531923294067383
1, 1064, 193, -0.8118435144424438
2, 1081, 193, -0.8121316432952881
3, 1099, 194, -0.8123619556427002
4, 1002, 193, -0.8180040121078491
5, 979, 195, -0.8180314898490906
6, 961, 198, -0.8185155987739563
7, 1127, 218, -0.515945553779602
8, 933, 225, -0.5365609526634216
9, 1071, 295, -0.7407326102256775
10, 993, 300, -0.7466369867324829
11, 1299, 530, -0.3030601739883423
12, 780, 539, -0.353731632232666
13, 1378, 921, -0.1884867250919342
14, 703, 927, -0.2837328314781189
15, 1460, 1202, -0.47941282391548157
16, 682, 1208, -0.5803152322769165
17, 1535, 1325, -0.5594249367713928
18, 674, 1310, -0.6626352071762085
19, 1515, 1333, -0.6363645195960999
20, 701, 1292, -0.7498140931129456
21, 1476, 1298, -0.5210027098655701
22, 716, 1257, -0.623222291469574
23, 1219, 1243, -0.03536105155944824
24, 891, 1255, 0.037119586020708084
25, 1221, 1765, 0.13541419804096222
26, 891, 1781, 0.20028872787952423
27, 1224, 2234, 0.683657705783844
28, 906, 2250, 0.6638237833976746
29, 1230, 2310, 0.7179155945777893
30, 905, 2328, 0.6991798877716064
31, 1182, 2395, 0.3582327663898468
32, 948, 2399, 0.3000033497810364
0, 1034, 240, -0.8734034895896912
1, 1065, 193, -0.8305646181106567
2, 1081, 193, -0.830880343914032
3, 1100, 194, -0.8310744762420654
4, 1002, 193, -0.8382678627967834
5, 979, 195, -0.8382779955863953
6, 961, 197, -0.8387820720672607
7, 1127, 218, -0.5242486596107483
8, 934, 225, -0.5523672103881836
9, 1072, 295, -0.7574073672294617
10, 993, 300, -0.765419065952301
11, 1299, 529, -0.3042111396789551
12, 780, 539, -0.3631698489189148
13, 1379, 923, -0.1905546337366104
14, 703, 928, -0.29929545521736145
15, 1459, 1205, -0.49037647247314453
16, 683, 1213, -0.6099806427955627
17, 1531, 1328, -0.5741636157035828
18, 674, 1314, -0.6971716284751892
19, 1515, 1338, -0.6547959446907043
20, 701, 1295, -0.7877676486968994
21, 1476, 1303, -0.5340439081192017
22, 716, 1260, -0.6549572348594666
23, 1220, 1244, -0.03432566672563553
24, 891, 1256, 0.036025095731019974
25, 1221, 1767, 0.13684771955013275
26, 887, 1783, 0.19437068700790405
27, 1224, 2234, 0.7087494134902954
28, 905, 2251, 0.6744409203529358
29, 1231, 2308, 0.7449010014533997
30, 905, 2328, 0.7113639116287231
31, 1183, 2396, 0.37475821375846863
32, 947, 2402, 0.30555522441864014
0, 1034, 240, -0.8920456767082214
1, 1065, 193, -0.8495700359344482
2, 1082, 193, -0.8498983979225159
3, 1100, 194, -0.8500869870185852
4, 1002, 193, -0.8570086359977722
5, 980, 195, -0.8570281267166138
6, 961, 197, -0.857533872127533
7, 1127, 218, -0.540856659412384
8, 935, 225, -0.567969560623169
9, 1072, 295, -0.7747555375099182
10, 994, 300, -0.7825214862823486
11, 1299, 529, -0.3167046904563904
12, 780, 539, -0.37054094672203064
13, 1379, 924, -0.20421966910362244
14, 703, 928, -0.3071064352989197
15, 1460, 1208, -0.5096200108528137
16, 682, 1216, -0.6210613250732422
17, 1531, 1330, -0.5960705280303955
18, 673, 1316, -0.7095575332641602
19, 1516, 1343, -0.678153395652771
20, 699, 1296, -0.8019850850105286
21, 1476, 1309, -0.5541105270385742
22, 715, 1261, -0.6671720743179321
23, 1220, 1244, -0.03405386954545975
24, 891, 1256, 0.035724714398384094
25, 1221, 1768, 0.13647635281085968
26, 885, 1784, 0.1906404197216034
27, 1224, 2234, 0.7179266214370728
28, 905, 2253, 0.6788595914840698
29, 1231, 2307, 0.7549616694450378
30, 905, 2329, 0.7164134979248047
31, 1183, 2397, 0.3819199502468109
32, 947, 2405, 0.3066456615924835
0, 1035, 240, -0.890594482421875
1, 1066, 193, -0.8486427068710327
2, 1082, 193, -0.8489684462547302
3, 1100, 194, -0.8491695523262024
4, 1002, 193, -0.8555397391319275
5, 980, 195, -0.8555665612220764
6, 961, 198, -0.85606449842453
7, 1127, 219, -0.5424568057060242
8, 936, 225, -0.5670533776283264
9, 1072, 295, -0.7740904092788696
10, 994, 300, -0.7810859084129333
11, 1299, 529, -0.3206292688846588
12, 780, 539, -0.36793726682662964
13, 1379, 924, -0.21287968754768372
14, 703, 928, -0.3012913465499878
15, 1460, 1207, -0.521012008190155
16, 682, 1215, -0.6129649877548218
17, 1528, 1329, -0.6086493134498596
18, 671, 1316, -0.7008405923843384
19, 1515, 1341, -0.6901798844337463
20, 696, 1296, -0.7932001352310181
21, 1475, 1307, -0.5652921199798584
22, 713, 1261, -0.6590521335601807
23, 1221, 1243, -0.03406147658824921
24, 891, 1256, 0.03573249652981758
25, 1221, 1767, 0.13390707969665527
26, 886, 1782, 0.1887791007757187
27, 1225, 2232, 0.7167447209358215
28, 905, 2251, 0.6769084930419922
29, 1232, 2305, 0.7538948655128479
30, 905, 2326, 0.7143919467926025
31, 1184, 2395, 0.3830234408378601
32, 947, 2402, 0.305776983499527
0, 1035, 240, -0.9177844524383545
1, 1066, 193, -0.8757347464561462
2, 1082, 193, -0.8760558366775513
3, 1100, 194, -0.8762279748916626
4, 1002, 194, -0.8832257390022278
5, 980, 195, -0.88325035572052
6, 961, 198, -0.8837499022483826
7, 1127, 219, -0.5661143064498901
8, 936, 225, -0.5924907326698303
9, 1073, 295, -0.7993682622909546
10, 994, 301, -0.8072130680084229
11, 1299, 528, -0.3426612317562103
12, 780, 539, -0.38399794697761536
13, 1380, 924, -0.2290389984846115
14, 704, 928, -0.3151974380016327
15, 1459, 1210, -0.5281345844268799
16, 682, 1215, -0.6302832365036011
17, 1527, 1346, -0.615971028804779
18, 671, 1316, -0.7199186086654663
19, 1515, 1353, -0.6973921656608582
20, 696, 1296, -0.8144739866256714
21, 1475, 1319, -0.5721190571784973
22, 713, 1261, -0.677516758441925
23, 1225, 1243, -0.034067489206790924
24, 892, 1255, 0.03573973476886749
25, 1223, 1767, 0.1325359344482422
26, 886, 1781, 0.18830706179141998
27, 1227, 2230, 0.7306883931159973
28, 905, 2248, 0.6842435002326965
29, 1233, 2303, 0.7692829966545105
30, 905, 2323, 0.7220652103424072
31, 1187, 2393, 0.39424073696136475
32, 947, 2399, 0.3144860565662384
0, 1035, 240, -0.9169279932975769
1, 1066, 193, -0.8752409219741821
2, 1082, 193, -0.8755586743354797
3, 1100, 194, -0.8757365345954895
4, 1002, 194, -0.8824878931045532
5, 980, 195, -0.8825082182884216
6, 961, 198, -0.8830021023750305
7, 1127, 219, -0.568028450012207
8, 936, 225, -0.5930625200271606
9, 1073, 295, -0.7992250323295593
10, 994, 301, -0.8067172765731812
11, 1299, 528, -0.34522655606269836
12, 780, 539, -0.385672003030777
13, 1380, 923, -0.23041921854019165
14, 704, 927, -0.31755733489990234
15, 1460, 1211, -0.5257229208946228
16, 683, 1214, -0.6300860047340393
17, 1531, 1350, -0.6126928329467773
18, 671, 1314, -0.7195051312446594
19, 1516, 1354, -0.6938321590423584
20, 696, 1293, -0.8130291104316711
21, 1475, 1321, -0.5694871544837952
22, 713, 1258, -0.6769469380378723
23, 1226, 1243, -0.03404023125767708
24, 893, 1255, 0.03570782020688057
25, 1223, 1766, 0.13082708418369293
26, 886, 1780, 0.18505458533763885
27, 1227, 2228, 0.7323849201202393
28, 905, 2246, 0.6857441663742065
29, 1233, 2302, 0.771161675453186
30, 905, 2322, 0.7242764234542847
31, 1187, 2391, 0.39756253361701965
32, 947, 2397, 0.3143869638442993
0, 1035, 240, -0.8963844776153564
1, 1067, 193, -0.8538098931312561
2, 1082, 193, -0.8541721105575562
3, 1100, 194, -0.8543531894683838
4, 1002, 194, -0.8611428141593933
5, 980, 196, -0.8611343502998352
6, 962, 199, -0.8616281151771545
7, 1127, 219, -0.5495592951774597
8, 937, 226, -0.5751831531524658
9, 1073, 295, -0.7799672484397888
10, 995, 301, -0.7877404093742371
11, 1299, 528, -0.3299141526222229
12, 780, 538, -0.370463490486145
13, 1380, 923, -0.22197158634662628
14, 704, 927, -0.3062047064304352
15, 1460, 1211, -0.5201160907745361
16, 683, 1211, -0.6184631586074829
17, 1533, 1350, -0.6068248748779297
18, 671, 1309, -0.7090338468551636
19, 1516, 1353, -0.6897796392440796
20, 696, 1288, -0.8036184310913086
21, 1475, 1320, -0.5646438598632812
22, 712, 1254, -0.6662480235099792
23, 1226, 1243, -0.033404361456632614
24, 893, 1255, 0.03507823124527931
25, 1223, 1765, 0.12642556428909302
26, 886, 1779, 0.15548722445964813
27, 1226, 2229, 0.6839748620986938
28, 905, 2245, 0.6150662899017334
29, 1233, 2302, 0.7171537280082703
30, 905, 2321, 0.6493825316429138
31, 1186, 2391, 0.34713539481163025
32, 947, 2396, 0.24195900559425354
0, 1036, 240, -0.8587390184402466
1, 1067, 193, -0.8166442513465881
2, 1082, 193, -0.8170022368431091
3, 1100, 194, -0.8171975612640381
4, 1002, 194, -0.8239720463752747
5, 981, 196, -0.8239558339118958
6, 962, 199, -0.8244488835334778
7, 1127, 219, -0.5186434984207153
8, 937, 226, -0.5442150235176086
9, 1074, 295, -0.7447624206542969
10, 995, 301, -0.7523816823959351
11, 1299, 528, -0.30393633246421814
12, 780, 538, -0.3498174250125885
13, 1380, 923, -0.20602089166641235
14, 704, 926, -0.28803449869155884
15, 1460, 1211, -0.5132802724838257
16, 682, 1210, -0.592153012752533
17, 1536, 1347, -0.5989656448364258
18, 670, 1307, -0.6785429120063782
19, 1518, 1351, -0.6810620427131653
20, 695, 1286, -0.7702016234397888
21, 1477, 1318, -0.5578082799911499
22, 712, 1252, -0.6384766697883606
23, 1227, 1243, -0.031219562515616417
24, 895, 1255, 0.032941512763500214
25, 1224, 1765, 0.12301155179738998
26, 890, 1779, 0.1367785930633545
27, 1231, 2231, 0.6452034711837769
28, 910, 2247, 0.5689519643783569
29, 1238, 2304, 0.6754723191261292
30, 910, 2324, 0.6005362272262573
31, 1190, 2393, 0.31199267506599426
32, 953, 2396, 0.19869425892829895
0, 1036, 240, -0.8501275181770325
1, 1067, 193, -0.8087727427482605
2, 1083, 194, -0.8091088533401489
3, 1100, 194, -0.8093350529670715
4, 1003, 195, -0.8152773380279541
5, 981, 197, -0.8152792453765869
6, 962, 200, -0.8157694935798645
7, 1128, 219, -0.5124321579933167
8, 937, 227, -0.5343999266624451
9, 1074, 295, -0.7366743087768555
10, 995, 301, -0.7431163787841797
11, 1299, 528, -0.2971974015235901
12, 780, 538, -0.3394307494163513
13, 1380, 923, -0.19559261202812195
14, 704, 926, -0.2712104022502899
15, 1460, 1211, -0.5012410283088684
16, 680, 1209, -0.5675836205482483
17, 1523, 1340, -0.5852220058441162
18, 671, 1307, -0.6504982709884644
19, 1516, 1350, -0.665110170841217
20, 696, 1286, -0.7392981052398682
21, 1476, 1316, -0.5443439483642578
22, 713, 1252, -0.6114237308502197
23, 1226, 1244, -0.031137241050601006
24, 895, 1255, 0.03284207358956337
25, 1223, 1767, 0.11720767617225647
26, 890, 1779, 0.1492759734392166
27, 1230, 2233, 0.6467519402503967
28, 910, 2249, 0.5899851322174072
29, 1237, 2306, 0.6788175106048584
30, 910, 2326, 0.6226230263710022
31, 1188, 2394, 0.32059410214424133
32, 953, 2398, 0.22593894600868225
0, 1037, 240, -0.8345165252685547
1, 1068, 194, -0.794049084186554
2, 1083, 194, -0.7943742871284485
3, 1100, 194, -0.7945759892463684
4, 1003, 195, -0.801359236240387
5, 981, 197, -0.8013474941253662
6, 962, 200, -0.8018386960029602
7, 1128, 219, -0.500872790813446
8, 937, 227, -0.5256759524345398
9, 1074, 295, -0.7224322557449341
10, 996, 302, -0.7296440005302429
11, 1298, 526, -0.29339393973350525
12, 780, 538, -0.3317464292049408
13, 1379, 919, -0.19620458781719208
14, 703, 925, -0.2600198984146118
15, 1456, 1202, -0.5049108862876892
16, 678, 1211, -0.5618929266929626
17, 1510, 1325, -0.5916694402694702
18, 669, 1315, -0.6451988816261292
19, 1510, 1322, -0.6703388094902039
20, 695, 1295, -0.7358939051628113
21, 1470, 1289, -0.5480266809463501
22, 712, 1259, -0.6066184639930725
23, 1228, 1241, -0.031188705936074257
24, 897, 1254, 0.03290461003780365
25, 1226, 1762, 0.1159304529428482
26, 893, 1778, 0.1563582569360733
27, 1230, 2231, 0.6431491374969482
28, 912, 2247, 0.5950221419334412
29, 1238, 2303, 0.6748315095901489
30, 912, 2322, 0.6274406313896179
31, 1189, 2391, 0.31779101490974426
32, 954, 2396, 0.23139889538288116
0, 1037, 240, -0.8027034997940063
1, 1068, 194, -0.7639048099517822
2, 1083, 194, -0.7642040848731995
3, 1100, 194, -0.764390766620636
4, 1004, 195, -0.7688300013542175
5, 982, 197, -0.7688037157058716
6, 963, 200, -0.7692802548408508
7, 1128, 219, -0.4790200889110565
8, 937, 227, -0.4913710057735443
9, 1074, 295, -0.6938579678535461
10, 996, 302, -0.6974642872810364
11, 1298, 522, -0.2881007790565491
12, 780, 536, -0.3004875183105469
13, 1381, 913, -0.19364386796951294
14, 701, 919, -0.22746641933918
15, 1437, 1189, -0.4935697019100189
16, 678, 1202, -0.540310800075531
17, 1466, 1301, -0.580300509929657
18, 668, 1302, -0.6234287619590759
19, 1464, 1297, -0.6512317061424255
20, 694, 1278, -0.7116748094558716
21, 1432, 1262, -0.5327320098876953
22, 711, 1243, -0.5840466618537903
23, 1229, 1238, -0.03726571798324585
24, 898, 1252, 0.03907954320311546
25, 1227, 1756, 0.11151472479104996
26, 893, 1772, 0.1839468777179718
27, 1230, 2224, 0.6410474181175232
28, 912, 2235, 0.6173640489578247
29, 1238, 2295, 0.6736652255058289
30, 912, 2308, 0.6500235795974731
31, 1188, 2384, 0.3184623420238495
32, 954, 2383, 0.2694554924964905
0, 1037, 239, -0.6908488869667053
1, 1068, 193, -0.652881920337677
2, 1083, 193, -0.6531394124031067
3, 1100, 193, -0.6532904505729675
4, 1004, 195, -0.6563414335250854
5, 982, 197, -0.6562958359718323
6, 963, 200, -0.6567414999008179
7, 1128, 219, -0.38392964005470276
8, 937, 227, -0.38940203189849854
9, 1074, 295, -0.5889795422554016
10, 996, 301, -0.5906429290771484
11, 1298, 520, -0.22406414151191711
12, 781, 531, -0.2313235104084015
13, 1386, 911, -0.14233452081680298
14, 698, 894, -0.2029048055410385
15, 1409, 1182, -0.4109589755535126
16, 677, 1162, -0.5425105690956116
17, 1435, 1288, -0.487827330827713
18, 663, 1257, -0.626899778842926
19, 1415, 1294, -0.55072420835495
20, 691, 1232, -0.7064073085784912
21, 1387, 1256, -0.44519272446632385
22, 707, 1197, -0.5836740732192993
23, 1228, 1235, -0.03740430995821953
24, 898, 1247, 0.03918284550309181
25, 1223, 1745, 0.11245497316122055
26, 891, 1759, 0.18463677167892456
27, 1221, 2211, 0.6353734135627747
28, 908, 2216, 0.6155921220779419
29, 1229, 2280, 0.668286919593811
30, 909, 2287, 0.6483834981918335
31, 1175, 2370, 0.32280072569847107
32, 949, 2364, 0.26948249340057373
0, 1038, 240, -0.7372769713401794
1, 1068, 194, -0.6963515877723694
2, 1083, 194, -0.6966255903244019
3, 1100, 195, -0.6967836618423462
4, 1005, 196, -0.7033498287200928
5, 983, 198, -0.7034190893173218
6, 964, 201, -0.703885018825531
7, 1128, 220, -0.41207388043403625
8, 938, 228, -0.436989963054657
9, 1075, 295, -0.6290215253829956
10, 997, 302, -0.6362031102180481
11, 1298, 518, -0.231099471449852
12, 782, 530, -0.2553881108760834
13, 1391, 895, -0.15277476608753204
14, 691, 876, -0.21051613986492157
15, 1389, 1145, -0.43563443422317505
16, 702, 1128, -0.5338543653488159
17, 1407, 1262, -0.5015852451324463
18, 704, 1235, -0.6226262450218201
19, 1369, 1245, -0.5806704163551331
20, 739, 1202, -0.6907704472541809
21, 1330, 1180, -0.4765523076057434
22, 758, 1142, -0.5683605074882507
23, 1225, 1173, -0.02897018939256668
24, 904, 1235, 0.030421946197748184
25, 1221, 1727, 0.1468992382287979
26, 889, 1734, 0.1680518090724945
27, 1218, 2178, 0.6611382961273193
28, 907, 2181, 0.5872403383255005
29, 1225, 2244, 0.6956996321678162
30, 908, 2245, 0.6188847422599792
31, 1173, 2334, 0.3730405867099762
32, 948, 2332, 0.2538047134876251
0, 1038, 247, -0.7402661442756653
1, 1068, 199, -0.7001489400863647
2, 1083, 199, -0.7004230618476868
3, 1100, 200, -0.7005407810211182
4, 1005, 201, -0.7060601115226746
5, 983, 203, -0.7061851620674133
6, 965, 205, -0.706656277179718
7, 1128, 225, -0.4114697575569153
8, 938, 231, -0.4349747896194458
9, 1075, 299, -0.6291002035140991
10, 998, 305, -0.6358322501182556
11, 1297, 517, -0.20804770290851593
12, 786, 528, -0.22815856337547302
13, 1396, 880, -0.1455685794353485
14, 675, 851, -0.21464964747428894
15, 1384, 1111, -0.48982828855514526
16, 721, 1073, -0.599682629108429
17, 1385, 1237, -0.5866115093231201
18, 729, 1154, -0.7043237686157227
19, 1339, 1187, -0.6611632108688354
20, 772, 1123, -0.7579888105392456
21, 1319, 1134, -0.52812260389328
22, 779, 1089, -0.6285020709037781
23, 1217, 1155, -0.019236911088228226
24, 904, 1175, 0.020545609295368195
25, 1212, 1712, 0.09980512410402298
26, 888, 1707, 0.0792003944516182
27, 1215, 2157, 0.5532073974609375
28, 907, 2157, 0.434608519077301
29, 1221, 2219, 0.5800026655197144
30, 909, 2220, 0.45702067017555237
31, 1171, 2307, 0.2495223879814148
32, 950, 2302, 0.09417183697223663
0, 1038, 253, -0.7681167125701904
1, 1068, 204, -0.7252455353736877
2, 1083, 204, -0.7254172563552856
3, 1100, 205, -0.7252933382987976
4, 1005, 206, -0.7263279557228088
5, 984, 208, -0.7268487811088562
6, 966, 211, -0.7272241115570068
7, 1128, 229, -0.4192724823951721
8, 939, 236, -0.44995689392089844
9, 1074, 302, -0.6449815034866333
10, 998, 308, -0.6484043598175049
11, 1298, 517, -0.23034900426864624
12, 789, 527, -0.2371027171611786
13, 1420, 875, -0.2195618450641632
14, 658, 845, -0.24941320717334747
15, 1366, 1074, -0.618307888507843
16, 758, 1027, -0.7262288928031921
17, 1352, 1181, -0.7270975112915039
18, 796, 1107, -0.8404147624969482
19, 1303, 1136, -0.7835519909858704
20, 845, 1075, -0.884117066860199
21, 1298, 1096, -0.6482967138290405
22, 837, 1043, -0.7518394589424133
23, 1217, 1155, -0.020197410136461258
24, 916, 1188, 0.02150670997798443
25, 1212, 1698, 0.008725841529667377
26, 896, 1683, -0.0031925304792821407
27, 1219, 2146, 0.4568421542644501
28, 921, 2145, 0.3291930854320526
29, 1224, 2208, 0.4814460575580597
30, 927, 2211, 0.3484829366207123
31, 1181, 2297, 0.13982659578323364
32, 962, 2286, -0.021121716126799583
0, 1038, 255, -0.7449918985366821
1, 1068, 206, -0.7002298831939697
2, 1083, 206, -0.7004276514053345
3, 1100, 207, -0.7002809047698975
4, 1005, 208, -0.7060593962669373
5, 984, 210, -0.7063806056976318
6, 966, 213, -0.7068920135498047
7, 1127, 231, -0.3914519250392914
8, 939, 239, -0.4205298125743866
9, 1074, 304, -0.6256294250488281
10, 999, 310, -0.6335294246673584
11, 1299, 517, -0.1762544810771942
12, 795, 527, -0.22522780299186707
13, 1429, 878, -0.22003474831581116
14, 639, 848, -0.3572981059551239
15, 1341, 1037, -0.6611980199813843
16, 787, 954, -0.880956768989563
17, 1293, 1123, -0.7671944499015808
18, 831, 1036, -0.9962770938873291
19, 1246, 1088, -0.8013018369674683
20, 887, 1006, -1.0168137550354004
21, 1252, 1057, -0.6832596063613892
22, 881, 978, -0.8965486884117126
23, 1220, 1156, -0.0052039604634046555
24, 922, 1195, 0.006470521446317434
25, 1225, 1704, 0.04890986531972885
26, 900, 1692, 0.00768656563013792
27, 1229, 2154, 0.4954052269458771
28, 927, 2155, 0.33812859654426575
29, 1234, 2218, 0.5185795426368713
30, 930, 2222, 0.3572673499584198
31, 1191, 2306, 0.1724279373884201
32, 974, 2297, -0.018133098259568214
0, 1039, 261, -0.7250438928604126
1, 1069, 211, -0.6819745898246765
2, 1084, 211, -0.6821456551551819
3, 1100, 212, -0.6819978356361389
4, 1007, 213, -0.6889296770095825
5, 986, 214, -0.6891860365867615
6, 968, 217, -0.6896467208862305
7, 1127, 234, -0.37182900309562683
8, 941, 241, -0.40357154607772827
9, 1075, 309, -0.6050551533699036
10, 1001, 314, -0.6146055459976196
11, 1300, 513, -0.14911243319511414
12, 796, 526, -0.19846372306346893
13, 1442, 867, -0.2475138008594513
14, 627, 851, -0.38659897446632385
15, 1335, 985, -0.7761896848678589
16, 785, 869, -0.9661640524864197
17, 1285, 1064, -0.8943407535552979
18, 836, 933, -1.0865966081619263
19, 1228, 1032, -0.9237071871757507
20, 893, 904, -1.0968706607818604
21, 1238, 1001, -0.7972244024276733
22, 886, 878, -0.9780245423316956
23, 1220, 1146, 0.004796990659087896
24, 920, 1171, -0.0033539654687047005
25, 1232, 1663, -0.07504352927207947
26, 902, 1666, -0.08709797263145447
27, 1227, 2141, 0.24882036447525024
28, 927, 2148, 0.11906586587429047
29, 1227, 2206, 0.26092320680618286
30, 929, 2216, 0.12341144680976868
31, 1187, 2298, -0.08726576715707779
32, 977, 2297, -0.2450113743543625
0, 1040, 263, -0.7795190215110779
1, 1070, 212, -0.7286560535430908
2, 1084, 212, -0.7287477254867554
3, 1100, 213, -0.7279685139656067
4, 1008, 215, -0.737773060798645
5, 987, 216, -0.7377897500991821
6, 969, 218, -0.7382398843765259
7, 1127, 234, -0.3982238173484802
8, 942, 241, -0.41992342472076416
9, 1075, 310, -0.6430797576904297
10, 1003, 315, -0.6584203839302063
11, 1299, 510, -0.17288385331630707
12, 796, 526, -0.22222737967967987
13, 1454, 870, -0.2711808383464813
14, 608, 866, -0.49782103300094604
15, 1314, 935, -0.7772988677024841
16, 795, 817, -1.1622371673583984
17, 1263, 1007, -0.8853104114532471
18, 858, 860, -1.2876523733139038
19, 1203, 970, -0.8935776948928833
20, 908, 821, -1.2843948602676392
21, 1208, 948, -0.7875020503997803
22, 902, 805, -1.169847011566162
23, 1220, 1134, 0.0005052593187429011
24, 920, 1149, 0.0010725919855758548
25, 1239, 1674, 0.035077378153800964
26, 902, 1678, 0.0001265394821530208
27, 1227, 2147, 0.32004407048225403
28, 925, 2151, 0.3277801275253296
29, 1227, 2213, 0.3965006172657013
30, 923, 2217, 0.34765344858169556
31, 1188, 2304, 0.10270295292139053
32, 976, 2298, -0.04430394992232323
0, 1040, 264, -0.8684808611869812
1, 1070, 214, -0.8188076615333557
2, 1085, 213, -0.8189728260040283
3, 1100, 214, -0.8184241652488708
4, 1009, 215, -0.8277465105056763
5, 987, 216, -0.8278106451034546
6, 969, 218, -0.8282816410064697
7, 1127, 235, -0.4660843014717102
8, 942, 241, -0.5029690265655518
9, 1075, 312, -0.7349627017974854
10, 1003, 315, -0.7484356164932251
11, 1295, 508, -0.20839323103427887
12, 796, 523, -0.2753606140613556
13, 1458, 872, -0.37458086013793945
14, 589, 870, -0.5995380282402039
15, 1291, 889, -0.9261963367462158
16, 787, 766, -1.3112518787384033
17, 1241, 957, -1.0406402349472046
18, 851, 797, -1.4431312084197998
19, 1186, 918, -1.0355557203292847
20, 903, 762, -1.4307323694229126
21, 1190, 897, -0.9313384890556335
22, 898, 748, -1.3161958456039429
23, 1217, 1132, -0.00015789877215866
24, 900, 1158, 0.0021899559069424868
25, 1240, 1680, 0.038204751908779144
26, 901, 1684, 0.05267922207713127
27, 1225, 2148, 0.43515825271606445
28, 919, 2154, 0.4366909861564636
29, 1225, 2215, 0.4631643295288086
30, 912, 2222, 0.46331632137298584
31, 1188, 2305, 0.07799084484577179
32, 976, 2302, -0.00607609236612916
0, 1040, 266, -0.8900538682937622
1, 1070, 216, -0.8407484889030457
2, 1085, 216, -0.8409568071365356
3, 1100, 216, -0.8405206799507141
4, 1008, 218, -0.8492958545684814
5, 987, 219, -0.8493881225585938
6, 969, 220, -0.849859893321991
7, 1127, 236, -0.48839372396469116
8, 942, 242, -0.5239125490188599
9, 1075, 313, -0.757732629776001
10, 1002, 318, -0.7698571681976318
11, 1292, 507, -0.2219732254743576
12, 796, 523, -0.29191216826438904
13, 1472, 875, -0.4047321677207947
14, 571, 876, -0.6287990808486938
15, 1284, 847, -0.9502296447753906
16, 788, 728, -1.3176746368408203
17, 1232, 899, -1.0636351108551025
18, 859, 743, -1.447208285331726
19, 1170, 865, -1.0491446256637573
20, 906, 712, -1.4216188192367554
21, 1173, 847, -0.9518515467643738
22, 901, 703, -1.3177509307861328
23, 1213, 1124, -0.002298860577866435
24, 893, 1166, 0.004160900134593248
25, 1246, 1685, 0.0223943330347538
26, 908, 1688, 0.08367718756198883
27, 1235, 2152, 0.4233861267566681
28, 927, 2156, 0.46765393018722534
29, 1237, 2219, 0.4390975832939148
30, 918, 2222, 0.49428078532218933
31, 1206, 2307, 0.035720281302928925
32, 988, 2301, 0.038519516587257385
0, 1039, 266, -0.8897857666015625
1, 1070, 216, -0.8414198160171509
2, 1085, 216, -0.8416469097137451
3, 1100, 216, -0.8412594199180603
4, 1008, 218, -0.8514537215232849
5, 987, 219, -0.8516190052032471
6, 969, 220, -0.8521024584770203
7, 1127, 236, -0.4936280846595764
8, 942, 242, -0.5359979867935181
9, 1075, 313, -0.7590106725692749
10, 1002, 317, -0.7729310393333435
11, 1292, 506, -0.22996923327445984
12, 796, 522, -0.3099460303783417
13, 1478, 897, -0.46182548999786377
14, 563, 878, -0.6707166433334351
15, 1282, 815, -1.0615835189819336
16, 788, 698, -1.3672019243240356
17, 1223, 864, -1.1835306882858276
18, 861, 697, -1.4992748498916626
19, 1163, 825, -1.1606465578079224
20, 901, 662, -1.4665173292160034
21, 1167, 806, -1.0616872310638428
22, 896, 657, -1.3648107051849365
23, 1212, 1127, -0.0040993825532495975
24, 889, 1168, 0.005918674636632204
25, 1246, 1688, 0.026264745742082596
26, 910, 1689, 0.1105925515294075
27, 1235, 2154, 0.4547816812992096
28, 927, 2157, 0.5257629156112671
29, 1237, 2221, 0.47523123025894165
30, 918, 2224, 0.5559107661247253
31, 1207, 2309, 0.0897059440612793
32, 988, 2302, 0.12798722088336945
0, 1039, 266, -0.875944972038269
1, 1070, 216, -0.8266556859016418
2, 1085, 216, -0.8268594145774841
3, 1100, 216, -0.8264987468719482
4, 1008, 218, -0.8373293280601501
5, 987, 219, -0.8374884128570557
6, 969, 220, -0.8379761576652527
7, 1127, 236, -0.4839867949485779
8, 942, 242, -0.5244308114051819
9, 1075, 313, -0.7461583018302917
10, 1002, 317, -0.7603261470794678
11, 1291, 506, -0.22661200165748596
12, 798, 521, -0.31571897864341736
13, 1487, 897, -0.4466667175292969
14, 561, 878, -0.7061527371406555
15, 1283, 780, -1.024889349937439
16, 796, 667, -1.3981138467788696
17, 1225, 835, -1.1437873840332031
18, 874, 666, -1.5310806035995483
19, 1159, 797, -1.119107723236084
20, 913, 631, -1.495168685913086
21, 1162, 780, -1.0243957042694092
22, 907, 626, -1.3944817781448364
23, 1208, 1127, -0.003940034192055464
24, 880, 1172, 0.005698869936168194
25, 1245, 1689, 0.06026395782828331
26, 904, 1690, 0.10895921289920807
27, 1229, 2155, 0.4974018633365631
28, 916, 2158, 0.5052574276924133
29, 1231, 2222, 0.5159353017807007
30, 906, 2225, 0.5332021117210388
31, 1203, 2310, 0.10627461224794388
32, 978, 2303, 0.114109106361866
0, 1039, 265, -0.8887884616851807
1, 1070, 217, -0.8393634557723999
2, 1085, 216, -0.8395432829856873
3, 1100, 216, -0.8391543626785278
4, 1008, 218, -0.85077303647995
5, 987, 219, -0.8509398102760315
6, 970, 220, -0.8514159917831421
7, 1128, 236, -0.49344921112060547
8, 943, 242, -0.5405551791191101
9, 1075, 313, -0.7596074342727661
10, 1002, 317, -0.7747660875320435
11, 1291, 506, -0.24044378101825714
12, 801, 520, -0.34520143270492554
13, 1492, 896, -0.5174008011817932
14, 565, 876, -0.7606117129325867
15, 1288, 755, -1.130467176437378
16, 801, 651, -1.4531559944152832
17, 1228, 804, -1.2556208372116089
18, 877, 647, -1.586916446685791
19, 1163, 768, -1.2247884273529053
20, 911, 610, -1.5480678081512451
21, 1166, 753, -1.1293541193008423
22, 906, 609, -1.4483768939971924
23, 1206, 1125, -0.0033202464692294598
24, 889, 1124, 0.005077837035059929
25, 1242, 1691, 0.06663773208856583
26, 900, 1691, 0.10533396899700165
27, 1224, 2156, 0.5135695934295654
28, 910, 2158, 0.4948371946811676
29, 1225, 2220, 0.5331554412841797
30, 900, 2225, 0.5215422511100769
31, 1200, 2309, 0.126788929104805
32, 973, 2302, 0.10054419189691544
0, 1039, 265, -0.8763512969017029
1, 1070, 217, -0.8275554776191711
2, 1085, 216, -0.8277259469032288
3, 1100, 216, -0.8273732662200928
4, 1009, 218, -0.8389012217521667
5, 987, 219, -0.8390562534332275
6, 970, 220, -0.8395151495933533
7, 1129, 236, -0.48769956827163696
8, 943, 243, -0.5333110094070435
9, 1075, 313, -0.7486760020256042
10, 1002, 317, -0.7638019919395447
11, 1290, 506, -0.2393403947353363
12, 802, 518, -0.34554463624954224
13, 1492, 898, -0.5289018154144287
14, 565, 874, -0.764624297618866
15, 1291, 750, -1.1579725742340088
16, 801, 635, -1.432908296585083
17, 1225, 793, -1.2858376502990723
18, 874, 628, -1.5650039911270142
19, 1166, 756, -1.25151789188385
20, 909, 595, -1.521130084991455
21, 1170, 743, -1.1566615104675293
22, 904, 597, -1.4262683391571045
23, 1203, 1124, -0.0013205617433413863
24, 892, 1117, 0.003069865284487605
25, 1239, 1692, 0.09505154937505722
26, 893, 1693, 0.11175477504730225
27, 1224, 2156, 0.5609148144721985
28, 907, 2159, 0.5036871433258057
29, 1225, 2221, 0.583904504776001
30, 897, 2225, 0.5317876935005188
31, 1200, 2309, 0.19443926215171814
32, 972, 2303, 0.10882255434989929
0, 1039, 265, -0.8976859450340271
1, 1070, 217, -0.8485530614852905
2, 1085, 217, -0.8486961126327515
3, 1101, 217, -0.8483239412307739
4, 1009, 219, -0.8626702427864075
5, 988, 220, -0.8628730773925781
6, 971, 221, -0.8633204102516174
7, 1129, 236, -0.4983639419078827
8, 943, 243, -0.5578500628471375
9, 1075, 312, -0.7662383317947388
10, 1002, 317, -0.7848162055015564
11, 1290, 505, -0.2422664314508438
12, 803, 515, -0.36554378271102905
13, 1498, 898, -0.5345129370689392
14, 567, 872, -0.7850373387336731
15, 1294, 751, -1.1599398851394653
16, 807, 621, -1.4486167430877686
17, 1226, 789, -1.2858437299728394
18, 883, 614, -1.5798441171646118
19, 1171, 750, -1.2488267421722412
20, 915, 580, -1.5344101190567017
21, 1177, 737, -1.1571234464645386
22, 909, 582, -1.4404834508895874
23, 1203, 1125, 0.0008909158641472459
24, 895, 1120, 0.0007470727432519197
25, 1237, 1693, 0.1136481761932373
26, 891, 1693, 0.10509825497865677
27, 1223, 2157, 0.5945118069648743
28, 906, 2158, 0.49744558334350586
29, 1225, 2221, 0.6193030476570129
30, 897, 2224, 0.5274646878242493
31, 1200, 2308, 0.23437990248203278
32, 972, 2303, 0.08932025730609894
0, 1039, 265, -0.9146144986152649
1, 1071, 217, -0.8659740090370178
2, 1086, 217, -0.8661019206047058
3, 1101, 217, -0.8657625913619995
4, 1010, 219, -0.8816432356834412
5, 988, 220, -0.8818524479866028
6, 971, 221, -0.8822765946388245
7, 1130, 236, -0.5134780406951904
8, 944, 243, -0.580917239189148
9, 1076, 312, -0.7817460894584656
10, 1002, 317, -0.8022346496582031
11, 1290, 505, -0.24879032373428345
12, 805, 512, -0.3957839906215668
13, 1500, 898, -0.5594767332077026
14, 568, 868, -0.8255945444107056
15, 1294, 737, -1.1930314302444458
16, 810, 623, -1.4850822687149048
17, 1222, 772, -1.3201385736465454
18, 890, 615, -1.6182482242584229
19, 1165, 736, -1.2805546522140503
20, 921, 580, -1.5715768337249756
21, 1172, 724, -1.1899446249008179
22, 915, 583, -1.4760310649871826
23, 1202, 1123, 0.008286984637379646
24, 897, 1115, -0.006729366723448038
25, 1236, 1691, 0.13218799233436584
26, 889, 1691, 0.09322448074817657
27, 1223, 2154, 0.6176234483718872
28, 906, 2153, 0.48609501123428345
29, 1225, 2218, 0.6431836485862732
30, 897, 2218, 0.5165343880653381
31, 1200, 2305, 0.2610224485397339
32, 971, 2300, 0.07785321027040482
0, 1039, 266, -0.9255843758583069
1, 1071, 218, -0.8759373426437378
2, 1086, 218, -0.8760579824447632
3, 1102, 218, -0.8757302165031433
4, 1010, 220, -0.8932439088821411
5, 989, 221, -0.893469512462616
6, 972, 222, -0.8938784003257751
7, 1133, 237, -0.5178958177566528
8, 945, 244, -0.5931216478347778
9, 1077, 313, -0.789665162563324
10, 1002, 318, -0.812404990196228
11, 1290, 505, -0.24720314145088196
12, 807, 510, -0.4038752317428589
13, 1502, 898, -0.569021463394165
14, 566, 864, -0.8223230838775635
15, 1288, 719, -1.2343697547912598
16, 810, 643, -1.4839705228805542
17, 1214, 753, -1.363822340965271
18, 891, 635, -1.6179009675979614
19, 1158, 716, -1.3263851404190063
20, 922, 602, -1.5726332664489746
21, 1164, 706, -1.2324059009552002
22, 916, 603, -1.4752330780029297
23, 1200, 1123, 0.021820681169629097
24, 898, 1113, -0.02035067416727543
25, 1228, 1692, 0.14476722478866577
26, 885, 1690, 0.059249136596918106
27, 1213, 2154, 0.6318842172622681
28, 900, 2151, 0.4500424265861511
29, 1213, 2219, 0.6571643352508545
30, 891, 2215, 0.47785046696662903
31, 1194, 2304, 0.2745891809463501
32, 964, 2299, 0.045853663235902786
0, 1039, 268, -0.9410532116889954
1, 1072, 219, -0.8893494009971619
2, 1087, 219, -0.8894388675689697
3, 1102, 218, -0.8890930414199829
4, 1011, 221, -0.9069336652755737
5, 990, 222, -0.9071536660194397
6, 973, 222, -0.9075528979301453
7, 1135, 237, -0.5277685523033142
8, 946, 244, -0.604469895362854
9, 1078, 314, -0.804344892501831
10, 1003, 318, -0.8274958729743958
11, 1290, 507, -0.25263121724128723
12, 811, 509, -0.4290662407875061
13, 1504, 898, -0.6085698008537292
14, 561, 857, -0.8660443425178528
15, 1284, 707, -1.2787147760391235
16, 835, 657, -1.5204033851623535
17, 1207, 727, -1.4100422859191895
18, 913, 665, -1.6557319164276123
19, 1152, 702, -1.3658158779144287
20, 950, 634, -1.607786774635315
21, 1158, 693, -1.2753641605377197
22, 942, 630, -1.5108108520507812
23, 1196, 1124, 0.02716643735766411
24, 900, 1115, -0.02563338167965412
25, 1219, 1693, 0.14880403876304626
26, 881, 1691, 0.051794011145830154
27, 1203, 2154, 0.6502803564071655
28, 894, 2151, 0.45117953419685364
29, 1203, 2219, 0.6763585805892944
30, 885, 2215, 0.47892946004867554
31, 1183, 2305, 0.2860662341117859
32, 959, 2299, 0.04423713684082031
0, 1040, 268, -0.9305919408798218
1, 1072, 219, -0.880465567111969
2, 1087, 219, -0.8805758357048035
3, 1103, 218, -0.8802492022514343
4, 1011, 221, -0.8956260681152344
5, 991, 222, -0.8958500623703003
6, 974, 222, -0.8962790966033936
7, 1136, 237, -0.5294014811515808
8, 947, 244, -0.5949870944023132
9, 1078, 314, -0.7983434200286865
10, 1004, 318, -0.8183839321136475
11, 1290, 508, -0.2728874981403351
12, 814, 509, -0.41748395562171936
13, 1505, 899, -0.6598601937294006
14, 555, 854, -0.8528966903686523
15, 1285, 695, -1.3450952768325806
16, 848, 670, -1.5170445442199707
17, 1213, 719, -1.4797093868255615
18, 926, 675, -1.6505554914474487
19, 1158, 701, -1.4313300848007202
20, 971, 641, -1.6034704446792603
21, 1163, 691, -1.3406959772109985
22, 958, 634, -1.507575273513794
23, 1191, 1125, 0.017773382365703583
24, 900, 1118, -0.016107363626360893
25, 1205, 1700, 0.12439898401498795
26, 876, 1691, 0.04849885404109955
27, 1190, 2158, 0.6258223056793213
28, 887, 2153, 0.44155558943748474
29, 1191, 2222, 0.6500955820083618
30, 878, 2217, 0.4675785303115845
31, 1158, 2309, 0.26989805698394775
32, 950, 2302, 0.028988275676965714
0, 1040, 268, -0.9354103803634644
1, 1072, 219, -0.8852550387382507
2, 1088, 219, -0.8854069113731384
3, 1103, 218, -0.8850935697555542
4, 1012, 221, -0.9001482129096985
5, 991, 222, -0.9003902077674866
6, 975, 223, -0.9008395671844482
7, 1138, 237, -0.5350214242935181
8, 949, 244, -0.598979115486145
9, 1079, 314, -0.803169310092926
10, 1005, 318, -0.8229011297225952
11, 1291, 510, -0.27977293729782104
12, 816, 509, -0.4178585112094879
13, 1505, 899, -0.6669298410415649
14, 551, 852, -0.8509175777435303
15, 1285, 710, -1.3592307567596436
16, 850, 677, -1.527204990386963
17, 1213, 733, -1.4958436489105225
18, 931, 682, -1.6637758016586304
19, 1160, 712, -1.4490587711334229
20, 975, 642, -1.617342472076416
21, 1166, 702, -1.3549622297286987
22, 962, 639, -1.5184532403945923
23, 1191, 1126, 0.017325319349765778
24, 879, 1156, -0.015698881819844246
25, 1204, 1703, 0.10262347757816315
26, 876, 1691, 0.017120711505413055
27, 1189, 2159, 0.6022847294807434
28, 888, 2153, 0.4013221859931946
29, 1191, 2223, 0.6246728301048279
30, 879, 2217, 0.425588995218277
31, 1155, 2311, 0.22035352885723114
32, 949, 2303, -0.01345029566437006
0, 1040, 268, -0.9370941519737244
1, 1073, 219, -0.8859554529190063
2, 1088, 219, -0.8860852122306824
3, 1104, 219, -0.8857682943344116
4, 1012, 221, -0.900842547416687
5, 992, 222, -0.9011087417602539
6, 975, 223, -0.9015182256698608
7, 1140, 238, -0.532826840877533
8, 950, 244, -0.5972868204116821
9, 1080, 315, -0.8039673566818237
10, 1006, 318, -0.8236767649650574
11, 1291, 511, -0.2845208942890167
12, 815, 510, -0.40825754404067993
13, 1505, 900, -0.6555742025375366
14, 551, 852, -0.8312391042709351
15, 1270, 716, -1.3287078142166138
16, 845, 680, -1.505114197731018
17, 1189, 747, -1.464943766593933
18, 922, 689, -1.6410211324691772
19, 1142, 719, -1.4219123125076294
20, 965, 653, -1.5974445343017578
21, 1150, 709, -1.3247288465499878
22, 954, 649, -1.497515082359314
23, 1191, 1126, 0.016438907012343407
24, 871, 1176, -0.014804710634052753
25, 1203, 1707, 0.11773743480443954
26, 874, 1694, 0.017573846504092216
27, 1188, 2164, 0.6165372729301453
28, 885, 2157, 0.41026222705841064
29, 1190, 2230, 0.641448438167572
30, 876, 2223, 0.43360990285873413
31, 1156, 2315, 0.24893660843372345
32, 946, 2308, -0.010359810665249825
0, 1041, 268, -0.9369534254074097
1, 1074, 219, -0.8855612277984619
2, 1089, 219, -0.8856970071792603
3, 1105, 219, -0.8854069113731384
4, 1013, 221, -0.9011721014976501
5, 993, 222, -0.9014607667922974
6, 976, 223, -0.9018685221672058
7, 1142, 238, -0.5317560434341431
8, 950, 244, -0.5996130108833313
9, 1081, 315, -0.8035436272621155
10, 1006, 318, -0.8241957426071167
11, 1291, 511, -0.283143013715744
12, 816, 510, -0.4089047610759735
13, 1505, 900, -0.6504746675491333
14, 552, 852, -0.8413272500038147
15, 1271, 720, -1.3159085512161255
16, 845, 673, -1.5144784450531006
17, 1191, 750, -1.450280785560608
18, 924, 683, -1.650524377822876
19, 1141, 720, -1.4059569835662842
20, 964, 654, -1.6049882173538208
21, 1149, 710, -1.3114588260650635
22, 954, 648, -1.506278395652771
23, 1198, 1165, 0.01532721146941185
24, 871, 1184, -0.013670197688043118
25, 1202, 1711, 0.11841294169425964
26, 873, 1696, 0.030936509370803833
27, 1188, 2169, 0.610938310623169
28, 885, 2162, 0.41883617639541626
29, 1190, 2236, 0.6356877088546753
30, 876, 2229, 0.44324445724487305
31, 1157, 2318, 0.24583002924919128
32, 947, 2313, 0.010117854923009872
0, 1041, 268, -0.917438805103302
1, 1074, 219, -0.8657150268554688
2, 1090, 219, -0.8658589124679565
3, 1105, 219, -0.865559995174408
4, 1013, 221, -0.8814898133277893
5, 993, 222, -0.8817957043647766
6, 976, 222, -0.8822446465492249
7, 1142, 238, -0.513282835483551
8, 950, 244, -0.5816587209701538
9, 1081, 314, -0.7850744128227234
10, 1006, 317, -0.8058827519416809
11, 1291, 511, -0.264921635389328
12, 816, 508, -0.40541377663612366
13, 1504, 901, -0.6256329417228699
14, 554, 852, -0.82491135597229
15, 1272, 721, -1.2712558507919312
16, 844, 655, -1.4856570959091187
17, 1195, 750, -1.402459740638733
18, 925, 660, -1.619428038597107
19, 1143, 719, -1.3691694736480713
20, 962, 633, -1.5765215158462524
21, 1150, 708, -1.2702624797821045
22, 953, 630, -1.4779940843582153
23, 1198, 1152, 0.014365662820637226
24, 881, 1145, -0.012731964699923992
25, 1202, 1711, 0.12046194076538086
26, 872, 1696, 0.0371323823928833
27, 1189, 2170, 0.6088181734085083
28, 885, 2162, 0.424917995929718
29, 1191, 2236, 0.6335476636886597
30, 876, 2230, 0.44993916153907776
31, 1158, 2319, 0.2447364628314972
32, 947, 2314, 0.019635489210486412
0, 1041, 268, -0.8730655908584595
1, 1074, 219, -0.8232583999633789
2, 1090, 219, -0.8234134316444397
3, 1105, 219, -0.8231514096260071
4, 1013, 221, -0.8369329571723938
5, 993, 222, -0.8372443318367004
6, 976, 222, -0.8376778364181519
7, 1142, 238, -0.47594431042671204
8, 951, 244, -0.5346517562866211
9, 1081, 314, -0.7420275211334229
10, 1006, 316, -0.7600075006484985
11, 1291, 509, -0.22385737299919128
12, 816, 505, -0.3471788465976715
13, 1504, 900, -0.5640750527381897
14, 559, 852, -0.7507607936859131
15, 1273, 719, -1.2039800882339478
16, 842, 652, -1.3894481658935547
17, 1195, 748, -1.327778935432434
18, 919, 645, -1.5177663564682007
19, 1142, 711, -1.2883727550506592
20, 951, 609, -1.4711397886276245
21, 1148, 702, -1.199582815170288
22, 944, 611, -1.380170226097107
23, 1197, 1140, 0.013714845292270184
24, 887, 1124, -0.012107579968869686
25, 1201, 1710, 0.11918559670448303
26, 872, 1693, 0.029119843617081642
27, 1190, 2168, 0.5766909122467041
28, 885, 2160, 0.3870142996311188
29, 1191, 2234, 0.5981290936470032
30, 876, 2227, 0.4097846448421478
31, 1159, 2317, 0.21713665127754211
32, 946, 2310, -0.009372415021061897
0, 1041, 267, -0.8642590641975403
1, 1074, 219, -0.8156789541244507
2, 1090, 219, -0.8157891631126404
3, 1105, 219, -0.8154671788215637
4, 1013, 221, -0.8279728293418884
5, 993, 222, -0.8282729983329773
6, 976, 222, -0.8286712169647217
7, 1141, 238, -0.47228869795799255
8, 951, 244, -0.5247086882591248
9, 1081, 314, -0.7350438237190247
10, 1006, 316, -0.7511686682701111
11, 1289, 508, -0.22946597635746002
12, 816, 503, -0.3424038887023926
13, 1503, 900, -0.590063214302063
14, 565, 851, -0.7537715435028076
15, 1270, 715, -1.2523505687713623
16, 841, 632, -1.379508376121521
17, 1195, 742, -1.382631778717041
18, 918, 619, -1.506590723991394
19, 1140, 704, -1.3369923830032349
20, 950, 583, -1.4577693939208984
21, 1146, 696, -1.247185230255127
22, 943, 588, -1.3699078559875488
23, 1197, 1132, 0.013238648883998394
24, 891, 1113, -0.011681766249239445
25, 1201, 1706, 0.12134625762701035
26, 871, 1692, 0.06180240586400032
27, 1190, 2166, 0.5778418779373169
28, 885, 2158, 0.39654311537742615
29, 1192, 2232, 0.599635660648346
30, 877, 2225, 0.41598477959632874
31, 1159, 2313, 0.22015133500099182
32, 945, 2309, 0.012356552295386791
0, 1040, 267, -0.8585175275802612
1, 1074, 219, -0.8105505108833313
2, 1090, 219, -0.8106502294540405
3, 1105, 219, -0.8102890849113464
4, 1013, 221, -0.8227582573890686
5, 993, 222, -0.8230646848678589
6, 976, 222, -0.8234630823135376
7, 1141, 238, -0.46947363018989563
8, 951, 244, -0.5211852192878723
9, 1081, 314, -0.7302681803703308
10, 1005, 316, -0.7462497353553772
11, 1289, 507, -0.23007312417030334
12, 816, 501, -0.3453846573829651
13, 1503, 899, -0.5930280685424805
14, 569, 851, -0.7554988265037537
15, 1269, 712, -1.2560646533966064
16, 844, 626, -1.358842372894287
17, 1196, 732, -1.385994791984558
18, 921, 611, -1.483323574066162
19, 1141, 694, -1.3408864736557007
20, 951, 575, -1.4331283569335938
21, 1146, 687, -1.2514394521713257
22, 943, 580, -1.3485890626907349
23, 1196, 1131, 0.012995583936572075
24, 891, 1113, -0.011470560915768147
25, 1201, 1706, 0.13650259375572205
26, 869, 1692, 0.07923632115125656
27, 1190, 2165, 0.6054980158805847
28, 884, 2158, 0.4395630955696106
29, 1192, 2232, 0.629980742931366
30, 876, 2224, 0.4641781449317932
31, 1160, 2313, 0.2505940794944763
32, 943, 2309, 0.05085013806819916
0, 1040, 267, -0.8613927960395813
1, 1074, 219, -0.8112011551856995
2, 1090, 219, -0.8114122152328491
3, 1105, 219, -0.8111980557441711
4, 1013, 221, -0.8255859613418579
5, 993, 222, -0.826003909111023
6, 976, 222, -0.82634037733078
7, 1142, 238, -0.47393763065338135
8, 951, 244, -0.5267804265022278
9, 1081, 314, -0.7312999963760376
10, 1005, 316, -0.7496007680892944
11, 1289, 507, -0.23106764256954193
12, 817, 501, -0.3694831132888794
13, 1502, 899, -0.5948918461799622
14, 569, 851, -0.7884886860847473
15, 1264, 705, -1.2593425512313843
16, 846, 633, -1.372987151145935
17, 1188, 713, -1.3881895542144775
18, 922, 623, -1.5002281665802002
19, 1139, 677, -1.3447988033294678
20, 953, 590, -1.4439241886138916
21, 1143, 673, -1.2555689811706543
22, 946, 592, -1.3539316654205322
23, 1195, 1131, 0.02304176799952984
24, 891, 1113, -0.02155781351029873
25, 1195, 1706, 0.15986770391464233
26, 862, 1692, 0.0532546266913414
27, 1179, 2165, 0.6389907598495483
28, 875, 2157, 0.42911824584007263
29, 1179, 2232, 0.6638802289962769
30, 866, 2223, 0.45510417222976685
31, 1154, 2314, 0.28188034892082214
32, 937, 2309, 0.032011017203330994
0, 1040, 268, -0.8762026429176331
1, 1074, 219, -0.8271146416664124
2, 1090, 220, -0.8272530436515808
3, 1105, 219, -0.8269419074058533
4, 1013, 221, -0.8408482670783997
5, 994, 222, -0.8412355184555054
6, 977, 223, -0.8416153192520142
7, 1142, 239, -0.4872051179409027
8, 952, 244, -0.5408632159233093
9, 1082, 314, -0.7457072734832764
10, 1005, 317, -0.7633988857269287
11, 1289, 508, -0.2370547205209732
12, 818, 501, -0.3778201937675476
13, 1502, 903, -0.632958173751831
14, 565, 851, -0.8025743961334229
15, 1265, 686, -1.3077853918075562
16, 852, 642, -1.4177409410476685
17, 1192, 681, -1.438291311264038
18, 930, 637, -1.5458734035491943
19, 1145, 655, -1.389503002166748
20, 964, 603, -1.490645170211792
21, 1149, 652, -1.302894949913025
22, 952, 600, -1.4040025472640991
23, 1195, 1134, 0.021870100870728493
24, 891, 1115, -0.020290879532694817
25, 1190, 1710, 0.14172157645225525
26, 858, 1693, 0.0396239198744297
27, 1170, 2167, 0.6071921586990356
28, 866, 2158, 0.4063890278339386
29, 1171, 2234, 0.6299963593482971
30, 857, 2225, 0.43092718720436096
31, 1140, 2316, 0.2416466623544693
32, 929, 2309, 0.003052647691220045
0, 1041, 268, -0.8863783478736877
1, 1075, 219, -0.836846113204956
2, 1091, 220, -0.8369230031967163
3, 1106, 219, -0.8365938663482666
4, 1014, 221, -0.8507817387580872
5, 994, 222, -0.8511244058609009
6, 977, 223, -0.851481556892395
7, 1143, 239, -0.4941455125808716
8, 952, 244, -0.5516583323478699
9, 1082, 315, -0.7558988332748413
10, 1006, 317, -0.7740967273712158
11, 1289, 509, -0.24605676531791687
12, 817, 502, -0.3845139741897583
13, 1502, 903, -0.6308349370956421
14, 564, 854, -0.8045839071273804
15, 1268, 690, -1.3102809190750122
16, 852, 662, -1.4442181587219238
17, 1195, 692, -1.4444879293441772
18, 931, 664, -1.5758169889450073
19, 1150, 665, -1.400012731552124
20, 967, 631, -1.5291239023208618
21, 1155, 661, -1.3073475360870361
22, 953, 625, -1.434440016746521
23, 1194, 1135, 0.01812874712049961
24, 891, 1116, -0.016424497589468956
25, 1191, 1712, 0.13968618214130402
26, 858, 1697, 0.06204864755272865
27, 1172, 2170, 0.620607316493988
28, 868, 2160, 0.4473872482776642
29, 1173, 2237, 0.6457087993621826
30, 858, 2227, 0.4738120138645172
31, 1142, 2320, 0.25864189863204956
32, 930, 2312, 0.04511317238211632
0, 1041, 268, -0.9140127301216125
1, 1075, 219, -0.8639163970947266
2, 1091, 220, -0.8639975786209106
3, 1106, 219, -0.8637005686759949
4, 1014, 221, -0.8789466023445129
5, 995, 222, -0.8792570233345032
6, 978, 222, -0.8796472549438477
7, 1143, 239, -0.514996349811554
8, 953, 244, -0.5793704390525818
9, 1082, 315, -0.7819172143936157
10, 1006, 317, -0.8016006350517273
11, 1290, 511, -0.2603393495082855
12, 817, 503, -0.40516749024391174
13, 1502, 903, -0.6327118277549744
14, 564, 855, -0.8334351778030396
15, 1273, 691, -1.3072795867919922
16, 853, 671, -1.4902633428573608
17, 1199, 700, -1.4417935609817505
18, 934, 676, -1.6251252889633179
19, 1155, 671, -1.398140549659729
20, 969, 646, -1.5794044733047485
21, 1162, 666, -1.3042140007019043
22, 955, 637, -1.4812572002410889
23, 1195, 1135, 0.01789621263742447
24, 875, 1165, -0.016222262755036354
25, 1191, 1714, 0.13820810616016388
26, 858, 1698, 0.061588115990161896
27, 1173, 2173, 0.6280051469802856
28, 868, 2162, 0.45142632722854614
29, 1174, 2239, 0.6538521647453308
30, 859, 2229, 0.47815364599227905
31, 1143, 2324, 0.26502561569213867
32, 930, 2316, 0.04775308072566986
0, 1041, 268, -0.916210949420929
1, 1075, 219, -0.865703284740448
2, 1091, 220, -0.865797221660614
3, 1106, 219, -0.8655078411102295
4, 1014, 221, -0.8812955021858215
5, 995, 222, -0.8816057443618774
6, 978, 222, -0.8820040822029114
7, 1143, 239, -0.5155680179595947
8, 953, 243, -0.5830768346786499
9, 1082, 315, -0.7838772535324097
10, 1006, 317, -0.8043304681777954
11, 1290, 511, -0.25982365012168884
12, 816, 504, -0.4068474769592285
13, 1502, 902, -0.6261404752731323
14, 564, 855, -0.8297275900840759
15, 1275, 697, -1.2962311506271362
16, 853, 678, -1.4831740856170654
17, 1200, 704, -1.4298007488250732
18, 935, 684, -1.6177908182144165
19, 1158, 674, -1.3873496055603027
20, 969, 652, -1.5727673768997192
21, 1167, 667, -1.293334722518921
22, 955, 644, -1.474358081817627
23, 1196, 1135, 0.017347227782011032
24, 871, 1182, -0.015703869983553886
25, 1191, 1715, 0.14389561116695404
26, 859, 1699, 0.060558661818504333
27, 1174, 2173, 0.6392992734909058
28, 869, 2163, 0.45231011509895325
29, 1175, 2240, 0.6655577421188354
30, 860, 2229, 0.4793723225593567
31, 1144, 2324, 0.27855929732322693
32, 931, 2316, 0.05087239667773247
0, 1041, 268, -0.914604127407074
1, 1075, 219, -0.8640318512916565
2, 1091, 220, -0.8641234040260315
3, 1106, 219, -0.8638271689414978
4, 1015, 221, -0.8798383474349976
5, 995, 221, -0.8801431059837341
6, 978, 221, -0.8805469274520874
7, 1143, 239, -0.5149825811386108
8, 953, 243, -0.5855015516281128
9, 1082, 315, -0.7830230593681335
10, 1006, 317, -0.8040941953659058
11, 1290, 511, -0.263001024723053
12, 815, 505, -0.41472405195236206
13, 1502, 902, -0.62692791223526
14, 563, 855, -0.8514631986618042
15, 1276, 699, -1.2925218343734741
16, 855, 679, -1.5061415433883667
17, 1202, 704, -1.4262176752090454
18, 939, 685, -1.641748309135437
19, 1159, 676, -1.382910132408142
20, 974, 654, -1.5949991941452026
21, 1167, 670, -1.2893965244293213
22, 958, 645, -1.497012734413147
23, 1196, 1136, 0.016847413033246994
24, 869, 1189, -0.015202123671770096
25, 1191, 1716, 0.14459630846977234
26, 859, 1701, 0.06945174187421799
27, 1175, 2175, 0.6503907442092896
28, 869, 2166, 0.47464990615844727
29, 1176, 2242, 0.6778981685638428
30, 860, 2232, 0.5024941563606262
31, 1144, 2326, 0.2913591265678406
32, 931, 2320, 0.07416322827339172
0, 1042, 268, -0.9138182997703552
1, 1076, 219, -0.8631795644760132
2, 1092, 220, -0.863273561000824
3, 1107, 219, -0.8629684448242188
4, 1015, 221, -0.879494309425354
5, 996, 221, -0.8798055648803711
6, 979, 221, -0.8802160620689392
7, 1143, 240, -0.5147600769996643
8, 953, 243, -0.5884876847267151
9, 1082, 315, -0.7824819087982178
10, 1006, 317, -0.8043016195297241
11, 1290, 511, -0.2632124125957489
12, 814, 506, -0.41986551880836487
13, 1502, 902, -0.6293489933013916
14, 563, 856, -0.8595650792121887
15, 1276, 698, -1.2965680360794067
16, 860, 679, -1.5106836557388306
17, 1202, 702, -1.4308568239212036
18, 944, 685, -1.64547598361969
19, 1159, 676, -1.3854198455810547
20, 980, 654, -1.598124623298645
21, 1167, 670, -1.2927963733673096
22, 962, 646, -1.5011757612228394
23, 1196, 1136, 0.016532814130187035
24, 867, 1192, -0.01490715704858303
25, 1190, 1716, 0.14526037871837616
26, 859, 1703, 0.07112323492765427
27, 1173, 2176, 0.6545406579971313
28, 869, 2167, 0.4769512116909027
29, 1174, 2243, 0.6822978258132935
30, 859, 2234, 0.5047323107719421
31, 1144, 2326, 0.2972741723060608
32, 932, 2320, 0.0772906243801117
0, 1042, 268, -0.9136132597923279
1, 1076, 219, -0.862265944480896
2, 1092, 220, -0.8623486161231995
3, 1107, 219, -0.8620308637619019
4, 1015, 221, -0.8790676593780518
5, 996, 221, -0.8793593049049377
6, 979, 221, -0.8797710537910461
7, 1144, 240, -0.5118926763534546
8, 953, 242, -0.5858376026153564
9, 1082, 315, -0.7814009189605713
10, 1006, 317, -0.8036044836044312
11, 1290, 512, -0.2551214396953583
12, 813, 507, -0.41508328914642334
13, 1502, 902, -0.6185396313667297
14, 562, 857, -0.8475271463394165
15, 1276, 698, -1.2884153127670288
16, 859, 679, -1.4962819814682007
17, 1203, 700, -1.4216971397399902
18, 943, 685, -1.6300361156463623
19, 1158, 675, -1.3736741542816162
20, 980, 654, -1.5844589471817017
21, 1165, 670, -1.2837951183319092
22, 963, 646, -1.4876887798309326
23, 1196, 1137, 0.017434583976864815
24, 866, 1194, -0.015822986140847206
25, 1190, 1718, 0.15707559883594513
26, 859, 1705, 0.07541832327842712
27, 1173, 2177, 0.674066960811615
28, 869, 2168, 0.48710814118385315
29, 1174, 2245, 0.7027536034584045
30, 859, 2236, 0.5157328844070435
31, 1144, 2327, 0.3188861608505249
32, 932, 2322, 0.08796804398298264
0, 1042, 268, -0.9223461747169495
1, 1077, 219, -0.8708221912384033
2, 1093, 220, -0.870870053768158
3, 1108, 220, -0.8705564141273499
4, 1015, 221, -0.8869717717170715
5, 996, 221, -0.8873057961463928
6, 978, 221, -0.8876787424087524
7, 1144, 240, -0.5195107460021973
8, 953, 242, -0.5907399654388428
9, 1082, 316, -0.7897821068763733
10, 1006, 318, -0.8111182451248169
11, 1290, 512, -0.2653198540210724
12, 811, 508, -0.4184107482433319
13, 1502, 902, -0.6446386575698853
14, 562, 857, -0.8495423197746277
15, 1275, 696, -1.312365174293518
16, 860, 679, -1.491010069847107
17, 1202, 696, -1.445699691772461
18, 944, 684, -1.6243038177490234
19, 1155, 673, -1.3956996202468872
20, 984, 654, -1.5768052339553833
21, 1161, 668, -1.3071612119674683
22, 965, 646, -1.4815114736557007
23, 1196, 1138, 0.017359135672450066
24, 863, 1197, -0.015767686069011688
25, 1189, 1720, 0.16051912307739258
26, 858, 1707, 0.07863827794790268
27, 1173, 2180, 0.6777514815330505
28, 868, 2170, 0.4908815026283264
29, 1174, 2250, 0.7067570090293884
30, 859, 2238, 0.5197417736053467
31, 1144, 2329, 0.32377156615257263
32, 932, 2325, 0.09275074303150177
0, 1042, 268, -0.9270850419998169
1, 1077, 219, -0.8770005106925964
2, 1093, 220, -0.8770278692245483
3, 1109, 220, -0.8767433762550354
4, 1015, 221, -0.8915549516677856
5, 996, 221, -0.8918893337249756
6, 978, 221, -0.8922317028045654
7, 1144, 240, -0.5288947224617004
8, 952, 242, -0.5928531885147095
9, 1082, 316, -0.7953096032142639
10, 1006, 318, -0.8145463466644287
11, 1290, 512, -0.2783900499343872
12, 810, 509, -0.41597339510917664
13, 1502, 902, -0.6575824618339539
14, 562, 858, -0.8487334847450256
15, 1275, 697, -1.3211485147476196
16, 861, 679, -1.4832313060760498
17, 1201, 696, -1.453467845916748
18, 944, 684, -1.6128573417663574
19, 1154, 673, -1.403990387916565
20, 985, 654, -1.564693808555603
21, 1160, 669, -1.3157986402511597
22, 966, 646, -1.4729785919189453
23, 1196, 1138, 0.013952968642115593
24, 878, 1154, -0.012301648035645485
25, 1188, 1721, 0.157867893576622
26, 856, 1707, 0.08698967099189758
27, 1173, 2180, 0.6679256558418274
28, 868, 2170, 0.4916762411594391
29, 1174, 2251, 0.6959521174430847
30, 859, 2238, 0.5200110673904419
31, 1144, 2329, 0.31337469816207886
32, 932, 2325, 0.09715519845485687
0, 1042, 269, -0.9392618536949158
1, 1077, 220, -0.8900119662284851
2, 1094, 220, -0.8900244235992432
3, 1109, 220, -0.8897284865379333
4, 1015, 221, -0.9044162631034851
5, 996, 221, -0.9047363996505737
6, 978, 221, -0.9050615429878235
7, 1144, 240, -0.5395244359970093
8, 952, 241, -0.6027431488037109
9, 1082, 317, -0.8063656687736511
10, 1006, 318, -0.8253840804100037
11, 1290, 512, -0.28758683800697327
12, 809, 509, -0.4208909869194031
13, 1502, 903, -0.6662462949752808
14, 562, 858, -0.84881991147995
15, 1276, 697, -1.3408877849578857
16, 861, 679, -1.4957703351974487
17, 1202, 695, -1.4758696556091309
18, 944, 684, -1.6273137331008911
19, 1155, 672, -1.428331971168518
20, 986, 653, -1.5808826684951782
21, 1162, 668, -1.3366986513137817
22, 968, 645, -1.4864481687545776
23, 1196, 1138, 0.011373174376785755
24, 884, 1143, -0.009667596779763699
25, 1188, 1721, 0.1555635929107666
26, 856, 1707, 0.08807061612606049
27, 1173, 2180, 0.6674572229385376
28, 868, 2170, 0.48935747146606445
29, 1175, 2251, 0.6949994564056396
30, 859, 2238, 0.5172495245933533
31, 1144, 2330, 0.31169024109840393
32, 932, 2326, 0.09206948429346085
0, 1042, 269, -0.9351825714111328
1, 1077, 220, -0.8856897950172424
2, 1094, 220, -0.8857147693634033
3, 1109, 220, -0.8854078054428101
4, 1015, 221, -0.9001393914222717
5, 996, 221, -0.9004557728767395
6, 978, 221, -0.9007988572120667
7, 1144, 240, -0.5357388257980347
8, 952, 241, -0.5993508100509644
9, 1082, 318, -0.8027648329734802
10, 1006, 319, -0.8218204975128174
11, 1290, 513, -0.28526797890663147
12, 808, 509, -0.41892459988594055
13, 1502, 904, -0.6635376214981079
14, 562, 858, -0.8474090695381165
15, 1278, 697, -1.3366955518722534
16, 863, 678, -1.4933239221572876
17, 1204, 694, -1.4715125560760498
18, 945, 683, -1.6248823404312134
19, 1157, 670, -1.4234691858291626
20, 989, 652, -1.577502965927124
21, 1163, 667, -1.3323187828063965
22, 970, 644, -1.4837253093719482
23, 1196, 1139, 0.009049063548445702
24, 887, 1140, -0.0072998483665287495
25, 1188, 1721, 0.15227992832660675
26, 855, 1709, 0.09474559128284454
27, 1173, 2181, 0.6654086709022522
28, 868, 2172, 0.4962138235569
29, 1175, 2252, 0.6923601031303406
30, 859, 2240, 0.524117112159729
31, 1144, 2331, 0.31133711338043213
32, 931, 2328, 0.09695080667734146
0, 1042, 269, -0.9423272013664246
1, 1077, 220, -0.8923860788345337
2, 1094, 220, -0.8924108743667603
3, 1110, 220, -0.8921019434928894
4, 1015, 221, -0.9069197773933411
5, 996, 221, -0.9072492718696594
6, 978, 221, -0.9075908660888672
7, 1145, 240, -0.5406758189201355
8, 952, 241, -0.6043027639389038
9, 1082, 318, -0.8093240261077881
10, 1006, 319, -0.8284640908241272
11, 1290, 513, -0.290545254945755
12, 807, 509, -0.422758549451828
13, 1502, 905, -0.6735629439353943
14, 562, 858, -0.8553679585456848
15, 1279, 698, -1.3502404689788818
16, 863, 678, -1.512041449546814
17, 1204, 694, -1.4861336946487427
18, 945, 682, -1.6453202962875366
19, 1157, 669, -1.4365501403808594
20, 989, 651, -1.5978457927703857
21, 1164, 666, -1.3452789783477783
22, 970, 642, -1.5027564764022827
23, 1196, 1140, 0.007539558690041304
24, 889, 1138, -0.005782446824014187
25, 1188, 1723, 0.15123391151428223
26, 853, 1710, 0.09627889841794968
27, 1172, 2183, 0.6620110869407654
28, 865, 2172, 0.5025647878646851
29, 1173, 2254, 0.689395010471344
30, 856, 2241, 0.5309838652610779
31, 1141, 2333, 0.3063100278377533
32, 929, 2329, 0.10277947783470154
0, 1042, 269, -0.9453731775283813
1, 1078, 220, -0.8954719305038452
2, 1094, 220, -0.8954945206642151
3, 1110, 220, -0.8951818346977234
4, 1015, 221, -0.9104598760604858
5, 996, 221, -0.9107850193977356
6, 978, 221, -0.9111301898956299
7, 1145, 240, -0.5424858331680298
8, 952, 241, -0.608038067817688
9, 1082, 318, -0.8117745518684387
10, 1006, 319, -0.831493079662323
11, 1290, 513, -0.2900805175304413
12, 806, 510, -0.42465564608573914
13, 1503, 905, -0.6702535152435303
14, 561, 858, -0.8552112579345703
15, 1279, 698, -1.3507765531539917
16, 862, 678, -1.5141041278839111
17, 1205, 694, -1.48702073097229
18, 945, 682, -1.6477173566818237
19, 1158, 669, -1.43831205368042
20, 988, 650, -1.6007498502731323
21, 1166, 666, -1.3461419343948364
22, 970, 641, -1.504957914352417
23, 1196, 1141, 0.007307194638997316
24, 890, 1139, -0.005544872488826513
25, 1187, 1724, 0.15068253874778748
26, 851, 1711, 0.09610459953546524
27, 1170, 2185, 0.6640462875366211
28, 861, 2174, 0.5059165358543396
29, 1172, 2256, 0.692175567150116
30, 852, 2242, 0.534609854221344
31, 1139, 2335, 0.30649086833000183
32, 926, 2331, 0.10460507124662399
0, 1042, 269, -0.9522063136100769
1, 1078, 220, -0.9022599458694458
2, 1094, 220, -0.9022766351699829
3, 1110, 220, -0.9019747972488403
4, 1015, 221, -0.9169284105300903
5, 996, 221, -0.9172513484954834
6, 978, 221, -0.9175938963890076
7, 1145, 240, -0.5490328073501587
8, 952, 241, -0.6131158471107483
9, 1082, 319, -0.8185513019561768
10, 1006, 319, -0.8378053307533264
11, 1290, 513, -0.29612892866134644
12, 806, 510, -0.42897525429725647
13, 1503, 906, -0.6811096668243408
14, 560, 859, -0.8622940182685852
15, 1280, 698, -1.3605384826660156
16, 862, 677, -1.5241703987121582
17, 1205, 693, -1.4966139793395996
18, 945, 682, -1.658172845840454
19, 1159, 668, -1.4468694925308228
20, 988, 649, -1.6103665828704834
21, 1167, 666, -1.3554834127426147
22, 970, 641, -1.5147984027862549
23, 1196, 1142, 0.006117645185440779
24, 890, 1138, -0.004328528884798288
25, 1187, 1726, 0.1473967432975769
26, 850, 1712, 0.09466784447431564
27, 1170, 2187, 0.6624361872673035
28, 859, 2175, 0.5033960342407227
29, 1171, 2258, 0.6902715563774109
30, 850, 2244, 0.531948447227478
31, 1137, 2337, 0.30571448802948
32, 924, 2333, 0.10204710811376572
0, 1042, 269, -0.9504061937332153
1, 1078, 220, -0.9010270237922668
2, 1094, 220, -0.9010445475578308
3, 1110, 220, -0.9007511734962463
4, 1015, 221, -0.9155703783035278
5, 996, 221, -0.9158856272697449
6, 978, 221, -0.9162303805351257
7, 1145, 240, -0.5492068529129028
8, 952, 241, -0.612608015537262
9, 1082, 319, -0.8170526027679443
10, 1006, 319, -0.8361539840698242
11, 1291, 513, -0.2952437996864319
12, 805, 510, -0.42748287320137024
13, 1503, 906, -0.6776227951049805
14, 560, 860, -0.8613321781158447
15, 1280, 698, -1.3568943738937378
16, 862, 678, -1.51875638961792
17, 1206, 693, -1.4926279783248901
18, 945, 682, -1.6528658866882324
19, 1160, 667, -1.4436256885528564
20, 988, 649, -1.604406476020813
21, 1168, 665, -1.3520029783248901
22, 970, 641, -1.5091934204101562
23, 1196, 1142, 0.005530967842787504
24, 890, 1137, -0.0037352240178734064
25, 1186, 1726, 0.1449010670185089
26, 849, 1712, 0.09362911432981491
27, 1169, 2187, 0.6571148633956909
28, 857, 2175, 0.501348614692688
29, 1170, 2258, 0.6849345564842224
30, 848, 2244, 0.5298070907592773
31, 1136, 2338, 0.301086962223053
32, 922, 2333, 0.10004079341888428
0, 1042, 269, -0.9481241703033447
1, 1078, 220, -0.8985264897346497
2, 1094, 220, -0.898551344871521
3, 1110, 220, -0.8982524275779724
4, 1015, 221, -0.9132026433944702
5, 996, 221, -0.9135187268257141
6, 978, 221, -0.9138695001602173
7, 1145, 240, -0.5470660328865051
8, 952, 241, -0.6108084321022034
9, 1082, 319, -0.8149001598358154
10, 1006, 319, -0.8342331051826477
11, 1291, 513, -0.29351451992988586
12, 805, 510, -0.4263913333415985
13, 1503, 907, -0.6739969849586487
14, 560, 860, -0.8512805700302124
15, 1281, 698, -1.3518809080123901
16, 862, 678, -1.5052249431610107
17, 1207, 693, -1.4873000383377075
18, 945, 682, -1.6373193264007568
19, 1162, 667, -1.438914179801941
20, 987, 649, -1.5901042222976685
21, 1169, 665, -1.3471838235855103
22, 970, 641, -1.4957162141799927
23, 1196, 1143, 0.005134830716997385
24, 890, 1137, -0.0033405162394046783
25, 1185, 1726, 0.1429426074028015
26, 848, 1712, 0.09298059344291687
27, 1169, 2187, 0.6492912769317627
28, 857, 2175, 0.498369425535202
29, 1170, 2259, 0.6766985058784485
30, 848, 2245, 0.526117205619812
31, 1136, 2338, 0.2940179705619812
32, 921, 2333, 0.09921886026859283
0, 1042, 269, -0.9431081414222717
1, 1078, 220, -0.8944776058197021
2, 1094, 220, -0.894470751285553
3, 1110, 220, -0.8941742777824402
4, 1015, 221, -0.9080266952514648
5, 996, 221, -0.9083253741264343
6, 978, 221, -0.9086560606956482
7, 1145, 240, -0.5444313287734985
8, 952, 241, -0.6035900712013245
9, 1082, 319, -0.8105419278144836
10, 1006, 319, -0.8284028768539429
11, 1291, 514, -0.29074400663375854
12, 805, 510, -0.4161381423473358
13, 1503, 908, -0.6684877276420593
14, 560, 861, -0.829566240310669
15, 1283, 699, -1.350824236869812
16, 861, 678, -1.4775458574295044
17, 1209, 693, -1.485979676246643
18, 945, 682, -1.6077885627746582
19, 1164, 668, -1.436910629272461
20, 987, 648, -1.561575174331665
21, 1172, 665, -1.345727562904358
22, 969, 641, -1.468285322189331
23, 1196, 1143, 0.004693795461207628
24, 889, 1137, -0.0028863437473773956
25, 1185, 1726, 0.14113260805606842
26, 847, 1712, 0.09333328157663345
27, 1169, 2188, 0.640507698059082
28, 856, 2176, 0.49558937549591064
29, 1171, 2259, 0.6672391891479492
30, 848, 2245, 0.5224857330322266
31, 1136, 2338, 0.28435251116752625
32, 920, 2333, 0.09720650315284729
0, 1042, 269, -0.9402450919151306
1, 1078, 220, -0.8921871185302734
2, 1095, 220, -0.8921902775764465
3, 1110, 220, -0.8919048309326172
4, 1015, 221, -0.9051476120948792
5, 996, 221, -0.9054350256919861
6, 978, 221, -0.905773401260376
7, 1145, 240, -0.5432243347167969
8, 952, 241, -0.59980708360672
9, 1083, 319, -0.8080765604972839
10, 1006, 319, -0.8251984715461731
11, 1291, 514, -0.2893323302268982
12, 805, 510, -0.4105336368083954
13, 1503, 909, -0.6663959622383118
14, 560, 862, -0.8239733576774597
15, 1285, 699, -1.350179672241211
16, 861, 679, -1.4720274209976196
17, 1211, 693, -1.4850107431411743
18, 945, 681, -1.6019625663757324
19, 1165, 668, -1.435819387435913
20, 987, 648, -1.55543053150177
21, 1174, 665, -1.3449466228485107
22, 969, 640, -1.4626187086105347
23, 1196, 1144, 0.0037273350171744823
24, 889, 1137, -0.0019377719145268202
25, 1185, 1726, 0.13727883994579315
26, 847, 1712, 0.09407177567481995
27, 1169, 2187, 0.6340513229370117
28, 857, 2176, 0.4951161742210388
29, 1171, 2259, 0.6606212854385376
30, 848, 2245, 0.522212028503418
31, 1136, 2338, 0.27749335765838623
32, 920, 2333, 0.09638535976409912
0, 1042, 269, -0.9392011761665344
1, 1078, 220, -0.8913918137550354
2, 1095, 220, -0.8913942575454712
3, 1110, 220, -0.8911144733428955
4, 1015, 221, -0.9040718674659729
5, 996, 221, -0.9043558835983276
6, 978, 221, -0.9046933054924011
7, 1145, 240, -0.5429718494415283
8, 952, 241, -0.5984380841255188
9, 1083, 319, -0.8072035908699036
10, 1006, 319, -0.8240126371383667
11, 1291, 514, -0.28921809792518616
12, 805, 510, -0.40932705998420715
13, 1504, 909, -0.6656758785247803
14, 559, 862, -0.8239148259162903
15, 1286, 700, -1.3476920127868652
16, 861, 679, -1.4715044498443604
17, 1212, 693, -1.4825108051300049
18, 944, 681, -1.6015559434890747
19, 1166, 668, -1.4337735176086426
20, 987, 648, -1.5548186302185059
21, 1175, 666, -1.342684030532837
22, 969, 640, -1.4620411396026611
23, 1196, 1144, 0.0033165470231324434
24, 889, 1137, -0.0015326081775128841
25, 1185, 1726, 0.13547275960445404
26, 847, 1712, 0.09401966631412506
27, 1169, 2187, 0.6305549144744873
28, 857, 2176, 0.49336186051368713
29, 1172, 2259, 0.6570186614990234
30, 849, 2245, 0.5201038122177124
31, 1136, 2338, 0.273717999458313
32, 920, 2333, 0.09587910026311874
0, 1042, 269, -0.9259350299835205
1, 1078, 220, -0.878203272819519
2, 1095, 220, -0.8782005906105042
3, 1110, 220, -0.8778987526893616
4, 1015, 221, -0.8907722234725952
5, 996, 221, -0.8910534977912903
6, 978, 221, -0.8913852572441101
7, 1145, 240, -0.531227171421051
8, 952, 241, -0.5861536264419556
9, 1083, 319, -0.7945908308029175
10, 1006, 319, -0.8112307190895081
11, 1291, 514, -0.2810991108417511
12, 805, 510, -0.39792218804359436
13, 1504, 910, -0.6527736186981201
14, 559, 863, -0.8064401745796204
15, 1286, 699, -1.3326889276504517
16, 861, 679, -1.4509069919586182
17, 1212, 693, -1.4663461446762085
18, 944, 681, -1.5791431665420532
19, 1166, 667, -1.4187902212142944
20, 986, 648, -1.5332589149475098
21, 1175, 665, -1.3279602527618408
22, 969, 640, -1.4416829347610474
23, 1196, 1144, 0.0032711150124669075
24, 889, 1137, -0.0014840479707345366
25, 1186, 1726, 0.13555575907230377
26, 847, 1712, 0.09648819267749786
27, 1171, 2187, 0.6293548345565796
28, 857, 2176, 0.492923378944397
29, 1173, 2259, 0.6557128429412842
30, 849, 2245, 0.5193698406219482
31, 1137, 2338, 0.27306851744651794
32, 920, 2334, 0.09553911536931992
0, 1042, 269, -0.9129990935325623
1, 1078, 220, -0.8649517893791199
2, 1095, 220, -0.8649338483810425
3, 1110, 220, -0.8646160960197449
4, 1015, 221, -0.8770130276679993
5, 996, 221, -0.8772952556610107
6, 977, 221, -0.8776217103004456
7, 1145, 240, -0.5195504426956177
8, 952, 241, -0.5720916390419006
9, 1083, 319, -0.7826058864593506
10, 1006, 319, -0.7985162138938904
11, 1291, 514, -0.27479463815689087
12, 805, 510, -0.38745853304862976
13, 1504, 910, -0.648086667060852
14, 558, 863, -0.7960292100906372
15, 1285, 698, -1.3267438411712646
16, 860, 679, -1.438866376876831
17, 1211, 692, -1.4601757526397705
18, 944, 681, -1.5668598413467407
19, 1166, 666, -1.4126521348953247
20, 986, 648, -1.5208187103271484
21, 1175, 664, -1.322055697441101
22, 968, 640, -1.4298118352890015
23, 1196, 1144, 0.0031584182288497686
24, 889, 1137, -0.0013576839119195938
25, 1186, 1726, 0.1355372965335846
26, 847, 1713, 0.0977989137172699
27, 1171, 2188, 0.6286989450454712
28, 857, 2177, 0.4920276999473572
29, 1174, 2260, 0.655038058757782
30, 849, 2246, 0.518191397190094
31, 1137, 2339, 0.2720024883747101
32, 920, 2336, 0.09402922540903091
0, 1042, 269, -0.9011116027832031
1, 1078, 220, -0.8526747822761536
2, 1095, 220, -0.8526657223701477
3, 1110, 220, -0.8523486256599426
4, 1015, 221, -0.8647583723068237
5, 996, 221, -0.8650466203689575
6, 977, 221, -0.8653870224952698
7, 1145, 240, -0.5080180168151855
8, 952, 240, -0.560379683971405
9, 1083, 319, -0.7711515426635742
10, 1006, 319, -0.7870079278945923
11, 1291, 514, -0.2645381987094879
12, 805, 510, -0.37788811326026917
13, 1504, 910, -0.6389171481132507
14, 558, 864, -0.7843753099441528
15, 1285, 698, -1.3156695365905762
16, 860, 679, -1.4233146905899048
17, 1211, 691, -1.4479089975357056
18, 944, 681, -1.5505448579788208
19, 1166, 666, -1.3998817205429077
20, 985, 648, -1.5041632652282715
21, 1175, 664, -1.3106659650802612
22, 968, 640, -1.414013385772705
23, 1196, 1145, 0.0031603078823536634
24, 889, 1137, -0.0013588073197752237
25, 1187, 1727, 0.13431571424007416
26, 847, 1714, 0.09483180940151215
27, 1171, 2189, 0.6230584979057312
28, 857, 2179, 0.4793109893798828
29, 1174, 2260, 0.6488932371139526
30, 849, 2248, 0.5048916339874268
31, 1137, 2340, 0.26529738306999207
32, 919, 2337, 0.07996310293674469
0, 1043, 269, -0.8931397795677185
1, 1078, 220, -0.8446035385131836
2, 1095, 220, -0.8445903062820435
3, 1110, 220, -0.8442663550376892
4, 1015, 220, -0.8563413023948669
5, 996, 221, -0.8566275238990784
6, 977, 220, -0.856968104839325
7, 1145, 240, -0.5015298128128052
8, 952, 240, -0.552431046962738
9, 1083, 319, -0.7641206979751587
10, 1006, 319, -0.7795199751853943
11, 1291, 514, -0.26145508885383606
12, 805, 510, -0.37235039472579956
13, 1504, 911, -0.6339959502220154
14, 558, 864, -0.7812975645065308
15, 1284, 698, -1.3046587705612183
16, 860, 679, -1.4190376996994019
17, 1210, 691, -1.4360947608947754
18, 944, 681, -1.5459613800048828
19, 1166, 665, -1.388028860092163
20, 985, 648, -1.4989523887634277
21, 1175, 664, -1.2994682788848877
22, 968, 640, -1.409657597541809
23, 1197, 1146, 0.0029842446092516184
24, 890, 1137, -0.0011726871598511934
25, 1187, 1728, 0.13428571820259094
26, 847, 1715, 0.09530851244926453
27, 1172, 2190, 0.6231539249420166
28, 857, 2180, 0.47945451736450195
29, 1175, 2261, 0.6491288542747498
30, 849, 2249, 0.5052260160446167
31, 1138, 2341, 0.26585355401039124
32, 919, 2338, 0.0803399533033371
0, 1043, 269, -0.8927981853485107
1, 1078, 220, -0.843989908695221
2, 1095, 220, -0.8439689874649048
3, 1110, 220, -0.8436393141746521
4, 1016, 220, -0.8557108044624329
5, 996, 221, -0.855991005897522
6, 978, 220, -0.8563284277915955
7, 1145, 240, -0.5001521110534668
8, 952, 240, -0.5510193109512329
9, 1083, 319, -0.7637604475021362
10, 1006, 319, -0.7791761159896851
11, 1291, 514, -0.26206377148628235
12, 805, 510, -0.37230029702186584
13, 1504, 911, -0.6340948939323425
14, 559, 864, -0.7862532138824463
15, 1284, 698, -1.3015873432159424
16, 861, 679, -1.4270093441009521
17, 1210, 691, -1.4329880475997925
18, 945, 680, -1.5548619031906128
19, 1166, 665, -1.3851655721664429
20, 985, 647, -1.5073164701461792
21, 1175, 664, -1.2965331077575684
22, 968, 640, -1.4175703525543213
23, 1197, 1146, 0.002321641892194748
24, 890, 1138, -0.0004725361068267375
25, 1188, 1728, 0.13261452317237854
26, 847, 1716, 0.09524083882570267
27, 1172, 2192, 0.6203826069831848
28, 857, 2183, 0.47686636447906494
29, 1176, 2262, 0.6462571620941162
30, 848, 2252, 0.5027159452438354
31, 1138, 2343, 0.26186299324035645
32, 919, 2341, 0.07465742528438568
0, 1043, 269, -0.8941637873649597
1, 1078, 220, -0.8448870778083801
2, 1095, 220, -0.8448874950408936
3, 1111, 220, -0.8445461988449097
4, 1016, 220, -0.8573248386383057
5, 997, 220, -0.8576062917709351
6, 978, 220, -0.8579539656639099
7, 1145, 240, -0.5005182027816772
8, 952, 240, -0.5539103746414185
9, 1083, 318, -0.7667144536972046
10, 1007, 318, -0.7813357710838318
11, 1291, 515, -0.2696724236011505
12, 805, 510, -0.3793644905090332
13, 1505, 911, -0.6469370722770691
14, 561, 864, -0.807407557964325
15, 1285, 699, -1.3088370561599731
16, 861, 678, -1.4568240642547607
17, 1210, 691, -1.4407826662063599
18, 945, 680, -1.5871855020523071
19, 1165, 666, -1.3919310569763184
20, 986, 648, -1.5393445491790771
21, 1175, 664, -1.3038116693496704
22, 968, 640, -1.4475173950195312
23, 1197, 1147, 0.0020306140650063753
24, 890, 1138, -0.00016984650574158877
25, 1188, 1728, 0.12452314794063568
26, 848, 1716, 0.08708760142326355
27, 1174, 2193, 0.6121596097946167
28, 857, 2185, 0.46647369861602783
29, 1178, 2263, 0.6375992298126221
30, 848, 2254, 0.4919339418411255
31, 1139, 2345, 0.25145700573921204
32, 920, 2343, 0.06111718341708183
0, 1043, 268, -0.8972194790840149
1, 1078, 219, -0.847464919090271
2, 1095, 220, -0.8474522829055786
3, 1110, 220, -0.8471250534057617
4, 1016, 220, -0.8601295351982117
5, 997, 220, -0.8604102730751038
6, 979, 219, -0.8607543706893921
7, 1145, 240, -0.5026243329048157
8, 952, 240, -0.5573183298110962
9, 1083, 317, -0.769043505191803
10, 1007, 317, -0.7844861745834351
11, 1290, 515, -0.2695993483066559
12, 805, 510, -0.3845914602279663
13, 1505, 911, -0.639972448348999
14, 562, 864, -0.8142454028129578
15, 1285, 700, -1.297269582748413
16, 863, 679, -1.4582761526107788
17, 1210, 693, -1.428882360458374
18, 947, 680, -1.5878567695617676
19, 1165, 667, -1.3805185556411743
20, 989, 649, -1.5405744314193726
21, 1174, 665, -1.2922605276107788
22, 971, 642, -1.4487560987472534
23, 1196, 1146, 0.002624450484290719
24, 890, 1137, -0.0007505330140702426
25, 1188, 1728, 0.12514044344425201
26, 848, 1716, 0.087232805788517
27, 1174, 2193, 0.6141646504402161
28, 856, 2185, 0.4676763117313385
29, 1178, 2263, 0.6398313045501709
30, 847, 2254, 0.4933064579963684
31, 1139, 2345, 0.2540172040462494
32, 920, 2343, 0.06345825642347336
0, 1043, 267, -0.9119718670845032
1, 1078, 218, -0.8616045713424683
2, 1095, 219, -0.8615659475326538
3, 1110, 219, -0.8612615466117859
4, 1016, 219, -0.8729663491249084
5, 997, 219, -0.8732383251190186
6, 979, 219, -0.873582661151886
7, 1145, 240, -0.5191841721534729
8, 953, 239, -0.5684802532196045
9, 1083, 316, -0.7850094437599182
10, 1007, 316, -0.7992878556251526
11, 1290, 515, -0.2832518219947815
12, 805, 510, -0.4038330912590027
13, 1505, 911, -0.6558210253715515
14, 564, 865, -0.8313237428665161
15, 1287, 707, -1.3265702724456787
16, 864, 679, -1.4729713201522827
17, 1210, 699, -1.4616773128509521
18, 949, 680, -1.6021970510482788
19, 1166, 671, -1.415271282196045
20, 990, 650, -1.555748701095581
21, 1176, 670, -1.3227444887161255
22, 972, 643, -1.463215708732605
23, 1195, 1146, 0.0026676538400352
24, 890, 1137, -0.0007938558119349182
25, 1188, 1728, 0.12989528477191925
26, 847, 1717, 0.09846571832895279
27, 1174, 2193, 0.6324872374534607
28, 856, 2185, 0.4963448643684387
29, 1178, 2263, 0.6598115563392639
30, 846, 2254, 0.5236896872520447
31, 1138, 2345, 0.27722814679145813
32, 919, 2343, 0.0988038033246994
0, 1043, 266, -0.9357451796531677
1, 1078, 218, -0.886386513710022
2, 1095, 218, -0.8863753080368042
3, 1109, 219, -0.8860949873924255
4, 1016, 218, -0.8980270624160767
5, 997, 219, -0.8982957005500793
6, 979, 218, -0.898661196231842
7, 1144, 239, -0.5415591597557068
8, 953, 239, -0.5918796062469482
9, 1083, 315, -0.8067287802696228
10, 1007, 316, -0.8215840458869934
11, 1291, 515, -0.29330533742904663
12, 806, 511, -0.4152817726135254
13, 1504, 911, -0.6554096937179565
14, 564, 867, -0.8377825021743774
15, 1289, 716, -1.3222019672393799
16, 864, 683, -1.488868236541748
17, 1213, 714, -1.4576740264892578
18, 950, 686, -1.6201571226119995
19, 1169, 684, -1.4149188995361328
20, 989, 653, -1.5747711658477783
21, 1180, 682, -1.3190932273864746
22, 972, 646, -1.4794973134994507
23, 1195, 1146, 0.0027586331125348806
24, 890, 1137, -0.0008993266383185983
25, 1188, 1728, 0.14194916188716888
26, 848, 1716, 0.10311096161603928
27, 1174, 2192, 0.6559037566184998
28, 856, 2184, 0.5169332027435303
29, 1177, 2263, 0.6841068863868713
30, 847, 2253, 0.5458192229270935
31, 1138, 2344, 0.2993667721748352
32, 919, 2341, 0.12132039666175842
0, 1043, 265, -0.963710367679596
1, 1078, 217, -0.9148549437522888
2, 1095, 218, -0.9148340821266174
3, 1109, 218, -0.91453617811203
4, 1017, 218, -0.9270528554916382
5, 997, 218, -0.9272769689559937
6, 979, 218, -0.9276296496391296
7, 1144, 239, -0.5695587396621704
8, 953, 239, -0.6231740713119507
9, 1083, 314, -0.8342353701591492
10, 1007, 315, -0.8501231670379639
11, 1292, 515, -0.32268473505973816
12, 806, 511, -0.4351838231086731
13, 1504, 912, -0.6657148599624634
14, 566, 871, -0.8422242999076843
15, 1292, 716, -1.332319974899292
16, 861, 699, -1.5019028186798096
17, 1216, 727, -1.4691921472549438
18, 950, 704, -1.6345072984695435
19, 1171, 697, -1.4324535131454468
20, 984, 666, -1.593017578125
21, 1182, 691, -1.331054449081421
22, 966, 661, -1.4939379692077637
23, 1195, 1143, 0.002632721094414592
24, 890, 1134, -0.0007693104562349617
25, 1191, 1723, 0.14642684161663055
26, 850, 1713, 0.10237347334623337
27, 1176, 2189, 0.6622756123542786
28, 859, 2181, 0.5171918272972107
29, 1180, 2260, 0.6903146505355835
30, 849, 2250, 0.5462828278541565
31, 1140, 2342, 0.3042658269405365
32, 922, 2338, 0.11849233508110046
0, 1044, 262, -0.9829035997390747
1, 1078, 215, -0.9310739040374756
2, 1095, 216, -0.931107759475708
3, 1109, 216, -0.9307714700698853
4, 1018, 215, -0.9451485276222229
5, 998, 215, -0.9453897476196289
6, 980, 215, -0.9457587003707886
7, 1144, 238, -0.5772736072540283
8, 953, 237, -0.6388431191444397
9, 1083, 311, -0.8508561253547668
10, 1008, 312, -0.8692925572395325
11, 1292, 515, -0.3259745240211487
12, 806, 512, -0.4468832015991211
13, 1504, 913, -0.6644527912139893
14, 573, 880, -0.8425237536430359
15, 1293, 737, -1.3298149108886719
16, 860, 719, -1.5045528411865234
17, 1217, 762, -1.4690057039260864
18, 949, 732, -1.6382414102554321
19, 1172, 725, -1.4278922080993652
20, 983, 686, -1.6000667810440063
21, 1183, 716, -1.330489993095398
22, 964, 681, -1.4976081848144531
23, 1195, 1142, 0.0033195377327501774
24, 890, 1134, -0.0014739917824044824
25, 1192, 1724, 0.15194205939769745
26, 850, 1714, 0.10199056565761566
27, 1176, 2190, 0.6803506016731262
28, 859, 2181, 0.5263286828994751
29, 1180, 2260, 0.7087088227272034
30, 850, 2250, 0.5564295053482056
31, 1141, 2342, 0.31640762090682983
32, 923, 2338, 0.1227264329791069
0, 1045, 258, -0.9557281732559204
1, 1079, 213, -0.9082880616188049
2, 1095, 214, -0.9084889888763428
3, 1109, 215, -0.9080957174301147
4, 1018, 212, -0.913033664226532
5, 998, 212, -0.9131543040275574
6, 981, 212, -0.9135621190071106
7, 1144, 236, -0.5750718712806702
8, 953, 234, -0.5952993631362915
9, 1083, 307, -0.8327311873435974
10, 1009, 308, -0.8384320139884949
11, 1292, 514, -0.3249387741088867
12, 805, 512, -0.37901273369789124
13, 1504, 913, -0.6314609050750732
14, 587, 886, -0.7445002198219299
15, 1290, 779, -1.251564860343933
16, 862, 725, -1.415314793586731
17, 1216, 822, -1.383637547492981
18, 955, 741, -1.5453590154647827
19, 1164, 785, -1.354905366897583
20, 986, 697, -1.5112859010696411
21, 1173, 772, -1.249869704246521
22, 966, 692, -1.41005277633667
23, 1201, 1137, -0.011654125526547432
24, 895, 1131, 0.013446587137877941
25, 1200, 1721, 0.13251397013664246
26, 859, 1714, 0.14522938430309296
27, 1178, 2186, 0.6264359354972839
28, 865, 2178, 0.5689976215362549
29, 1181, 2255, 0.651206910610199
30, 856, 2246, 0.59978848695755
31, 1143, 2341, 0.2655011713504791
32, 926, 2337, 0.1867327243089676
0, 1045, 253, -0.9132172465324402
1, 1079, 209, -0.866778552532196
2, 1095, 211, -0.8669853806495667
3, 1109, 212, -0.8665438890457153
4, 1018, 209, -0.8706887364387512
5, 998, 210, -0.870893657207489
6, 980, 210, -0.8713892102241516
7, 1143, 234, -0.5415287613868713
8, 953, 233, -0.5558798313140869
9, 1083, 303, -0.7913147211074829
10, 1009, 304, -0.7968692779541016
11, 1293, 514, -0.31634652614593506
12, 804, 513, -0.3341927230358124
13, 1502, 906, -0.5711812376976013
14, 598, 896, -0.6375118494033813
15, 1293, 848, -1.202752947807312
16, 862, 761, -1.2951418161392212
17, 1228, 918, -1.3334301710128784
18, 954, 789, -1.4226735830307007
19, 1168, 872, -1.3145159482955933
20, 985, 738, -1.3993980884552002
21, 1175, 851, -1.2046144008636475
22, 966, 727, -1.2939560413360596
23, 1230, 1176, -0.01456359215080738
24, 894, 1178, 0.01654226891696453
25, 1217, 1721, 0.010109678842127323
26, 876, 1714, 0.04677485674619675
27, 1192, 2192, 0.42866769433021545
28, 874, 2183, 0.4082282483577728
29, 1195, 2263, 0.44448956847190857
30, 863, 2252, 0.43004530668258667
31, 1152, 2347, 0.04321319982409477
32, 935, 2339, 0.00917818769812584
0, 1045, 249, -0.7819008231163025
1, 1078, 206, -0.7368564605712891
2, 1095, 207, -0.7369730472564697
3, 1109, 208, -0.7366381287574768
4, 1018, 205, -0.7394039034843445
5, 998, 207, -0.739467203617096
6, 980, 208, -0.7398714423179626
7, 1142, 232, -0.4256095588207245
8, 953, 231, -0.434832900762558
9, 1083, 301, -0.6645632386207581
10, 1009, 302, -0.6683343052864075
11, 1294, 514, -0.23030544817447662
12, 804, 514, -0.23543907701969147
13, 1496, 886, -0.3854113519191742
14, 605, 895, -0.49905234575271606
15, 1327, 938, -0.920513391494751
16, 861, 807, -1.1276652812957764
17, 1275, 1020, -1.045203685760498
18, 949, 847, -1.255271315574646
19, 1209, 980, -1.0569437742233276
20, 985, 802, -1.2466975450515747
21, 1217, 950, -0.9339480996131897
22, 967, 783, -1.1327694654464722
23, 1234, 1193, -0.014532799832522869
24, 893, 1190, 0.01655128411948681
25, 1215, 1722, 0.05869220942258835
26, 876, 1712, 0.091689333319664
27, 1186, 2192, 0.4880894422531128
28, 872, 2180, 0.4439751207828522
29, 1188, 2263, 0.5072886347770691
30, 862, 2250, 0.46792662143707275
31, 1139, 2347, 0.13091710209846497
32, 924, 2335, 0.016942240297794342
0, 1045, 247, -0.6976956725120544
1, 1078, 203, -0.6540902853012085
2, 1095, 205, -0.6543518304824829
3, 1109, 206, -0.6542865037918091
4, 1018, 204, -0.6567102074623108
5, 998, 206, -0.6569192409515381
6, 979, 207, -0.6573935151100159
7, 1141, 231, -0.3604810833930969
8, 953, 231, -0.367676317691803
9, 1083, 300, -0.5858818888664246
10, 1009, 301, -0.5883708596229553
11, 1297, 521, -0.16672435402870178
12, 804, 517, -0.17904551327228546
13, 1482, 884, -0.2651711106300354
14, 614, 897, -0.3683411478996277
15, 1381, 982, -0.7680562734603882
16, 838, 873, -0.9209817051887512
17, 1351, 1072, -0.8876634240150452
18, 918, 920, -1.0338890552520752
19, 1295, 1025, -0.9214088320732117
20, 961, 873, -1.0487035512924194
21, 1296, 994, -0.7924956679344177
22, 946, 853, -0.9344626665115356
23, 1231, 1207, -0.01364247314631939
24, 900, 1211, 0.015532056801021099
25, 1251, 1649, -0.12203608453273773
26, 890, 1683, -0.0224774107336998
27, 1211, 2145, 0.2143135964870453
28, 898, 2173, 0.18896158039569855
29, 1204, 2214, 0.22719784080982208
30, 897, 2246, 0.1944146454334259
31, 1177, 2305, -0.11489610373973846
32, 933, 2319, -0.16938433051109314
0, 1045, 246, -0.7289451360702515
1, 1078, 201, -0.6817246079444885
2, 1095, 203, -0.6819421648979187
3, 1109, 204, -0.6818006038665771
4, 1017, 203, -0.6856889128684998
5, 997, 205, -0.6858888268470764
6, 978, 207, -0.6864159107208252
7, 1141, 230, -0.3794996440410614
8, 953, 231, -0.39488187432289124
9, 1083, 298, -0.6146776080131531
10, 1008, 300, -0.6199193596839905
11, 1302, 526, -0.18822520971298218
12, 801, 520, -0.2116212695837021
13, 1474, 885, -0.2643606662750244
14, 626, 896, -0.40948325395584106
15, 1382, 1054, -0.6915512084960938
16, 838, 920, -0.9552972912788391
17, 1358, 1173, -0.7972604632377625
18, 904, 995, -1.0710445642471313
19, 1287, 1112, -0.8293456435203552
20, 958, 955, -1.0837883949279785
21, 1289, 1069, -0.7135682702064514
22, 945, 926, -0.9696544408798218
23, 1237, 1219, -0.014816874638199806
24, 907, 1222, 0.016658704727888107
25, 1251, 1651, -0.09821994602680206
26, 892, 1685, -0.12314121425151825
27, 1234, 2146, 0.286472886800766
28, 919, 2174, 0.1523430496454239
29, 1234, 2216, 0.30307313799858093
30, 922, 2250, 0.16570930182933807
31, 1197, 2306, -0.05267057940363884
32, 950, 2319, -0.20882144570350647
0, 1045, 244, -0.781549870967865
1, 1078, 200, -0.7122304439544678
2, 1095, 201, -0.7128487825393677
3, 1109, 203, -0.7143069505691528
4, 1017, 201, -0.7070195078849792
5, 997, 204, -0.7078592777252197
6, 978, 206, -0.708490788936615
7, 1141, 230, -0.38630059361457825
8, 953, 231, -0.4323306381702423
9, 1083, 296, -0.6504183411598206
10, 1007, 299, -0.6435561776161194
11, 1303, 527, -0.21221256256103516
12, 798, 520, -0.25069811940193176
13, 1460, 885, -0.25589627027511597
14, 653, 895, -0.35958197712898254
15, 1393, 1086, -0.683611273765564
16, 825, 993, -0.8288441300392151
17, 1357, 1216, -0.7949805855751038
18, 865, 1075, -0.9417953491210938
19, 1313, 1152, -0.8416962027549744
20, 918, 1044, -0.9793571829795837
21, 1309, 1101, -0.7115097045898438
22, 912, 1015, -0.8518337607383728
23, 1235, 1211, -0.012102270498871803
24, 914, 1213, 0.013516114093363285
25, 1285, 1573, -0.4134482741355896
26, 892, 1534, -0.6074368953704834
27, 1251, 2073, -0.008953574113547802
28, 944, 2110, -0.2441243976354599
29, 1242, 2140, 0.010956833139061928
30, 950, 2191, -0.22284254431724548
31, 1223, 2241, -0.34005841612815857
32, 975, 2273, -0.5903404355049133
0, 1045, 243, -0.8031390905380249
1, 1078, 199, -0.7464717030525208
2, 1095, 200, -0.7467946410179138
3, 1109, 202, -0.7472018599510193
4, 1017, 200, -0.7502462863922119
5, 997, 203, -0.7506970167160034
6, 978, 205, -0.7512078881263733
7, 1139, 229, -0.41951337456703186
8, 953, 230, -0.45868349075317383
9, 1083, 295, -0.6764695644378662
10, 1007, 298, -0.6812532544136047
11, 1304, 528, -0.198499396443367
12, 797, 522, -0.2669934332370758
13, 1451, 887, -0.18837662041187286
14, 666, 894, -0.3252478837966919
15, 1395, 1099, -0.6070075631141663
16, 805, 1041, -0.7711726427078247
17, 1362, 1230, -0.71632981300354
18, 833, 1124, -0.8853734731674194
19, 1331, 1157, -0.7719967365264893
20, 881, 1086, -0.930952787399292
21, 1320, 1109, -0.6394442319869995
22, 880, 1059, -0.7973253726959229
23, 1231, 1226, -0.002707448322325945
24, 913, 1225, 0.004052833188325167
25, 1243, 1660, -0.20308396220207214
26, 890, 1583, -0.2356852889060974
27, 1246, 2107, 0.4356748163700104
28, 933, 2118, 0.004138843156397343
29, 1236, 2167, 0.4689635932445526
30, 936, 2203, 0.06464571505784988
31, 1212, 2259, 0.12824225425720215
32, 969, 2283, -0.2584221661090851
0, 1044, 243, -0.8326546549797058
1, 1076, 199, -0.7829344868659973
2, 1094, 200, -0.7832825183868408
3, 1108, 202, -0.7836452722549438
4, 1016, 200, -0.7895781397819519
5, 996, 202, -0.7899860739707947
6, 978, 205, -0.790572464466095
7, 1137, 229, -0.4714422821998596
8, 953, 230, -0.5081198215484619
9, 1082, 295, -0.712337076663971
10, 1006, 298, -0.7202675342559814
11, 1303, 529, -0.2467975914478302
12, 796, 523, -0.2999475300312042
13, 1437, 888, -0.24929043650627136
14, 671, 890, -0.3404235541820526
15, 1412, 1101, -0.6586402058601379
16, 787, 1052, -0.7470903396606445
17, 1418, 1214, -0.7663459777832031
18, 796, 1137, -0.8532909750938416
19, 1356, 1185, -0.8268460631370544
20, 847, 1101, -0.9076107144355774
21, 1344, 1114, -0.6928145289421082
22, 850, 1067, -0.7755661010742188
23, 1222, 1226, -0.0028417680878192186
24, 912, 1226, 0.004095057025551796
25, 1214, 1668, -0.06807173788547516
26, 887, 1594, -0.10461413115262985
27, 1233, 2117, 0.5064374208450317
28, 920, 2127, 0.2973422706127167
29, 1229, 2183, 0.5376413464546204
30, 924, 2209, 0.3297593891620636
31, 1204, 2268, 0.1972060650587082
32, 960, 2289, -0.03798577934503555
0, 1041, 241, -0.8093138337135315
1, 1073, 197, -0.7642872333526611
2, 1092, 198, -0.7645722031593323
3, 1107, 201, -0.7647298574447632
4, 1014, 199, -0.7688432931900024
5, 995, 201, -0.7690923810005188
6, 976, 204, -0.769626796245575
7, 1135, 228, -0.4637826383113861
8, 952, 230, -0.48435965180397034
9, 1079, 293, -0.6947928071022034
10, 1003, 297, -0.6998706459999084
11, 1303, 529, -0.24732756614685059
12, 793, 523, -0.2700704038143158
13, 1432, 892, -0.19760160148143768
14, 676, 873, -0.26160699129104614
15, 1412, 1118, -0.5685255527496338
16, 756, 1072, -0.6777436137199402
17, 1419, 1220, -0.671108603477478
18, 751, 1160, -0.7837095260620117
19, 1383, 1213, -0.7396008372306824
20, 805, 1128, -0.846858561038971
21, 1341, 1115, -0.6062372922897339
22, 813, 1091, -0.7120136618614197
23, 1222, 1229, -0.019153142347931862
24, 912, 1231, 0.020581385120749474
25, 1215, 1712, 0.060743797570466995
26, 889, 1683, 0.09783806651830673
27, 1230, 2156, 0.6172142624855042
28, 916, 2155, 0.5367623567581177
29, 1229, 2221, 0.6512944102287292
30, 918, 2230, 0.5683311223983765
31, 1199, 2309, 0.29937639832496643
32, 959, 2308, 0.18717974424362183
0, 1039, 241, -0.7872820496559143
1, 1070, 196, -0.7434448003768921
2, 1090, 198, -0.743763267993927
3, 1105, 200, -0.7438822388648987
4, 1012, 198, -0.7452035546302795
5, 993, 201, -0.7453621029853821
6, 974, 203, -0.7458803057670593
7, 1133, 228, -0.44662100076675415
8, 952, 230, -0.448210209608078
9, 1078, 292, -0.6750805974006653
10, 1001, 296, -0.6757575273513794
11, 1303, 530, -0.24769486486911774
12, 792, 523, -0.23648251593112946
13, 1426, 898, -0.20373386144638062
14, 678, 860, -0.1930653303861618
15, 1413, 1125, -0.5838067531585693
16, 739, 1092, -0.5743992924690247
17, 1422, 1224, -0.6882771849632263
18, 719, 1182, -0.6749980449676514
19, 1406, 1233, -0.759421169757843
20, 775, 1148, -0.7462289333343506
21, 1379, 1190, -0.6236629486083984
22, 787, 1104, -0.6123842597007751
23, 1225, 1235, -0.03189266845583916
24, 911, 1239, 0.03338690102100372
25, 1216, 1739, 0.0956224575638771
26, 889, 1729, 0.15367378294467926
27, 1229, 2189, 0.6751499176025391
28, 914, 2189, 0.6210867762565613
29, 1230, 2257, 0.7122353315353394
30, 914, 2261, 0.6557223796844482
31, 1196, 2346, 0.3490696847438812
32, 959, 2343, 0.2604966163635254
0, 1038, 240, -0.7987448573112488
1, 1069, 196, -0.7532314658164978
2, 1089, 197, -0.7534825205802917
3, 1104, 199, -0.7534992694854736
4, 1010, 198, -0.756786584854126
5, 992, 200, -0.756998598575592
6, 972, 203, -0.7574833631515503
7, 1132, 228, -0.44977661967277527
8, 951, 230, -0.44999948143959045
9, 1077, 292, -0.6822582483291626
10, 999, 296, -0.6857158541679382
11, 1304, 530, -0.25169986486434937
12, 791, 526, -0.24563993513584137
13, 1424, 901, -0.19452960789203644
14, 684, 861, -0.22742587327957153
15, 1422, 1151, -0.5598563551902771
16, 745, 1118, -0.5638999342918396
17, 1444, 1260, -0.6601038575172424
18, 736, 1251, -0.6593576669692993
19, 1435, 1254, -0.7328632473945618
20, 776, 1215, -0.7346823811531067
21, 1406, 1219, -0.6007068753242493
22, 797, 1123, -0.6019123196601868
23, 1233, 1242, -0.03138872608542442
24, 913, 1250, 0.03298405185341835
25, 1222, 1759, 0.09582626074552536
26, 893, 1759, 0.13537029922008514
27, 1234, 2218, 0.6514480710029602
28, 913, 2221, 0.5793591737747192
29, 1237, 2288, 0.6854048371315002
30, 914, 2292, 0.6114715337753296
31, 1197, 2375, 0.32346877455711365
32, 958, 2374, 0.21808354556560516
