0, 1015, 259, -0.7328401803970337
1, 1047, 213, -0.7005589604377747
2, 1065, 213, -0.7007573246955872
3, 1083, 215, -0.700937032699585
4, 988, 217, -0.7023839354515076
5, 967, 219, -0.702337384223938
6, 948, 222, -0.7027064561843872
7, 1111, 237, -0.44173529744148254
8, 921, 244, -0.44091928005218506
9, 1051, 309, -0.6324819922447205
10, 978, 315, -0.6323468685150146
11, 1259, 525, -0.2569248378276825
12, 778, 519, -0.2575153708457947
13, 1323, 882, -0.15935394167900085
14, 722, 894, -0.17342638969421387
15, 1354, 1134, -0.4215651750564575
16, 695, 1150, -0.4503600001335144
17, 1382, 1238, -0.4983437955379486
18, 678, 1228, -0.5257505774497986
19, 1373, 1241, -0.5631802678108215
20, 701, 1205, -0.6042537093162537
21, 1345, 1206, -0.4569992423057556
22, 718, 1173, -0.4888823330402374
23, 1166, 1107, -0.03328132629394531
24, 882, 1105, 0.034848712384700775
25, 1159, 1634, 0.06063554063439369
26, 862, 1638, 0.13550147414207458
27, 1150, 2043, 0.5803490877151489
28, 857, 2056, 0.552550196647644
29, 1155, 2106, 0.6138565540313721
30, 853, 2125, 0.583649218082428
31, 1104, 2194, 0.2901977002620697
32, 889, 2199, 0.22015199065208435
0, 1023, 259, -0.8046983480453491
1, 1050, 214, -0.7716080546379089
2, 1067, 214, -0.771817147731781
3, 1084, 215, -0.7720167636871338
4, 994, 217, -0.7811118960380554
5, 973, 219, -0.7813071608543396
6, 955, 222, -0.7817593216896057
7, 1110, 237, -0.5101522207260132
8, 923, 244, -0.5462532043457031
9, 1055, 309, -0.702405571937561
10, 984, 315, -0.7129883170127869
11, 1258, 521, -0.307372510433197
12, 779, 518, -0.35894420742988586
13, 1323, 882, -0.18701933324337006
14, 722, 884, -0.2825038731098175
15, 1355, 1136, -0.4223233461380005
16, 707, 1147, -0.5220901370048523
17, 1403, 1249, -0.49395105242729187
18, 695, 1227, -0.5896197557449341
19, 1384, 1252, -0.5595968961715698
20, 716, 1205, -0.6640834808349609
21, 1353, 1218, -0.4572157561779022
22, 732, 1173, -0.5563375949859619
23, 1174, 1149, -0.026117052882909775
24, 887, 1105, 0.027251841500401497
25, 1172, 1639, 0.06951519846916199
26, 875, 1640, 0.10175960510969162
27, 1172, 2057, 0.5636717081069946
28, 877, 2065, 0.48251110315322876
29, 1178, 2121, 0.5938004851341248
30, 874, 2134, 0.510425329208374
31, 1133, 2210, 0.2841612696647644
32, 914, 2208, 0.16831795871257782
0, 1027, 259, -0.7891690135002136
1, 1052, 214, -0.7562838196754456
2, 1068, 214, -0.7565014362335205
3, 1085, 215, -0.7567152380943298
4, 998, 217, -0.7652469873428345
5, 977, 219, -0.7654063105583191
6, 958, 222, -0.7658459544181824
7, 1110, 238, -0.4956377148628235
8, 924, 244, -0.53004390001297
9, 1056, 309, -0.687054455280304
10, 987, 315, -0.6967564225196838
11, 1257, 519, -0.2970268428325653
12, 778, 518, -0.34594976902008057
13, 1322, 880, -0.1827699840068817
14, 722, 880, -0.26827505230903625
15, 1355, 1135, -0.4204716980457306
16, 712, 1145, -0.5088198781013489
17, 1400, 1248, -0.48738038539886475
18, 702, 1225, -0.5773278474807739
19, 1385, 1252, -0.5533536672592163
20, 723, 1204, -0.6514765024185181
21, 1354, 1218, -0.45476773381233215
22, 737, 1172, -0.5432056188583374
23, 1175, 1164, -0.021960655227303505
24, 888, 1107, 0.022978294640779495
25, 1174, 1641, 0.09657926112413406
26, 875, 1641, 0.10845358669757843
27, 1177, 2063, 0.574048638343811
28, 880, 2070, 0.49942925572395325
29, 1182, 2129, 0.60378098487854
30, 878, 2140, 0.5281943678855896
31, 1138, 2217, 0.30696186423301697
32, 917, 2212, 0.18097878992557526
0, 1029, 260, -0.7826734185218811
1, 1053, 215, -0.7492952942848206
2, 1068, 215, -0.7494946122169495
3, 1085, 216, -0.7496340870857239
4, 1000, 217, -0.7528764009475708
5, 979, 219, -0.7529148459434509
6, 961, 222, -0.7533215284347534
7, 1109, 239, -0.4857545495033264
8, 925, 245, -0.5128386616706848
9, 1058, 310, -0.680098831653595
10, 989, 315, -0.6833221912384033
11, 1256, 517, -0.29136738181114197
12, 778, 518, -0.33188745379447937
13, 1321, 876, -0.1809106171131134
14, 722, 877, -0.2541208267211914
15, 1355, 1125, -0.4069408178329468
16, 714, 1142, -0.49840205907821655
17, 1395, 1237, -0.4691823422908783
18, 706, 1221, -0.5766435265541077
19, 1385, 1240, -0.5342060923576355
20, 728, 1201, -0.6390177011489868
21, 1354, 1207, -0.4398171603679657
22, 742, 1169, -0.5383543372154236
23, 1175, 1167, -0.020040107890963554
24, 888, 1107, 0.0209733247756958
25, 1173, 1641, 0.10780324041843414
26, 876, 1640, 0.11587583273649216
27, 1177, 2062, 0.5760244727134705
28, 882, 2069, 0.5045554041862488
29, 1183, 2128, 0.6057256460189819
30, 881, 2139, 0.5329175591468811
31, 1139, 2216, 0.32079190015792847
32, 919, 2211, 0.19427184760570526
0, 1031, 261, -0.7395317554473877
1, 1054, 215, -0.7084000706672668
2, 1069, 215, -0.7086172103881836
3, 1086, 216, -0.7088658809661865
4, 1002, 217, -0.7176629304885864
5, 980, 219, -0.7178395986557007
6, 962, 222, -0.7182688117027283
7, 1109, 240, -0.4585573375225067
8, 926, 245, -0.5085977911949158
9, 1058, 310, -0.6408058404922485
10, 990, 315, -0.6509968638420105
11, 1255, 517, -0.27076420187950134
12, 778, 518, -0.32021626830101013
13, 1320, 875, -0.1607847809791565
14, 722, 876, -0.241165891289711
15, 1354, 1121, -0.3842352032661438
16, 716, 1142, -0.47029152512550354
17, 1393, 1233, -0.4444940686225891
18, 709, 1219, -0.5350083112716675
19, 1385, 1234, -0.5083612203598022
20, 731, 1200, -0.5990108847618103
21, 1354, 1201, -0.41629287600517273
22, 745, 1168, -0.5023688673973083
23, 1175, 1169, -0.018291810527443886
24, 885, 1157, 0.01918225921690464
25, 1173, 1641, 0.11862051486968994
26, 875, 1640, 0.12436265498399734
27, 1177, 2063, 0.5760608911514282
28, 883, 2069, 0.5027905106544495
29, 1183, 2129, 0.606139063835144
30, 881, 2140, 0.5304568409919739
31, 1138, 2216, 0.3257930874824524
32, 919, 2211, 0.20029689371585846
0, 1031, 262, -0.7075203061103821
1, 1054, 216, -0.6768772006034851
2, 1069, 216, -0.6770986318588257
3, 1086, 217, -0.6773529648780823
4, 1002, 218, -0.6867660284042358
5, 981, 219, -0.6869385838508606
6, 963, 222, -0.6873667240142822
7, 1109, 240, -0.43240785598754883
8, 926, 245, -0.47866949439048767
9, 1059, 311, -0.6108606457710266
10, 991, 316, -0.6217175126075745
11, 1255, 516, -0.24878261983394623
12, 778, 518, -0.3191530406475067
13, 1320, 874, -0.14215520024299622
14, 722, 875, -0.23610351979732513
15, 1354, 1119, -0.3668114244937897
16, 717, 1141, -0.44867199659347534
17, 1392, 1231, -0.42596036195755005
18, 710, 1217, -0.509795069694519
19, 1385, 1231, -0.4894101321697235
20, 733, 1199, -0.5758753418922424
21, 1354, 1198, -0.3988371789455414
22, 746, 1167, -0.47915032505989075
23, 1174, 1170, -0.016499418765306473
24, 884, 1168, 0.01738184131681919
25, 1173, 1641, 0.11957715451717377
26, 875, 1640, 0.12475349754095078
27, 1176, 2063, 0.5593332052230835
28, 883, 2069, 0.47663241624832153
29, 1182, 2129, 0.5875374674797058
30, 881, 2139, 0.5018407106399536
31, 1137, 2216, 0.32051390409469604
32, 919, 2211, 0.18932218849658966
0, 1032, 263, -0.7066600918769836
1, 1055, 216, -0.6759917736053467
2, 1069, 216, -0.6762098073959351
3, 1086, 217, -0.676460325717926
4, 1003, 218, -0.6856384873390198
5, 981, 220, -0.6857998967170715
6, 963, 222, -0.6862220764160156
7, 1109, 241, -0.43021443486213684
8, 927, 246, -0.4732376039028168
9, 1060, 311, -0.6094591617584229
10, 991, 316, -0.6200008988380432
11, 1255, 516, -0.24456146359443665
12, 778, 518, -0.314452201128006
13, 1320, 873, -0.13636071979999542
14, 722, 874, -0.2322586476802826
15, 1354, 1119, -0.36072319746017456
16, 717, 1140, -0.44609737396240234
17, 1391, 1229, -0.4198145270347595
18, 710, 1216, -0.5078802108764648
19, 1385, 1228, -0.4835888743400574
20, 733, 1198, -0.5752724409103394
21, 1354, 1195, -0.39291617274284363
22, 747, 1166, -0.47681304812431335
23, 1174, 1170, -0.015292983502149582
24, 883, 1172, 0.016176780685782433
25, 1172, 1641, 0.11807673424482346
26, 875, 1640, 0.12412967532873154
27, 1176, 2063, 0.5554853677749634
28, 883, 2069, 0.47067829966545105
29, 1182, 2129, 0.5838786959648132
30, 882, 2139, 0.4960089921951294
31, 1136, 2216, 0.3199637234210968
32, 919, 2211, 0.18591831624507904
0, 1031, 263, -0.7132880091667175
1, 1055, 216, -0.6820930242538452
2, 1069, 216, -0.6823061108589172
3, 1086, 217, -0.6825411319732666
4, 1002, 218, -0.6904377341270447
5, 981, 220, -0.6905615925788879
6, 963, 222, -0.690975546836853
7, 1108, 241, -0.43213221430778503
8, 927, 246, -0.4743358790874481
9, 1060, 311, -0.614970862865448
10, 991, 316, -0.6237010955810547
11, 1255, 516, -0.24693600833415985
12, 778, 517, -0.31156596541404724
13, 1320, 873, -0.13809393346309662
14, 722, 873, -0.2307402640581131
15, 1354, 1119, -0.3681948781013489
16, 717, 1140, -0.4486386179924011
17, 1389, 1230, -0.4313364028930664
18, 710, 1215, -0.5124185085296631
19, 1383, 1228, -0.4954293668270111
20, 733, 1198, -0.5816915035247803
21, 1353, 1195, -0.40131616592407227
22, 747, 1166, -0.48041146993637085
23, 1174, 1172, -0.014990473166108131
24, 881, 1173, 0.015918144956231117
25, 1172, 1642, 0.11283151060342789
26, 875, 1640, 0.1207503154873848
27, 1175, 2064, 0.5572996139526367
28, 883, 2069, 0.4743655323982239
29, 1181, 2131, 0.5865296125411987
30, 881, 2139, 0.5006365180015564
31, 1135, 2217, 0.31864672899246216
32, 918, 2211, 0.18580763041973114
0, 1031, 263, -0.7157831192016602
1, 1054, 216, -0.6847696304321289
2, 1069, 216, -0.6849936842918396
3, 1086, 217, -0.6852493286132812
4, 1002, 218, -0.6939672231674194
5, 981, 220, -0.6941291689872742
6, 963, 222, -0.6945542097091675
7, 1108, 241, -0.43618568778038025
8, 927, 246, -0.4768415689468384
9, 1060, 311, -0.6176385879516602
10, 991, 316, -0.6275264024734497
11, 1255, 516, -0.24753740429878235
12, 778, 517, -0.3104625940322876
13, 1320, 873, -0.1411845088005066
14, 722, 873, -0.2304050624370575
15, 1354, 1119, -0.3737007975578308
16, 717, 1139, -0.4497954547405243
17, 1387, 1230, -0.4364205002784729
18, 710, 1215, -0.5134437084197998
19, 1381, 1228, -0.5011486411094666
20, 733, 1198, -0.5826496481895447
21, 1351, 1195, -0.40653735399246216
22, 747, 1165, -0.4808019697666168
23, 1173, 1172, -0.014976139180362225
24, 881, 1140, 0.01593250222504139
25, 1170, 1643, 0.1117003783583641
26, 873, 1640, 0.11363339424133301
27, 1175, 2065, 0.5579105615615845
28, 883, 2069, 0.4731977880001068
29, 1180, 2132, 0.5876734852790833
30, 881, 2139, 0.4999421238899231
31, 1134, 2218, 0.31548553705215454
32, 918, 2211, 0.18131329119205475
0, 1031, 263, -0.7029889822006226
1, 1054, 216, -0.671396017074585
2, 1069, 216, -0.6716334223747253
3, 1086, 217, -0.6719017624855042
4, 1002, 218, -0.680164098739624
5, 981, 220, -0.6803174614906311
6, 963, 222, -0.6807394623756409
7, 1108, 241, -0.4231872260570526
8, 927, 246, -0.4581305682659149
9, 1060, 311, -0.6052307486534119
10, 991, 316, -0.614463210105896
11, 1255, 516, -0.2371901124715805
12, 778, 517, -0.2957853674888611
13, 1321, 873, -0.1360439956188202
14, 722, 873, -0.2204228788614273
15, 1353, 1117, -0.37468135356903076
16, 717, 1139, -0.4446873068809509
17, 1385, 1228, -0.43900904059410095
18, 709, 1216, -0.5101258754730225
19, 1379, 1224, -0.5033891201019287
20, 733, 1198, -0.5791370272636414
21, 1349, 1191, -0.4074825644493103
22, 748, 1166, -0.47607436776161194
23, 1173, 1172, -0.014777299016714096
24, 882, 1126, 0.015742657706141472
25, 1170, 1643, 0.1110476404428482
26, 873, 1640, 0.11309872567653656
27, 1174, 2065, 0.5550654530525208
28, 882, 2069, 0.47077563405036926
29, 1180, 2131, 0.5851966142654419
30, 881, 2139, 0.4974178969860077
31, 1134, 2218, 0.3149779438972473
32, 918, 2211, 0.18234072625637054
0, 1031, 263, -0.6979979276657104
1, 1054, 217, -0.6666083931922913
2, 1068, 217, -0.6668444275856018
3, 1086, 217, -0.6671142578125
4, 1002, 218, -0.6752670407295227
5, 981, 220, -0.6754181981086731
6, 963, 222, -0.6758367419242859
7, 1108, 241, -0.418819397687912
8, 927, 246, -0.4519343376159668
9, 1060, 311, -0.6002973914146423
10, 991, 316, -0.6093776226043701
11, 1255, 515, -0.23273418843746185
12, 778, 517, -0.28966018557548523
13, 1322, 873, -0.13118280470371246
14, 722, 873, -0.21531304717063904
15, 1353, 1115, -0.37072229385375977
16, 717, 1139, -0.4418213665485382
17, 1384, 1226, -0.4351045489311218
18, 709, 1216, -0.5078125596046448
19, 1377, 1221, -0.4994661211967468
20, 734, 1198, -0.5765590667724609
21, 1348, 1188, -0.40343672037124634
22, 748, 1166, -0.47327569127082825
23, 1172, 1172, -0.014512388035655022
24, 882, 1120, 0.015476195141673088
25, 1170, 1643, 0.10884273052215576
26, 873, 1640, 0.1133245900273323
27, 1174, 2065, 0.5548978447914124
28, 883, 2068, 0.470102459192276
29, 1180, 2131, 0.5851869583129883
30, 881, 2138, 0.49668771028518677
31, 1134, 2218, 0.3132641613483429
32, 919, 2211, 0.18329879641532898
0, 1030, 262, -0.6404302716255188
1, 1054, 217, -0.6110604405403137
2, 1068, 217, -0.6112697720527649
3, 1085, 217, -0.6115357875823975
4, 1001, 218, -0.6203442811965942
5, 980, 220, -0.620488703250885
6, 962, 222, -0.6208887696266174
7, 1107, 241, -0.37517020106315613
8, 927, 246, -0.41018977761268616
9, 1059, 311, -0.5469819903373718
10, 990, 316, -0.5568597316741943
11, 1255, 513, -0.20508842170238495
12, 778, 516, -0.2624576687812805
13, 1326, 860, -0.09485720098018646
14, 721, 870, -0.18459343910217285
15, 1353, 1099, -0.3034864664077759
16, 714, 1132, -0.3904285430908203
17, 1382, 1196, -0.3592868447303772
18, 710, 1213, -0.44975632429122925
19, 1374, 1201, -0.4193726181983948
20, 736, 1196, -0.5135730504989624
21, 1346, 1168, -0.33243000507354736
22, 750, 1163, -0.41890865564346313
23, 1177, 1145, -0.014382511377334595
24, 884, 1120, 0.015306264162063599
25, 1171, 1641, 0.1348666250705719
26, 873, 1640, 0.13351382315158844
27, 1176, 2064, 0.5580049753189087
28, 886, 2068, 0.47380635142326355
29, 1182, 2131, 0.5872196555137634
30, 886, 2137, 0.5006409287452698
31, 1138, 2216, 0.32682380080223083
32, 924, 2210, 0.2007153481245041
0, 1030, 262, -0.6273858547210693
1, 1054, 217, -0.5979600548744202
2, 1068, 217, -0.598166823387146
3, 1085, 217, -0.5984305739402771
4, 1001, 218, -0.6072753071784973
5, 980, 220, -0.6074050664901733
6, 962, 222, -0.6078041195869446
7, 1107, 241, -0.3625507652759552
8, 927, 246, -0.3973774015903473
9, 1059, 311, -0.5342788696289062
10, 990, 316, -0.544121503829956
11, 1255, 511, -0.19514086842536926
12, 778, 515, -0.2528581917285919
13, 1329, 852, -0.08618199825286865
14, 720, 868, -0.17661137878894806
15, 1353, 1092, -0.2947021424770355
16, 711, 1128, -0.38310253620147705
17, 1380, 1185, -0.3503797650337219
18, 710, 1212, -0.44204825162887573
19, 1372, 1192, -0.4100971519947052
20, 737, 1195, -0.5060065984725952
21, 1345, 1159, -0.32361724972724915
22, 750, 1161, -0.411630779504776
23, 1178, 1130, -0.01448738295584917
24, 884, 1120, 0.015411540865898132
25, 1170, 1641, 0.13349641859531403
26, 873, 1640, 0.13594824075698853
27, 1176, 2064, 0.5554931163787842
28, 887, 2068, 0.47109073400497437
29, 1183, 2130, 0.5840166807174683
30, 887, 2137, 0.4970364272594452
31, 1138, 2216, 0.32305067777633667
32, 925, 2211, 0.20043416321277618
0, 1030, 261, -0.6422030925750732
1, 1054, 216, -0.6146374940872192
2, 1068, 216, -0.6147960424423218
3, 1084, 217, -0.6150336861610413
4, 1001, 218, -0.6276427507400513
5, 980, 220, -0.6277267336845398
6, 962, 222, -0.6281642913818359
7, 1106, 240, -0.3743590712547302
8, 927, 246, -0.4139547348022461
9, 1059, 309, -0.5460615754127502
10, 990, 315, -0.5616982579231262
11, 1255, 509, -0.2278006672859192
12, 780, 513, -0.2439938485622406
13, 1341, 850, -0.15153560042381287
14, 710, 854, -0.1182667687535286
15, 1324, 1085, -0.4049728810787201
16, 712, 1099, -0.31965139508247375
17, 1323, 1190, -0.47732192277908325
18, 714, 1187, -0.38131439685821533
19, 1285, 1185, -0.5368668437004089
20, 742, 1169, -0.44309237599372864
21, 1274, 1114, -0.43254145979881287
22, 761, 1127, -0.34780362248420715
23, 1176, 1123, -0.014542922377586365
24, 885, 1117, 0.01549485418945551
25, 1167, 1629, 0.13356049358844757
26, 872, 1619, 0.13655969500541687
27, 1163, 2041, 0.5982765555381775
28, 884, 2031, 0.5054675340652466
29, 1167, 2103, 0.6322774291038513
30, 885, 2092, 0.534757673740387
31, 1122, 2188, 0.35793638229370117
32, 920, 2176, 0.23210574686527252
0, 1030, 261, -0.6470803022384644
1, 1054, 216, -0.6157177686691284
2, 1068, 216, -0.6159456372261047
3, 1084, 217, -0.6162003874778748
4, 1001, 218, -0.6320138573646545
5, 980, 220, -0.6320383548736572
6, 962, 222, -0.6325269937515259
7, 1106, 239, -0.3757278025150299
8, 927, 246, -0.4211261570453644
9, 1059, 308, -0.5516262054443359
10, 991, 314, -0.5634611248970032
11, 1255, 507, -0.24347366392612457
12, 781, 512, -0.24554677307605743
13, 1347, 848, -0.16829584538936615
14, 704, 848, -0.11552967876195908
15, 1315, 1082, -0.42390745878219604
16, 713, 1089, -0.31663277745246887
17, 1308, 1193, -0.4966292679309845
18, 717, 1178, -0.3784997761249542
19, 1268, 1182, -0.5565897822380066
20, 745, 1160, -0.44016680121421814
21, 1259, 1103, -0.4519319236278534
22, 767, 1115, -0.3447684645652771
23, 1175, 1120, -0.014582921750843525
24, 885, 1116, 0.015559046529233456
25, 1165, 1623, 0.13054634630680084
26, 870, 1613, 0.13561612367630005
27, 1156, 2034, 0.6031938195228577
28, 881, 2022, 0.5101280212402344
29, 1159, 2094, 0.6375776529312134
30, 883, 2081, 0.5396067500114441
31, 1115, 2180, 0.35857105255126953
32, 916, 2168, 0.23209714889526367
0, 1031, 261, -0.6771786212921143
1, 1054, 216, -0.6357458829879761
2, 1068, 216, -0.6359367966651917
3, 1084, 217, -0.6359090209007263
4, 1001, 218, -0.6485738754272461
5, 980, 220, -0.6487683057785034
6, 963, 222, -0.6491983532905579
7, 1106, 239, -0.3829595744609833
8, 928, 247, -0.4232243597507477
9, 1060, 308, -0.577081024646759
10, 993, 314, -0.5894143581390381
11, 1255, 506, -0.2413250356912613
12, 781, 511, -0.23082610964775085
13, 1373, 823, -0.16216017305850983
14, 682, 839, -0.11162900924682617
15, 1301, 1036, -0.43792030215263367
16, 738, 1072, -0.3444797694683075
17, 1278, 1139, -0.5189046859741211
18, 761, 1166, -0.411058247089386
19, 1229, 1107, -0.5734177231788635
20, 813, 1139, -0.46562060713768005
21, 1227, 1062, -0.4636712074279785
22, 810, 1095, -0.36843740940093994
23, 1173, 1106, -0.01447520311921835
24, 887, 1108, 0.015465190634131432
25, 1165, 1612, -0.011675874702632427
26, 870, 1597, 0.012182171456515789
27, 1156, 2022, 0.3867892324924469
28, 882, 2013, 0.28386107087135315
29, 1160, 2080, 0.41136685013771057
30, 883, 2072, 0.2994033396244049
31, 1116, 2167, 0.12763367593288422
32, 919, 2151, -0.009835997596383095
0, 1031, 262, -0.7012894749641418
1, 1054, 217, -0.6614675521850586
2, 1067, 217, -0.6616507768630981
3, 1084, 217, -0.6616250276565552
4, 1001, 219, -0.6698784232139587
5, 980, 221, -0.6701148748397827
6, 963, 224, -0.6705161929130554
7, 1106, 239, -0.3990524113178253
8, 928, 248, -0.4321742355823517
9, 1060, 308, -0.6002644300460815
10, 993, 314, -0.6096685528755188
11, 1255, 505, -0.24130991101264954
12, 782, 510, -0.22903476655483246
13, 1383, 817, -0.16208292543888092
14, 674, 835, -0.10714944452047348
15, 1294, 1028, -0.44361642003059387
16, 746, 1066, -0.34866267442703247
17, 1267, 1131, -0.5253083109855652
18, 773, 1163, -0.41761520504951477
19, 1218, 1094, -0.5782235264778137
20, 827, 1134, -0.4686303734779358
21, 1218, 1056, -0.46852314472198486
22, 821, 1089, -0.3708212673664093
23, 1172, 1103, -0.014506826177239418
24, 887, 1104, 0.015486410818994045
25, 1165, 1610, -0.02447306178510189
26, 869, 1594, 0.006393992807716131
27, 1156, 2021, 0.37752246856689453
28, 881, 2011, 0.2801695168018341
29, 1159, 2077, 0.4022941589355469
30, 883, 2071, 0.29604393243789673
31, 1117, 2166, 0.11561737954616547
32, 919, 2148, -0.016125837340950966
0, 1031, 266, -0.651228666305542
1, 1054, 219, -0.6169077157974243
2, 1068, 219, -0.6171120405197144
3, 1084, 220, -0.6171295046806335
4, 1001, 222, -0.6218348145484924
5, 980, 224, -0.6220619678497314
6, 962, 227, -0.6224952340126038
7, 1106, 242, -0.3693814277648926
8, 928, 250, -0.390280157327652
9, 1060, 311, -0.5548083186149597
10, 993, 317, -0.5610858798027039
11, 1256, 504, -0.2076570689678192
12, 784, 510, -0.19003932178020477
13, 1390, 819, -0.18552875518798828
14, 647, 825, -0.19146031141281128
15, 1257, 992, -0.4945126175880432
16, 768, 1009, -0.5487295985221863
17, 1197, 1078, -0.5802810788154602
18, 799, 1088, -0.6295871138572693
19, 1139, 1054, -0.6079634428024292
20, 851, 1067, -0.6574100255966187
21, 1151, 1023, -0.508929431438446
22, 848, 1039, -0.5636242628097534
23, 1176, 1086, -0.011860349215567112
24, 893, 1089, 0.012754715047776699
25, 1212, 1532, -0.18167397379875183
26, 875, 1545, -0.132174551486969
27, 1189, 1967, 0.11818049848079681
28, 904, 1991, 0.046342384070158005
29, 1184, 2023, 0.13399749994277954
30, 910, 2053, 0.05221039056777954
31, 1156, 2124, -0.1382399946451187
32, 935, 2131, -0.2293294072151184
0, 1029, 268, -0.6711022257804871
1, 1053, 221, -0.6351184248924255
2, 1067, 221, -0.6352770924568176
3, 1083, 221, -0.6351767182350159
4, 998, 225, -0.6356536746025085
5, 978, 227, -0.6360370516777039
6, 960, 230, -0.636492133140564
7, 1105, 243, -0.3791769742965698
8, 928, 253, -0.4014485776424408
9, 1059, 312, -0.5718728303909302
10, 992, 318, -0.5737128853797913
11, 1256, 502, -0.20974509418010712
12, 786, 510, -0.20476612448692322
13, 1394, 819, -0.22249852120876312
14, 641, 819, -0.20943374931812286
15, 1262, 976, -0.5524981617927551
16, 773, 1000, -0.5509207248687744
17, 1207, 1054, -0.6372367143630981
18, 803, 1080, -0.6287093758583069
19, 1156, 1031, -0.6642754077911377
20, 853, 1057, -0.6574469804763794
21, 1167, 1001, -0.5669416785240173
22, 849, 1028, -0.5654245018959045
23, 1180, 1081, -0.011979653500020504
24, 896, 1084, 0.012858989648520947
25, 1221, 1530, -0.18070602416992188
26, 886, 1543, -0.10473968833684921
27, 1202, 1957, 0.15289762616157532
28, 916, 1982, 0.08884253352880478
29, 1197, 2012, 0.17200398445129395
30, 922, 2044, 0.09618857502937317
31, 1172, 2114, -0.10151306539773941
32, 946, 2121, -0.19013942778110504
0, 1027, 270, -0.6741808652877808
1, 1053, 223, -0.6363670825958252
2, 1067, 222, -0.6365926265716553
3, 1083, 223, -0.6367223262786865
4, 996, 228, -0.6403499245643616
5, 977, 230, -0.6407987475395203
6, 959, 233, -0.6412550210952759
7, 1105, 245, -0.38330408930778503
8, 928, 254, -0.4089508354663849
9, 1058, 314, -0.5755876898765564
10, 990, 320, -0.5796375274658203
11, 1256, 501, -0.2143806666135788
12, 790, 509, -0.20370742678642273
13, 1412, 816, -0.2586638331413269
14, 622, 805, -0.2336401492357254
15, 1237, 929, -0.6042552590370178
16, 724, 916, -0.6541353464126587
17, 1165, 1008, -0.6918251514434814
18, 798, 982, -0.7438046336174011
19, 1118, 975, -0.7036133408546448
20, 833, 936, -0.7641695737838745
21, 1137, 945, -0.6119211316108704
22, 815, 912, -0.6681103110313416
23, 1182, 1086, -0.011961044743657112
24, 896, 1087, 0.012892959639430046
25, 1214, 1553, 0.06852319836616516
26, 881, 1548, 0.04186713695526123
27, 1198, 1967, 0.46143051981925964
28, 901, 1989, 0.32881420850753784
29, 1195, 2017, 0.4858851730823517
30, 901, 2053, 0.34858936071395874
31, 1168, 2129, 0.19000767171382904
32, 945, 2126, 0.019493957981467247
0, 1027, 274, -0.6901887655258179
1, 1053, 226, -0.6585761308670044
2, 1067, 226, -0.6587312817573547
3, 1083, 226, -0.658702552318573
4, 996, 231, -0.6612974405288696
5, 977, 233, -0.6614882349967957
6, 959, 235, -0.661895751953125
7, 1106, 248, -0.40403807163238525
8, 929, 256, -0.4192432165145874
9, 1058, 319, -0.5905303359031677
10, 990, 324, -0.5941892862319946
11, 1258, 501, -0.23011305928230286
12, 793, 508, -0.20928500592708588
13, 1417, 817, -0.26759812235832214
14, 616, 803, -0.24397216737270355
15, 1231, 926, -0.6115527749061584
16, 705, 904, -0.666784405708313
17, 1158, 1004, -0.6980800032615662
18, 792, 968, -0.756278932094574
19, 1114, 969, -0.709854781627655
20, 819, 921, -0.7758107781410217
21, 1133, 939, -0.6188148856163025
22, 798, 897, -0.6802634596824646
23, 1182, 1087, -0.011940681375563145
24, 896, 1088, 0.012902968563139439
25, 1209, 1579, 0.09021316468715668
26, 870, 1562, 0.0640280693769455
27, 1190, 1989, 0.48919013142585754
28, 881, 1990, 0.36027008295059204
29, 1190, 2038, 0.5138954520225525
30, 878, 2056, 0.3807017505168915
31, 1151, 2148, 0.21800871193408966
32, 933, 2133, 0.05236513540148735
0, 1024, 282, -0.7646411061286926
1, 1051, 234, -0.7355294823646545
2, 1066, 233, -0.7356630563735962
3, 1081, 233, -0.7356202602386475
4, 996, 238, -0.7380034327507019
5, 976, 239, -0.7380583882331848
6, 959, 240, -0.7383872270584106
7, 1105, 252, -0.4678170382976532
8, 929, 258, -0.47650882601737976
9, 1057, 325, -0.6592740416526794
10, 990, 329, -0.6626266837120056
11, 1258, 498, -0.2744499444961548
12, 796, 508, -0.21350984275341034
13, 1426, 811, -0.3156479299068451
14, 608, 806, -0.2928723692893982
15, 1194, 886, -0.6751379370689392
16, 700, 846, -0.7711309194564819
17, 1108, 965, -0.7646511793136597
18, 785, 877, -0.8678805232048035
19, 1065, 930, -0.7712371349334717
20, 813, 831, -0.8808343410491943
21, 1086, 903, -0.6792965531349182
22, 790, 814, -0.7825958132743835
23, 1176, 1088, -0.013467883691191673
24, 897, 1088, 0.01455004047602415
25, 1197, 1594, 0.07117270678281784
26, 862, 1567, 0.05830598250031471
27, 1168, 2007, 0.47905874252319336
28, 859, 1993, 0.3554101288318634
29, 1169, 2054, 0.502305805683136
30, 854, 2059, 0.37551349401474
31, 1125, 2164, 0.2035485953092575
32, 914, 2147, 0.03417050465941429
0, 1024, 286, -0.7450399398803711
1, 1051, 239, -0.7160578370094299
2, 1066, 238, -0.716210126876831
3, 1081, 237, -0.7162078022956848
4, 996, 242, -0.7190870642662048
5, 976, 243, -0.719131588935852
6, 959, 243, -0.719473123550415
7, 1106, 254, -0.4554672837257385
8, 931, 259, -0.46623659133911133
9, 1057, 329, -0.6424798369407654
10, 990, 331, -0.6465144753456116
11, 1258, 497, -0.2693261206150055
12, 800, 508, -0.21021610498428345
13, 1427, 809, -0.3007178008556366
14, 607, 808, -0.2808176875114441
15, 1188, 878, -0.6467901468276978
16, 696, 842, -0.7552340030670166
17, 1105, 958, -0.7337055206298828
18, 782, 871, -0.8498033881187439
19, 1061, 923, -0.7399625778198242
20, 805, 826, -0.8626986145973206
21, 1081, 897, -0.6502342224121094
22, 783, 810, -0.766807496547699
23, 1172, 1091, -0.014138218946754932
24, 898, 1089, 0.01525916252285242
25, 1185, 1601, 0.07863049954175949
26, 854, 1570, 0.06957591325044632
27, 1154, 2014, 0.4827936589717865
28, 848, 1993, 0.3680308163166046
29, 1156, 2061, 0.5059049129486084
30, 843, 2061, 0.3882116973400116
31, 1111, 2170, 0.1993476003408432
32, 901, 2153, 0.0467086099088192
0, 1022, 292, -0.7305030226707458
1, 1050, 244, -0.7083292007446289
2, 1065, 243, -0.7084013819694519
3, 1080, 242, -0.7080980539321899
4, 995, 246, -0.7038295865058899
5, 976, 246, -0.7036687731742859
6, 959, 246, -0.7038942575454712
7, 1105, 257, -0.44880440831184387
8, 932, 262, -0.43433472514152527
9, 1056, 333, -0.6291400790214539
10, 989, 335, -0.6254584193229675
11, 1256, 496, -0.26822808384895325
12, 805, 507, -0.19517478346824646
13, 1422, 809, -0.3373096287250519
14, 597, 805, -0.3364991843700409
15, 1157, 850, -0.7145258188247681
16, 729, 797, -0.8590471148490906
17, 1067, 927, -0.80547696352005
18, 799, 814, -0.9598484635353088
19, 1022, 893, -0.796860933303833
20, 819, 771, -0.9567258954048157
21, 1050, 869, -0.714001476764679
22, 807, 761, -0.8648386597633362
23, 1162, 1093, -0.015125889331102371
24, 897, 1090, 0.016340957954525948
25, 1172, 1600, 0.08812396228313446
26, 853, 1574, 0.09351789951324463
27, 1145, 2014, 0.4768173098564148
28, 850, 1996, 0.39202505350112915
29, 1149, 2063, 0.49832308292388916
30, 845, 2059, 0.4127281904220581
31, 1101, 2168, 0.19624003767967224
32, 900, 2152, 0.06332119554281235
0, 1022, 294, -0.6928694248199463
1, 1050, 245, -0.66917884349823
2, 1065, 244, -0.6692800521850586
3, 1080, 244, -0.6690863370895386
4, 995, 248, -0.6667929291725159
5, 976, 248, -0.6666772961616516
6, 959, 248, -0.6669372916221619
7, 1105, 259, -0.41870391368865967
8, 933, 264, -0.40709492564201355
9, 1056, 335, -0.594748318195343
10, 989, 336, -0.592372477054596
11, 1254, 496, -0.24789680540561676
12, 808, 505, -0.17951789498329163
13, 1419, 807, -0.3281278610229492
14, 592, 801, -0.32338064908981323
15, 1152, 843, -0.7021154165267944
16, 737, 792, -0.8307182192802429
17, 1065, 918, -0.7914574146270752
18, 801, 807, -0.9292248487472534
19, 1019, 884, -0.7813624143600464
20, 822, 765, -0.9260476231575012
21, 1047, 860, -0.7009925842285156
22, 813, 755, -0.8361777067184448
23, 1156, 1094, -0.015340452082455158
24, 895, 1090, 0.016580797731876373
25, 1161, 1600, 0.09651994705200195
26, 848, 1577, 0.09140747040510178
27, 1138, 2015, 0.4748891294002533
28, 847, 1998, 0.3810912072658539
29, 1142, 2065, 0.4956006705760956
30, 842, 2057, 0.401018887758255
31, 1093, 2167, 0.19164668023586273
32, 896, 2152, 0.0602671355009079
0, 1020, 295, -0.6407204866409302
1, 1049, 247, -0.6159037947654724
2, 1065, 246, -0.6159992814064026
3, 1079, 245, -0.6158503293991089
4, 994, 249, -0.6141136288642883
5, 976, 249, -0.6140154004096985
6, 959, 249, -0.6143233776092529
7, 1105, 260, -0.37362030148506165
8, 934, 265, -0.3607025742530823
9, 1055, 337, -0.5459789037704468
10, 989, 337, -0.5433468222618103
11, 1251, 486, -0.22957387566566467
12, 812, 500, -0.1631825566291809
13, 1417, 777, -0.33443599939346313
14, 593, 797, -0.38199582695961
15, 1106, 813, -0.6666517853736877
16, 771, 757, -0.9044969081878662
17, 1014, 873, -0.7500295639038086
18, 831, 769, -1.0040291547775269
19, 976, 833, -0.7439865469932556
20, 852, 723, -0.9822892546653748
21, 1000, 813, -0.6635267734527588
22, 846, 718, -0.9023435711860657
23, 1156, 1090, -0.015328877605497837
24, 895, 1086, 0.016577446833252907
25, 1162, 1599, 0.09460317343473434
26, 848, 1577, 0.08408283442258835
27, 1139, 2015, 0.4592732787132263
28, 848, 1998, 0.35223281383514404
29, 1143, 2066, 0.4737221896648407
30, 842, 2055, 0.3685866594314575
31, 1095, 2167, 0.15538813173770905
32, 897, 2152, 0.021371470764279366
0, 1021, 296, -0.6233224868774414
1, 1049, 247, -0.5971971154212952
2, 1065, 246, -0.5973237156867981
3, 1079, 246, -0.597204864025116
4, 995, 249, -0.5979204177856445
5, 977, 249, -0.5977997183799744
6, 960, 249, -0.5980837345123291
7, 1105, 260, -0.3507395386695862
8, 935, 265, -0.3481464684009552
9, 1055, 337, -0.5270392894744873
10, 990, 337, -0.5273872017860413
11, 1251, 482, -0.20177292823791504
12, 813, 496, -0.1507350653409958
13, 1416, 774, -0.3171945810317993
14, 594, 794, -0.36217233538627625
15, 1120, 800, -0.6775155663490295
16, 784, 756, -0.8848521709442139
17, 1032, 859, -0.7657459378242493
18, 842, 763, -0.9838436245918274
19, 997, 820, -0.7517961263656616
20, 862, 716, -0.9670485258102417
21, 1022, 798, -0.6742828488349915
22, 856, 712, -0.8844775557518005
23, 1157, 1090, -0.015216927975416183
24, 895, 1085, 0.0165086816996336
25, 1162, 1594, 0.08651841431856155
26, 849, 1575, 0.08330848067998886
27, 1138, 2013, 0.43694987893104553
28, 849, 1993, 0.34956255555152893
29, 1142, 2064, 0.4512147605419159
30, 843, 2047, 0.36611610651016235
31, 1094, 2162, 0.1345796287059784
32, 897, 2147, 0.020899362862110138
0, 1022, 298, -0.6445136666297913
1, 1049, 249, -0.6170161366462708
2, 1065, 248, -0.6171610355377197
3, 1079, 247, -0.6171011328697205
4, 996, 251, -0.6186612248420715
5, 978, 251, -0.618614912033081
6, 962, 251, -0.618929922580719
7, 1105, 260, -0.3680375814437866
8, 937, 266, -0.36832648515701294
9, 1056, 338, -0.5470920205116272
10, 992, 338, -0.5483464598655701
11, 1249, 478, -0.21009351313114166
12, 815, 493, -0.1647002249956131
13, 1416, 766, -0.3705800473690033
14, 597, 788, -0.4224082827568054
15, 1105, 777, -0.7652289271354675
16, 828, 720, -0.9537078142166138
17, 1018, 817, -0.8567432165145874
18, 900, 723, -1.0544317960739136
19, 989, 778, -0.8320682644844055
20, 928, 677, -1.0266518592834473
21, 1014, 757, -0.7587239742279053
22, 917, 677, -0.9486997127532959
23, 1157, 1088, -0.015285697765648365
24, 895, 1080, 0.01659722812473774
25, 1161, 1590, 0.0912766307592392
26, 853, 1571, 0.09259283542633057
27, 1139, 2007, 0.43943607807159424
28, 854, 1986, 0.3603363037109375
29, 1143, 2059, 0.4523364305496216
30, 846, 2038, 0.3776780962944031
31, 1096, 2152, 0.14123697578907013
32, 901, 2141, 0.02773008868098259
0, 1022, 300, -0.6250423789024353
1, 1049, 250, -0.5991432666778564
2, 1065, 249, -0.5992645025253296
3, 1079, 248, -0.5991927981376648
4, 996, 252, -0.5990308523178101
5, 979, 252, -0.598959743976593
6, 963, 252, -0.5992364287376404
7, 1105, 261, -0.35291147232055664
8, 937, 267, -0.34537747502326965
9, 1056, 339, -0.5282720923423767
10, 993, 340, -0.5270659923553467
11, 1248, 476, -0.19781336188316345
12, 818, 489, -0.14846116304397583
13, 1414, 763, -0.350059449672699
14, 599, 781, -0.39258986711502075
15, 1111, 776, -0.7263908982276917
16, 836, 716, -0.9108108282089233
17, 1016, 822, -0.8133558630943298
18, 912, 728, -1.0090367794036865
19, 990, 782, -0.7932050228118896
20, 939, 675, -0.9813945889472961
21, 1019, 756, -0.7211243510246277
22, 929, 672, -0.9057031273841858
23, 1157, 1088, -0.015629610046744347
24, 896, 1079, 0.016972094774246216
25, 1160, 1588, 0.08694363385438919
26, 854, 1570, 0.09094459563493729
27, 1138, 2005, 0.43119773268699646
28, 855, 1985, 0.35763755440711975
29, 1143, 2058, 0.44574692845344543
30, 847, 2037, 0.3741718828678131
31, 1096, 2149, 0.12925881147384644
32, 901, 2139, 0.02674238570034504
0, 1023, 299, -0.7141119241714478
1, 1050, 250, -0.6808849573135376
2, 1065, 249, -0.6809396147727966
3, 1079, 248, -0.6808202266693115
4, 998, 252, -0.6824904084205627
5, 981, 251, -0.6824625730514526
6, 964, 252, -0.6827013492584229
7, 1106, 261, -0.3992088735103607
8, 938, 267, -0.4002059996128082
9, 1056, 339, -0.6049278974533081
10, 995, 339, -0.6063060164451599
11, 1246, 475, -0.21244382858276367
12, 821, 487, -0.19406475126743317
13, 1411, 759, -0.4169584810733795
14, 599, 777, -0.48078203201293945
15, 1120, 748, -0.859096884727478
16, 872, 698, -1.0218642950057983
17, 1034, 780, -0.9574899077415466
18, 946, 694, -1.1250053644180298
19, 1005, 732, -0.9314747452735901
20, 975, 648, -1.0910474061965942
21, 1030, 712, -0.8540617227554321
22, 960, 649, -1.0141113996505737
23, 1156, 1082, -0.01583883911371231
24, 896, 1076, 0.01717280223965645
25, 1158, 1583, 0.09321001172065735
26, 854, 1566, 0.09327100962400436
27, 1137, 1999, 0.4548378586769104
28, 856, 1980, 0.36545389890670776
29, 1142, 2052, 0.4703725278377533
30, 847, 2031, 0.3830873668193817
31, 1096, 2140, 0.13844934105873108
32, 903, 2134, 0.027098771184682846
0, 1023, 299, -0.7153193950653076
1, 1050, 250, -0.683080792427063
2, 1065, 248, -0.6831268668174744
3, 1079, 248, -0.6829890012741089
4, 998, 252, -0.684849739074707
5, 981, 251, -0.6848387122154236
6, 965, 252, -0.6850873827934265
7, 1106, 261, -0.40525510907173157
8, 939, 266, -0.4078581929206848
9, 1057, 339, -0.6077650785446167
10, 995, 339, -0.6093738079071045
11, 1244, 472, -0.21368376910686493
12, 822, 486, -0.20658352971076965
13, 1411, 754, -0.41512686014175415
14, 600, 778, -0.47259455919265747
15, 1126, 746, -0.8703861236572266
16, 872, 701, -0.9989505410194397
17, 1043, 777, -0.9705471396446228
18, 943, 704, -1.1008838415145874
19, 1016, 724, -0.9475800395011902
20, 970, 651, -1.0713467597961426
21, 1037, 707, -0.8669098019599915
22, 955, 651, -0.9921497702598572
23, 1155, 1079, -0.014686266891658306
24, 896, 1076, 0.016005245968699455
25, 1157, 1577, 0.09721500426530838
26, 855, 1561, 0.08851351588964462
27, 1136, 1992, 0.4563038647174835
28, 856, 1973, 0.35076579451560974
29, 1141, 2045, 0.4719623327255249
30, 848, 2024, 0.36764514446258545
31, 1095, 2132, 0.13872991502285004
32, 904, 2125, 0.015037041157484055
0, 1024, 300, -0.6908649206161499
1, 1050, 250, -0.6582273840904236
2, 1065, 249, -0.658183217048645
3, 1079, 248, -0.6580619812011719
4, 998, 252, -0.6609130501747131
5, 981, 251, -0.6609945297241211
6, 965, 252, -0.6612500548362732
7, 1107, 261, -0.39014115929603577
8, 940, 266, -0.3969634771347046
9, 1057, 340, -0.585921585559845
10, 997, 341, -0.5886005163192749
11, 1242, 469, -0.20749695599079132
12, 822, 486, -0.20399603247642517
13, 1414, 751, -0.41269874572753906
14, 595, 774, -0.46324843168258667
15, 1129, 731, -0.8435623645782471
16, 878, 688, -0.9402163028717041
17, 1048, 763, -0.9330047369003296
18, 957, 676, -1.036043643951416
19, 1021, 716, -0.9048284292221069
20, 982, 633, -1.011433482170105
21, 1040, 696, -0.8366721272468567
22, 965, 637, -0.9316757321357727
23, 1155, 1072, -0.012367910705506802
24, 896, 1074, 0.013559947721660137
25, 1153, 1573, 0.10634633153676987
26, 854, 1557, 0.07790747284889221
27, 1136, 1987, 0.4572092294692993
28, 856, 1969, 0.3208012878894806
29, 1141, 2042, 0.473270446062088
30, 848, 2021, 0.3355695903301239
31, 1095, 2129, 0.15152576565742493
32, 904, 2123, -0.0023825180251151323
0, 1023, 300, -0.6965853571891785
1, 1050, 250, -0.6636461615562439
2, 1065, 248, -0.6636419296264648
3, 1079, 248, -0.6635210514068604
4, 998, 252, -0.665090799331665
5, 981, 251, -0.6651698350906372
6, 965, 252, -0.6654508113861084
7, 1107, 260, -0.3943900763988495
8, 940, 266, -0.39721840620040894
9, 1057, 340, -0.5919448733329773
10, 997, 340, -0.592810332775116
11, 1242, 468, -0.2124239057302475
12, 822, 486, -0.2086784839630127
13, 1417, 752, -0.44393694400787354
14, 595, 773, -0.5019938945770264
15, 1126, 732, -0.8680885434150696
16, 887, 684, -0.9995797872543335
17, 1045, 764, -0.9572609663009644
18, 966, 669, -1.0970828533172607
19, 1016, 724, -0.9232193827629089
20, 988, 629, -1.052474021911621
21, 1038, 703, -0.8588789701461792
22, 971, 636, -0.9860385060310364
23, 1155, 1069, -0.012416090816259384
24, 896, 1073, 0.013614344410598278
25, 1152, 1570, 0.10182460397481918
26, 854, 1554, 0.0777660384774208
27, 1136, 1985, 0.4553733170032501
28, 856, 1965, 0.32452061772346497
29, 1141, 2041, 0.4706609547138214
30, 848, 2017, 0.3400450348854065
31, 1096, 2127, 0.14856499433517456
32, 904, 2121, -0.00018191632989328355
0, 1024, 300, -0.7440269589424133
1, 1050, 249, -0.7104180455207825
2, 1066, 248, -0.7103835344314575
3, 1079, 247, -0.710224449634552
4, 999, 251, -0.7142749428749084
5, 982, 250, -0.7143098711967468
6, 966, 251, -0.7145493030548096
7, 1108, 260, -0.43257391452789307
8, 941, 266, -0.4462398290634155
9, 1058, 340, -0.6360684037208557
10, 998, 340, -0.6404324769973755
11, 1242, 469, -0.24121731519699097
12, 823, 485, -0.25287121534347534
13, 1417, 754, -0.4617587924003601
14, 585, 774, -0.5094972848892212
15, 1124, 722, -0.9057919383049011
16, 877, 687, -0.9807681441307068
17, 1044, 744, -0.999679684638977
18, 951, 671, -1.0765340328216553
19, 1015, 702, -0.9671245217323303
20, 973, 630, -1.0378183126449585
21, 1032, 690, -0.8975650668144226
22, 958, 636, -0.9693431854248047
23, 1155, 1070, -0.008585787378251553
24, 895, 1073, 0.009799381718039513
25, 1151, 1571, 0.14242571592330933
26, 849, 1555, 0.09462715685367584
27, 1132, 1986, 0.5318846106529236
28, 848, 1967, 0.3820118308067322
29, 1136, 2042, 0.5525074601173401
30, 841, 2019, 0.4021880328655243
31, 1093, 2128, 0.2324170172214508
32, 895, 2121, 0.05411715433001518
0, 1025, 300, -0.7294813394546509
1, 1051, 249, -0.697607696056366
2, 1066, 248, -0.6976064443588257
3, 1080, 247, -0.6974849104881287
4, 1000, 251, -0.7008470892906189
5, 983, 250, -0.7008715271949768
6, 967, 251, -0.7011212110519409
7, 1110, 260, -0.4283185601234436
8, 943, 266, -0.43926283717155457
9, 1060, 340, -0.624405026435852
10, 1000, 340, -0.6280313730239868
11, 1242, 469, -0.24744851887226105
12, 824, 485, -0.24299539625644684
13, 1417, 755, -0.4475473463535309
14, 581, 775, -0.48982885479927063
15, 1110, 722, -0.8488120436668396
16, 875, 690, -0.9537336826324463
17, 1032, 740, -0.9409400820732117
18, 950, 672, -1.0529825687408447
19, 1003, 705, -0.937348484992981
20, 971, 630, -1.011813759803772
21, 1019, 695, -0.8440536856651306
22, 955, 639, -0.9515740275382996
23, 1156, 1071, -0.007842869497835636
24, 895, 1073, 0.00904825422912836
25, 1151, 1572, 0.147528737783432
26, 849, 1556, 0.11099254339933395
27, 1132, 1986, 0.5399097204208374
28, 848, 1968, 0.40361669659614563
29, 1135, 2042, 0.5620232820510864
30, 841, 2020, 0.42461511492729187
31, 1093, 2129, 0.25175532698631287
32, 893, 2122, 0.08907891064882278
0, 1032, 299, -0.6968511939048767
1, 1058, 249, -0.6655469536781311
2, 1073, 247, -0.6654983162879944
3, 1090, 247, -0.6653989553451538
4, 1007, 250, -0.6713314652442932
5, 990, 249, -0.6713389158248901
6, 973, 249, -0.671523928642273
7, 1120, 260, -0.40331926941871643
8, 945, 264, -0.42857035994529724
9, 1065, 340, -0.5943754315376282
10, 1005, 340, -0.6015661358833313
11, 1243, 470, -0.22988934814929962
12, 824, 484, -0.23818741738796234
13, 1419, 757, -0.441213458776474
14, 568, 776, -0.4722044765949249
15, 1113, 728, -0.8392898440361023
16, 864, 693, -0.9284349083900452
17, 1035, 754, -0.9214833378791809
18, 938, 677, -1.0220388174057007
19, 1006, 717, -0.8882206082344055
20, 953, 636, -0.9725134968757629
21, 1022, 705, -0.8230659365653992
22, 943, 642, -0.9165941476821899
23, 1155, 1073, -0.004699044860899448
24, 893, 1075, 0.0058896709233522415
25, 1147, 1575, 0.17024990916252136
26, 843, 1561, 0.12146680802106857
27, 1128, 1987, 0.5746466517448425
28, 844, 1972, 0.42574992775917053
29, 1130, 2046, 0.5989261269569397
30, 838, 2027, 0.4476824700832367
31, 1093, 2132, 0.295233815908432
32, 886, 2126, 0.113289974629879
0, 1035, 299, -0.6961309909820557
1, 1061, 249, -0.6646520495414734
2, 1076, 247, -0.6646029353141785
3, 1094, 247, -0.6644973158836365
4, 1010, 249, -0.6706308126449585
5, 992, 247, -0.6706333756446838
6, 975, 247, -0.6708087921142578
7, 1124, 260, -0.40240833163261414
8, 946, 262, -0.4248715043067932
9, 1067, 340, -0.5937926769256592
10, 1007, 339, -0.6014770865440369
11, 1243, 470, -0.22987152636051178
12, 824, 483, -0.2314830869436264
13, 1420, 758, -0.42820116877555847
14, 563, 776, -0.46661272644996643
15, 1115, 730, -0.8342994451522827
16, 854, 693, -0.9278774261474609
17, 1037, 758, -0.9210968613624573
18, 928, 679, -1.0216450691223145
19, 1008, 719, -0.8880013227462769
20, 942, 636, -0.9738219380378723
21, 1025, 708, -0.8228231072425842
22, 934, 642, -0.9163350462913513
23, 1154, 1074, -0.003816321725025773
24, 892, 1075, 0.004999708849936724
25, 1146, 1575, 0.17012208700180054
26, 842, 1562, 0.12294431030750275
27, 1127, 1987, 0.575917661190033
28, 842, 1973, 0.4302058517932892
29, 1129, 2048, 0.5998182892799377
30, 837, 2029, 0.4523622393608093
31, 1093, 2133, 0.29257234930992126
32, 885, 2128, 0.11436409503221512
0, 1042, 299, -0.7139502763748169
1, 1066, 249, -0.6834803223609924
2, 1082, 248, -0.6834096312522888
3, 1101, 248, -0.6833130717277527
4, 1016, 248, -0.6884006857872009
5, 998, 247, -0.6884168982505798
6, 980, 247, -0.6885880827903748
7, 1129, 262, -0.42199888825416565
8, 949, 262, -0.43942132592201233
9, 1071, 341, -0.6115688681602478
10, 1011, 339, -0.6174781322479248
11, 1243, 474, -0.26031410694122314
12, 824, 483, -0.23731853067874908
13, 1420, 759, -0.4463180601596832
14, 561, 775, -0.47936078906059265
15, 1100, 734, -0.8255050182342529
16, 825, 693, -0.9468919634819031
17, 1016, 763, -0.9148222208023071
18, 889, 674, -1.0416724681854248
19, 984, 725, -0.8792306184768677
20, 903, 632, -0.9977644681930542
21, 1003, 713, -0.817628026008606
22, 898, 640, -0.9356956481933594
23, 1154, 1079, -0.004128691740334034
24, 890, 1080, 0.005318999756127596
25, 1145, 1581, 0.18600013852119446
26, 842, 1568, 0.14617203176021576
27, 1127, 1991, 0.6102148294448853
28, 842, 1976, 0.473662793636322
29, 1129, 2053, 0.6363898515701294
30, 837, 2033, 0.49837982654571533
31, 1091, 2139, 0.3308412432670593
32, 884, 2132, 0.16376231610774994
0, 1047, 299, -0.7388254404067993
1, 1070, 250, -0.707832932472229
2, 1087, 249, -0.7077750563621521
3, 1105, 249, -0.7076877951622009
4, 1020, 249, -0.7123027443885803
5, 1001, 247, -0.7123276591300964
6, 984, 247, -0.7125041484832764
7, 1133, 263, -0.43979185819625854
8, 951, 262, -0.4550594985485077
9, 1074, 343, -0.6335513591766357
10, 1015, 340, -0.6386594176292419
11, 1244, 477, -0.27616816759109497
12, 824, 483, -0.24794156849384308
13, 1421, 760, -0.47153839468955994
14, 560, 774, -0.4994368255138397
15, 1094, 736, -0.8526474237442017
16, 816, 694, -0.9831676483154297
17, 1008, 764, -0.9399541020393372
18, 877, 673, -1.080572485923767
19, 976, 727, -0.9026997685432434
20, 893, 631, -1.0401240587234497
21, 996, 716, -0.841334342956543
22, 888, 641, -0.972841203212738
23, 1154, 1084, -0.004341190215200186
24, 888, 1084, 0.005514491815119982
25, 1145, 1587, 0.19343958795070648
26, 842, 1574, 0.15921594202518463
27, 1127, 1996, 0.6277046799659729
28, 843, 1980, 0.4961685836315155
29, 1129, 2058, 0.6547585129737854
30, 837, 2039, 0.5219305157661438
31, 1091, 2146, 0.34618842601776123
32, 884, 2139, 0.18452531099319458
0, 1049, 302, -0.7308626174926758
1, 1073, 254, -0.6993960738182068
2, 1089, 254, -0.6993716359138489
3, 1107, 254, -0.6992805600166321
4, 1024, 252, -0.7034247517585754
5, 1004, 250, -0.7034470438957214
6, 986, 249, -0.703650712966919
7, 1135, 266, -0.4343564212322235
8, 954, 263, -0.4470120966434479
9, 1076, 346, -0.6259873509407043
10, 1017, 344, -0.6306176781654358
11, 1244, 479, -0.2724187672138214
12, 824, 483, -0.24254654347896576
13, 1420, 760, -0.4539395570755005
14, 560, 771, -0.4919911324977875
15, 1095, 738, -0.7793455719947815
16, 815, 695, -0.966832160949707
17, 1009, 766, -0.8564032912254333
18, 875, 678, -1.0652813911437988
19, 974, 734, -0.8184344172477722
20, 892, 636, -1.0350617170333862
21, 993, 723, -0.7652657628059387
22, 887, 644, -0.959289014339447
23, 1154, 1085, -0.00444182101637125
24, 888, 1085, 0.00562624167650938
25, 1145, 1588, 0.1836245059967041
26, 844, 1575, 0.1508440226316452
27, 1128, 1996, 0.6003548502922058
28, 843, 1982, 0.46936875581741333
29, 1130, 2058, 0.6254478693008423
30, 838, 2040, 0.4928273558616638
31, 1091, 2147, 0.31781619787216187
32, 885, 2141, 0.15602780878543854
0, 1050, 303, -0.7264897227287292
1, 1074, 256, -0.696078360080719
2, 1090, 255, -0.696051836013794
3, 1108, 255, -0.6959643959999084
4, 1025, 254, -0.6994731426239014
5, 1005, 252, -0.699492335319519
6, 987, 251, -0.6997055411338806
7, 1136, 267, -0.4335970878601074
8, 955, 264, -0.4431370198726654
9, 1077, 348, -0.622595489025116
10, 1019, 346, -0.6264345645904541
11, 1244, 479, -0.2696317732334137
12, 826, 482, -0.23948441445827484
13, 1420, 760, -0.44746115803718567
14, 560, 768, -0.4901367425918579
15, 1097, 739, -0.7624346017837524
16, 813, 696, -0.9621526598930359
17, 1011, 768, -0.8398891091346741
18, 873, 681, -1.0578935146331787
19, 975, 739, -0.8043771982192993
20, 890, 639, -1.022092342376709
21, 995, 728, -0.7493709921836853
22, 886, 646, -0.9524676203727722
23, 1153, 1085, -0.004833127371966839
24, 888, 1085, 0.00599133875221014
25, 1146, 1588, 0.17691634595394135
26, 847, 1575, 0.14561960101127625
27, 1129, 1996, 0.5864725112915039
28, 845, 1982, 0.4573461413383484
29, 1131, 2057, 0.6107016205787659
30, 839, 2040, 0.48007890582084656
31, 1092, 2147, 0.3035353422164917
32, 885, 2141, 0.1443309336900711
0, 1052, 305, -0.7245190739631653
1, 1075, 258, -0.6955116987228394
2, 1092, 257, -0.6955127120018005
3, 1110, 257, -0.695446252822876
4, 1026, 257, -0.6990060806274414
5, 1007, 255, -0.699013352394104
6, 989, 254, -0.6992350220680237
7, 1136, 268, -0.4330867528915405
8, 956, 264, -0.44308197498321533
9, 1078, 350, -0.6205030083656311
10, 1020, 350, -0.6242595911026001
11, 1244, 479, -0.2645726203918457
12, 826, 482, -0.23831424117088318
13, 1417, 760, -0.42402008175849915
14, 561, 768, -0.4715328812599182
15, 1099, 740, -0.7731353044509888
16, 818, 697, -0.9486382007598877
17, 1014, 768, -0.8540622591972351
18, 884, 682, -1.0411797761917114
19, 980, 734, -0.8207333087921143
20, 900, 638, -1.0055373907089233
21, 1006, 724, -0.7616181969642639
22, 894, 645, -0.9385445713996887
23, 1153, 1086, -0.005416348576545715
24, 888, 1086, 0.006567871663719416
25, 1147, 1584, 0.16658836603164673
26, 851, 1574, 0.14201316237449646
27, 1133, 1992, 0.5805202722549438
28, 854, 1981, 0.4534052610397339
29, 1135, 2052, 0.6033080816268921
30, 849, 2038, 0.47655460238456726
31, 1097, 2142, 0.29447290301322937
32, 892, 2137, 0.14335490763187408
0, 1053, 306, -0.7245518565177917
1, 1077, 260, -0.6963521242141724
2, 1093, 259, -0.6963687539100647
3, 1111, 258, -0.696315586566925
4, 1028, 258, -0.700018048286438
5, 1008, 256, -0.7000211477279663
6, 990, 255, -0.7002498507499695
7, 1136, 268, -0.43326109647750854
8, 956, 265, -0.4439626634120941
9, 1078, 351, -0.6200064420700073
10, 1021, 351, -0.623848021030426
11, 1244, 478, -0.26212114095687866
12, 825, 482, -0.23723939061164856
13, 1414, 761, -0.4186765253543854
14, 562, 768, -0.468220978975296
15, 1100, 741, -0.7757492661476135
16, 823, 697, -0.9466260075569153
17, 1015, 769, -0.8584302663803101
18, 892, 683, -1.0381625890731812
19, 983, 731, -0.8264167308807373
20, 907, 638, -1.0018842220306396
21, 1012, 721, -0.7644975185394287
22, 900, 644, -0.9361190795898438
23, 1153, 1086, -0.005721741355955601
24, 888, 1086, 0.006866695359349251
25, 1148, 1583, 0.16244806349277496
26, 852, 1574, 0.14114952087402344
27, 1134, 1990, 0.5755303502082825
28, 858, 1980, 0.45561322569847107
29, 1137, 2049, 0.5990561842918396
30, 853, 2038, 0.4793685972690582
31, 1100, 2140, 0.29238489270210266
32, 896, 2136, 0.14740177989006042
0, 1053, 306, -0.7252194881439209
1, 1076, 260, -0.6957651376724243
2, 1093, 258, -0.6957777738571167
3, 1110, 258, -0.6957109570503235
4, 1027, 258, -0.6991882920265198
5, 1008, 256, -0.6991946697235107
6, 990, 255, -0.6994295716285706
7, 1136, 268, -0.43257445096969604
8, 957, 265, -0.443819135427475
9, 1078, 351, -0.619970977306366
10, 1021, 351, -0.6235966086387634
11, 1245, 477, -0.256735622882843
12, 825, 482, -0.2364640235900879
13, 1413, 764, -0.4363868832588196
14, 562, 768, -0.4852839708328247
15, 1103, 729, -0.842529833316803
16, 848, 695, -0.9616685509681702
17, 1016, 751, -0.930826723575592
18, 923, 680, -1.0544154644012451
19, 987, 705, -0.8942993879318237
20, 942, 634, -1.0150362253189087
21, 1016, 694, -0.8319346308708191
22, 930, 641, -0.9500840902328491
23, 1153, 1085, -0.005830624606460333
24, 888, 1085, 0.006979614961892366
25, 1148, 1581, 0.15947285294532776
26, 853, 1572, 0.1395350843667984
27, 1135, 1989, 0.5765571594238281
28, 858, 1978, 0.45679575204849243
29, 1137, 2049, 0.6015383005142212
30, 853, 2037, 0.48126092553138733
31, 1101, 2139, 0.29378506541252136
32, 897, 2134, 0.1462886780500412
0, 1053, 306, -0.729162335395813
1, 1076, 260, -0.6990956664085388
2, 1093, 258, -0.6991075277328491
3, 1110, 258, -0.6990245580673218
4, 1027, 258, -0.7017671465873718
5, 1008, 256, -0.7017820477485657
6, 990, 255, -0.7020303606987
7, 1136, 267, -0.43374770879745483
8, 957, 265, -0.4426761567592621
9, 1079, 351, -0.6237822771072388
10, 1021, 351, -0.6265116333961487
11, 1245, 476, -0.2586757242679596
12, 826, 482, -0.23737891018390656
13, 1411, 767, -0.447954922914505
14, 562, 767, -0.4954226613044739
15, 1103, 725, -0.8366196155548096
16, 855, 694, -0.9691859483718872
17, 1012, 751, -0.92277991771698
18, 932, 680, -1.061890721321106
19, 987, 707, -0.8852549195289612
20, 954, 634, -1.0199476480484009
21, 1014, 694, -0.8248744606971741
22, 941, 641, -0.9569036364555359
23, 1153, 1084, -0.0064062573947012424
24, 888, 1085, 0.007540181744843721
25, 1150, 1581, 0.16071337461471558
26, 853, 1572, 0.14738160371780396
27, 1136, 1989, 0.5870407223701477
28, 858, 1978, 0.47520712018013
29, 1138, 2049, 0.6132305264472961
30, 854, 2036, 0.5009856820106506
31, 1102, 2139, 0.30518004298210144
32, 898, 2134, 0.16614097356796265
0, 1052, 305, -0.7060683369636536
1, 1076, 258, -0.6789944171905518
2, 1092, 256, -0.6789843440055847
3, 1109, 255, -0.6789219975471497
4, 1026, 257, -0.6807323694229126
5, 1008, 255, -0.6807364821434021
6, 990, 255, -0.6809711456298828
7, 1135, 266, -0.4262421727180481
8, 957, 265, -0.42969873547554016
9, 1079, 350, -0.6052927374839783
10, 1021, 350, -0.606737494468689
11, 1245, 475, -0.2545655369758606
12, 826, 482, -0.22678427398204803
13, 1412, 767, -0.4245871305465698
14, 561, 767, -0.45829832553863525
15, 1104, 719, -0.7661171555519104
16, 863, 693, -0.8809401392936707
17, 1014, 731, -0.8428601026535034
18, 939, 679, -0.9655848741531372
19, 992, 686, -0.8032130599021912
20, 959, 633, -0.9207696914672852
21, 1016, 679, -0.7522081136703491
22, 944, 641, -0.8669109344482422
23, 1153, 1082, -0.007289865054190159
24, 888, 1083, 0.008444630540907383
25, 1151, 1578, 0.16075316071510315
26, 856, 1569, 0.15168850123882294
27, 1137, 1985, 0.5834504961967468
28, 861, 1976, 0.47204703092575073
29, 1139, 2045, 0.6094052195549011
30, 856, 2035, 0.49707576632499695
31, 1105, 2136, 0.30641061067581177
32, 900, 2131, 0.17067565023899078
0, 1052, 305, -0.6909939050674438
1, 1075, 257, -0.6649677157402039
2, 1091, 255, -0.664952278137207
3, 1108, 254, -0.6648931503295898
4, 1026, 256, -0.6668585538864136
5, 1008, 255, -0.6668664813041687
6, 990, 254, -0.667104184627533
7, 1135, 266, -0.4181163012981415
8, 957, 265, -0.42109328508377075
9, 1079, 350, -0.592149555683136
10, 1021, 350, -0.5937739610671997
11, 1245, 475, -0.2501697838306427
12, 827, 482, -0.22084103524684906
13, 1412, 767, -0.4136911928653717
14, 559, 767, -0.44764024019241333
15, 1104, 717, -0.7484884262084961
16, 869, 692, -0.8615626096725464
17, 1015, 724, -0.8236709237098694
18, 944, 674, -0.9450857043266296
19, 995, 679, -0.7831900119781494
20, 963, 629, -0.8986968398094177
21, 1018, 674, -0.7340758442878723
22, 947, 638, -0.8468908667564392
23, 1154, 1080, -0.007936638779938221
24, 888, 1082, 0.009103706106543541
25, 1154, 1576, 0.1604168862104416
26, 858, 1568, 0.15321795642375946
27, 1140, 1984, 0.5812567472457886
28, 864, 1975, 0.4699796140193939
29, 1142, 2044, 0.6070643663406372
30, 859, 2034, 0.49465084075927734
31, 1109, 2134, 0.30565813183784485
32, 903, 2130, 0.17049188911914825
0, 1053, 304, -0.7501837611198425
1, 1076, 255, -0.7195810675621033
2, 1091, 254, -0.7195428013801575
3, 1109, 253, -0.7194806933403015
4, 1026, 255, -0.7250621914863586
5, 1008, 253, -0.725115954875946
6, 990, 253, -0.7253162264823914
7, 1135, 266, -0.44946256279945374
8, 957, 265, -0.4690888822078705
9, 1079, 350, -0.6424455046653748
10, 1022, 350, -0.6488576531410217
11, 1245, 475, -0.26542314887046814
12, 826, 481, -0.26341143250465393
13, 1413, 768, -0.45470479130744934
14, 558, 768, -0.5070822238922119
15, 1104, 718, -0.8543492555618286
16, 866, 686, -0.960873007774353
17, 1019, 728, -0.9413829445838928
18, 940, 669, -1.0520907640457153
19, 998, 683, -0.9031558632850647
20, 959, 623, -1.0108824968338013
21, 1019, 676, -0.8427714705467224
22, 944, 632, -0.9483639597892761
23, 1153, 1080, -0.007099555805325508
24, 885, 1081, 0.008242032490670681
25, 1149, 1576, 0.17938107252120972
26, 854, 1568, 0.1571420580148697
27, 1131, 1984, 0.6183699369430542
28, 857, 1975, 0.49395450949668884
29, 1132, 2045, 0.6463664770126343
30, 852, 2034, 0.5205309391021729
31, 1101, 2134, 0.3440910279750824
32, 896, 2130, 0.189579039812088
0, 1054, 304, -0.7584101557731628
1, 1076, 254, -0.7273055911064148
2, 1092, 253, -0.7272766828536987
3, 1109, 252, -0.7272172570228577
4, 1027, 254, -0.7328912019729614
5, 1008, 253, -0.7329362034797668
6, 990, 252, -0.7331403493881226
7, 1135, 265, -0.45412933826446533
8, 957, 265, -0.4745025932788849
9, 1079, 350, -0.6499087810516357
10, 1022, 349, -0.6564350128173828
11, 1246, 476, -0.2684030830860138
12, 826, 481, -0.2683507800102234
13, 1413, 769, -0.46225592494010925
14, 558, 768, -0.5137450695037842
15, 1105, 718, -0.867689311504364
16, 865, 683, -0.9726002216339111
17, 1020, 731, -0.9559986591339111
18, 938, 668, -1.064643383026123
19, 999, 686, -0.9182008504867554
20, 957, 620, -1.0243440866470337
21, 1020, 679, -0.8564549088478088
22, 942, 629, -0.9607172012329102
23, 1152, 1081, -0.006723290309309959
24, 884, 1081, 0.007864792831242085
25, 1145, 1577, 0.18363913893699646
26, 848, 1568, 0.1595432311296463
27, 1124, 1986, 0.6235965490341187
28, 848, 1975, 0.5013250112533569
29, 1124, 2048, 0.6514915227890015
30, 842, 2035, 0.5282753705978394
31, 1093, 2136, 0.34716054797172546
32, 888, 2131, 0.1941509246826172
0, 1051, 302, -0.7508310675621033
1, 1075, 253, -0.7190393209457397
2, 1090, 251, -0.7190176844596863
3, 1107, 251, -0.7189441919326782
4, 1025, 252, -0.7235504984855652
5, 1007, 251, -0.7235831618309021
6, 989, 251, -0.7237978577613831
7, 1135, 265, -0.4535802900791168
8, 957, 264, -0.46878165006637573
9, 1079, 348, -0.6434291005134583
10, 1020, 348, -0.6483265161514282
11, 1246, 476, -0.26646947860717773
12, 826, 481, -0.2621132433414459
13, 1412, 769, -0.4690694510936737
14, 558, 767, -0.5122621059417725
15, 1104, 718, -0.876483142375946
16, 864, 682, -0.9855541586875916
17, 1020, 730, -0.9670101404190063
18, 937, 667, -1.081652283668518
19, 999, 685, -0.9288814663887024
20, 955, 621, -1.0388438701629639
21, 1019, 677, -0.8655319809913635
22, 941, 628, -0.9736124873161316
23, 1152, 1081, -0.006846865173429251
24, 883, 1081, 0.007988182827830315
25, 1144, 1578, 0.18108296394348145
26, 847, 1568, 0.15770606696605682
27, 1122, 1988, 0.6151757836341858
28, 846, 1975, 0.49371474981307983
29, 1123, 2050, 0.641876757144928
30, 839, 2035, 0.5197476744651794
31, 1090, 2136, 0.3355052173137665
32, 886, 2131, 0.185074120759964
0, 1050, 301, -0.7570602297782898
1, 1074, 252, -0.723034679889679
2, 1089, 250, -0.7230067849159241
3, 1106, 250, -0.7229030728340149
4, 1024, 252, -0.7264606356620789
5, 1006, 251, -0.7264869213104248
6, 989, 250, -0.7267023324966431
7, 1134, 265, -0.4496862590312958
8, 957, 264, -0.4625658094882965
9, 1078, 346, -0.6486600041389465
10, 1020, 347, -0.6522237658500671
11, 1246, 476, -0.2689646780490875
12, 827, 480, -0.25808364152908325
13, 1412, 769, -0.4771634340286255
14, 558, 767, -0.519688606262207
15, 1102, 718, -0.8788850903511047
16, 863, 680, -0.998906135559082
17, 1018, 730, -0.9695945382118225
18, 936, 667, -1.0962097644805908
19, 997, 687, -0.9309093356132507
20, 955, 621, -1.0527715682983398
21, 1017, 678, -0.8675685524940491
22, 941, 628, -0.9869123101234436
23, 1152, 1081, -0.00706667173653841
24, 883, 1081, 0.008215558715164661
25, 1144, 1579, 0.18061642348766327
26, 848, 1569, 0.1577761173248291
27, 1123, 1989, 0.6151730418205261
28, 845, 1976, 0.49383634328842163
29, 1123, 2050, 0.6415535807609558
30, 838, 2035, 0.5197826027870178
31, 1089, 2137, 0.3306821286678314
32, 885, 2132, 0.180564746260643
0, 1047, 300, -0.7567581534385681
1, 1072, 250, -0.7225807905197144
2, 1087, 248, -0.7225622534751892
3, 1103, 248, -0.7224651575088501
4, 1021, 251, -0.7259405851364136
5, 1003, 250, -0.7259476184844971
6, 987, 250, -0.7261520624160767
7, 1133, 264, -0.44923773407936096
8, 956, 264, -0.45889198780059814
9, 1077, 346, -0.648220419883728
10, 1018, 346, -0.6506963968276978
11, 1246, 476, -0.2634313404560089
12, 826, 481, -0.25788259506225586
13, 1412, 769, -0.47286102175712585
14, 558, 767, -0.4984540343284607
15, 1112, 716, -0.870675265789032
16, 863, 681, -0.954456090927124
17, 1029, 724, -0.9608045816421509
18, 936, 665, -1.0496110916137695
19, 1010, 674, -0.9247816205024719
20, 955, 621, -1.011409878730774
21, 1029, 670, -0.8609060645103455
22, 941, 628, -0.9440625309944153
23, 1152, 1081, -0.0071470653638243675
24, 883, 1081, 0.008314178325235844
25, 1144, 1579, 0.18088866770267487
26, 848, 1569, 0.15888866782188416
27, 1123, 1989, 0.6182243227958679
28, 846, 1977, 0.49555936455726624
29, 1124, 2051, 0.6451843976974487
30, 839, 2037, 0.5216143131256104
31, 1089, 2137, 0.3334515392780304
32, 886, 2134, 0.18115517497062683
0, 1044, 300, -0.7544857263565063
1, 1071, 248, -0.720794677734375
2, 1085, 247, -0.7207780480384827
3, 1101, 246, -0.7206782698631287
4, 1019, 250, -0.7235735654830933
5, 1002, 250, -0.723556637763977
6, 985, 250, -0.7237555980682373
7, 1133, 263, -0.44689875841140747
8, 956, 264, -0.4536685049533844
9, 1076, 345, -0.6458644270896912
10, 1016, 346, -0.6474311351776123
11, 1246, 476, -0.25914475321769714
12, 826, 482, -0.2555437982082367
13, 1412, 769, -0.468750536441803
14, 558, 766, -0.48926448822021484
15, 1117, 716, -0.8713462352752686
16, 863, 681, -0.9425925016403198
17, 1034, 722, -0.9623256325721741
18, 936, 664, -1.0373711585998535
19, 1016, 670, -0.9269340634346008
20, 955, 620, -1.000068187713623
21, 1035, 668, -0.862259566783905
22, 941, 627, -0.9325097799301147
23, 1152, 1081, -0.007344460114836693
24, 883, 1081, 0.008536522276699543
25, 1144, 1579, 0.18084675073623657
26, 848, 1569, 0.16060709953308105
27, 1123, 1989, 0.6204109191894531
28, 846, 1978, 0.4990529716014862
29, 1124, 2051, 0.6476669311523438
30, 839, 2038, 0.5253667235374451
31, 1090, 2138, 0.33520108461380005
32, 886, 2135, 0.18349002301692963
0, 1044, 298, -0.750151515007019
1, 1070, 246, -0.7173534631729126
2, 1084, 245, -0.7173372507095337
3, 1100, 244, -0.717241644859314
4, 1018, 249, -0.720359206199646
5, 1001, 249, -0.7203483581542969
6, 985, 249, -0.7205514311790466
7, 1131, 262, -0.44516897201538086
8, 956, 264, -0.4531911015510559
9, 1076, 344, -0.6428350210189819
10, 1016, 345, -0.6447182297706604
11, 1246, 477, -0.2631249725818634
12, 824, 482, -0.25530534982681274
13, 1412, 770, -0.4709332287311554
14, 558, 769, -0.4912395477294922
15, 1113, 715, -0.8725647330284119
16, 862, 681, -0.9566279053688049
17, 1025, 722, -0.9605934023857117
18, 936, 666, -1.0505309104919434
19, 1010, 672, -0.9220352172851562
20, 955, 620, -1.0103724002838135
21, 1031, 668, -0.8613302111625671
22, 941, 627, -0.9453853964805603
23, 1153, 1081, -0.008494982495903969
24, 883, 1081, 0.00967182032763958
25, 1147, 1579, 0.17149585485458374
26, 852, 1569, 0.1601828932762146
27, 1130, 1989, 0.6176468133926392
28, 852, 1978, 0.500296413898468
29, 1132, 2051, 0.6443261504173279
30, 846, 2038, 0.5268734097480774
31, 1097, 2137, 0.33295485377311707
32, 891, 2135, 0.18771611154079437
0, 1043, 297, -0.747707724571228
1, 1070, 245, -0.7153764963150024
2, 1084, 244, -0.7153609395027161
3, 1099, 243, -0.7152674794197083
4, 1018, 248, -0.7184625267982483
5, 1001, 248, -0.7184534668922424
6, 984, 249, -0.7186590433120728
7, 1130, 261, -0.44419315457344055
8, 956, 264, -0.45208674669265747
9, 1076, 343, -0.640981912612915
10, 1015, 344, -0.6431121230125427
11, 1247, 477, -0.2645283639431
12, 823, 483, -0.25333499908447266
13, 1412, 770, -0.46870172023773193
14, 558, 770, -0.4930495619773865
15, 1111, 715, -0.8681899905204773
16, 862, 681, -0.9572408199310303
17, 1022, 722, -0.9554744958877563
18, 936, 666, -1.050631046295166
19, 1008, 673, -0.9173462390899658
20, 955, 621, -1.0100446939468384
21, 1030, 669, -0.8567686676979065
22, 941, 628, -0.9456690549850464
23, 1154, 1081, -0.008535381406545639
24, 884, 1081, 0.00970654096454382
25, 1149, 1579, 0.16893242299556732
26, 854, 1569, 0.15977604687213898
27, 1134, 1988, 0.6158608794212341
28, 856, 1978, 0.49973222613334656
29, 1137, 2050, 0.6430861949920654
30, 851, 2038, 0.5264060497283936
31, 1102, 2136, 0.3336087167263031
32, 895, 2134, 0.19007441401481628
0, 1043, 297, -0.7470611929893494
1, 1069, 245, -0.7140119671821594
2, 1083, 244, -0.7140286564826965
3, 1098, 243, -0.7139299511909485
4, 1017, 248, -0.7172083258628845
5, 1000, 248, -0.7172061204910278
6, 983, 249, -0.7174358367919922
7, 1128, 261, -0.44312772154808044
8, 955, 264, -0.45092257857322693
9, 1076, 342, -0.6403837203979492
10, 1015, 343, -0.6425761580467224
11, 1247, 479, -0.2656591236591339
12, 821, 487, -0.25213342905044556
13, 1412, 775, -0.47515153884887695
14, 561, 776, -0.5228110551834106
15, 1126, 742, -0.890812337398529
16, 862, 680, -1.0210084915161133
17, 1026, 771, -0.9810582995414734
18, 935, 658, -1.1209722757339478
19, 1008, 737, -0.9449793100357056
20, 955, 615, -1.0779051780700684
21, 1032, 719, -0.8810999393463135
22, 941, 626, -1.0102715492248535
23, 1154, 1082, -0.009460880421102047
24, 884, 1083, 0.010650720447301865
25, 1149, 1581, 0.15293455123901367
26, 853, 1570, 0.15726689994335175
27, 1135, 1990, 0.6107051968574524
28, 856, 1979, 0.4989427328109741
29, 1137, 2052, 0.638615608215332
30, 851, 2038, 0.5256511569023132
31, 1103, 2137, 0.3214028477668762
32, 895, 2135, 0.18852026760578156
0, 1042, 297, -0.7435814142227173
1, 1068, 245, -0.7104772925376892
2, 1082, 244, -0.7105162739753723
3, 1097, 243, -0.7104142904281616
4, 1017, 248, -0.7136330008506775
5, 1000, 248, -0.7136409878730774
6, 983, 249, -0.7138926982879639
7, 1126, 260, -0.44190990924835205
8, 955, 264, -0.4493548572063446
9, 1075, 342, -0.6390314102172852
10, 1015, 342, -0.6412187218666077
11, 1248, 481, -0.26683101058006287
12, 820, 489, -0.25139516592025757
13, 1412, 779, -0.476942241191864
14, 563, 780, -0.5281026363372803
15, 1132, 751, -0.8909898400306702
16, 862, 679, -1.02379310131073
17, 1028, 785, -0.9806128144264221
18, 934, 654, -1.123138189315796
19, 1008, 753, -0.944389283657074
20, 954, 612, -1.0797712802886963
21, 1033, 734, -0.8811355829238892
22, 940, 624, -1.0128859281539917
23, 1154, 1082, -0.010081293061375618
24, 884, 1084, 0.011278958059847355
25, 1149, 1582, 0.1495181918144226
26, 852, 1571, 0.15626122057437897
27, 1135, 1991, 0.6071089506149292
28, 856, 1979, 0.4982072114944458
29, 1138, 2053, 0.6351876854896545
30, 851, 2038, 0.5248512625694275
31, 1103, 2138, 0.31632792949676514
32, 895, 2135, 0.18722419440746307
0, 1039, 294, -0.7484995126724243
1, 1066, 242, -0.7177916765213013
2, 1081, 241, -0.7178328037261963
3, 1095, 241, -0.7177276015281677
4, 1015, 244, -0.718673050403595
5, 998, 244, -0.7186525464057922
6, 981, 245, -0.7189306616783142
7, 1124, 258, -0.45804497599601746
8, 954, 262, -0.4535622298717499
9, 1073, 338, -0.6477211117744446
10, 1011, 337, -0.6473056674003601
11, 1248, 481, -0.2989261746406555
12, 819, 489, -0.25899800658226013
13, 1413, 800, -0.4744592010974884
14, 562, 792, -0.5367441177368164
15, 1131, 802, -0.8095003962516785
16, 852, 682, -1.0270658731460571
17, 1028, 857, -0.8901691436767578
18, 933, 668, -1.127044439315796
19, 1002, 813, -0.8555867075920105
20, 954, 626, -1.0819708108901978
21, 1031, 787, -0.79771488904953
22, 940, 631, -1.0161023139953613
23, 1153, 1082, -0.014168815687298775
24, 884, 1087, 0.015450681559741497
25, 1154, 1583, 0.14789500832557678
26, 852, 1573, 0.16366392374038696
27, 1138, 1992, 0.6078650951385498
28, 856, 1981, 0.5196792483329773
29, 1142, 2053, 0.6361710429191589
30, 850, 2040, 0.5482492446899414
31, 1104, 2142, 0.3158695101737976
32, 895, 2137, 0.20414891839027405
0, 1037, 292, -0.7519897222518921
1, 1065, 241, -0.7219981551170349
2, 1080, 240, -0.7220408320426941
3, 1093, 240, -0.7219350934028625
4, 1013, 242, -0.7220461368560791
5, 996, 242, -0.7220183610916138
6, 980, 243, -0.722307026386261
7, 1122, 257, -0.4637151062488556
8, 954, 260, -0.45586445927619934
9, 1072, 336, -0.6521976590156555
10, 1010, 333, -0.6509659886360168
11, 1247, 481, -0.30602455139160156
12, 818, 489, -0.26166266202926636
13, 1414, 808, -0.4730309844017029
14, 561, 797, -0.5381887555122375
15, 1130, 813, -0.7946632504463196
16, 847, 683, -1.0276036262512207
17, 1028, 868, -0.8746824860572815
18, 933, 675, -1.1274796724319458
19, 999, 823, -0.8399942517280579
20, 954, 633, -1.0822093486785889
21, 1031, 796, -0.7827699780464172
22, 940, 635, -1.0166345834732056
23, 1153, 1082, -0.016760794445872307
24, 885, 1088, 0.018082046881318092
25, 1157, 1584, 0.14501431584358215
26, 852, 1575, 0.16844823956489563
27, 1140, 1994, 0.6061283946037292
28, 856, 1983, 0.5264983773231506
29, 1145, 2053, 0.6344252824783325
30, 850, 2041, 0.5552394390106201
31, 1104, 2145, 0.3101191818714142
32, 895, 2139, 0.20985516905784607
0, 1036, 284, -0.6083850860595703
1, 1064, 234, -0.5768934488296509
2, 1079, 234, -0.5770736932754517
3, 1092, 234, -0.5770378112792969
4, 1010, 235, -0.5755199790000916
5, 993, 236, -0.5752832293510437
6, 976, 237, -0.5755707025527954
7, 1120, 253, -0.3332163989543915
8, 952, 259, -0.31746789813041687
9, 1072, 329, -0.5156574249267578
10, 1007, 328, -0.512463390827179
11, 1248, 487, -0.21827563643455505
12, 814, 491, -0.13626299798488617
13, 1413, 825, -0.2877679765224457
14, 561, 825, -0.37013912200927734
15, 1162, 916, -0.5451825857162476
16, 841, 729, -0.8820076584815979
17, 1064, 991, -0.622939944267273
18, 928, 757, -0.9800660610198975
19, 1022, 942, -0.607387125492096
20, 953, 707, -0.950165331363678
21, 1054, 905, -0.539168119430542
22, 938, 693, -0.8773624300956726
23, 1156, 1094, -0.029135940596461296
24, 888, 1099, 0.03076235204935074
25, 1173, 1602, 0.08005854487419128
26, 858, 1596, 0.2023593634366989
27, 1163, 2010, 0.5337009429931641
28, 867, 1998, 0.5886858701705933
29, 1171, 2066, 0.5606328845024109
30, 862, 2055, 0.6219280362129211
31, 1121, 2167, 0.24027670919895172
32, 906, 2154, 0.28967002034187317
0, 1036, 279, -0.5957052707672119
1, 1063, 230, -0.5654518604278564
2, 1079, 231, -0.5656009316444397
3, 1091, 231, -0.5655670762062073
4, 1009, 232, -0.5643072724342346
5, 992, 233, -0.5640912652015686
6, 974, 234, -0.5643705725669861
7, 1119, 250, -0.32685917615890503
8, 952, 257, -0.31327933073043823
9, 1071, 326, -0.5042715072631836
10, 1006, 325, -0.501653790473938
11, 1249, 490, -0.20761080086231232
12, 812, 492, -0.1314079612493515
13, 1413, 831, -0.26730775833129883
14, 561, 830, -0.35364973545074463
15, 1163, 944, -0.498608261346817
16, 838, 746, -0.8412014842033386
17, 1067, 1015, -0.5688489675521851
18, 924, 775, -0.934461772441864
19, 1025, 966, -0.5524616241455078
20, 951, 721, -0.9030645489692688
21, 1058, 931, -0.49112361669540405
22, 935, 706, -0.8349183797836304
23, 1159, 1100, -0.031958892941474915
24, 890, 1102, 0.03357372432947159
25, 1175, 1610, 0.06010926142334938
26, 860, 1603, 0.1940719038248062
27, 1163, 2018, 0.4927831292152405
28, 869, 2004, 0.5693237781524658
29, 1172, 2072, 0.5179048180580139
30, 865, 2059, 0.5980423092842102
31, 1121, 2175, 0.2055332064628601
32, 908, 2159, 0.2528427243232727
0, 1034, 273, -0.5009551644325256
1, 1061, 226, -0.47122880816459656
2, 1078, 226, -0.4712720513343811
3, 1090, 226, -0.4710964560508728
4, 1005, 228, -0.47115984559059143
5, 988, 229, -0.47096142172813416
6, 970, 231, -0.47130075097084045
7, 1118, 247, -0.2582239508628845
8, 949, 255, -0.24894052743911743
9, 1071, 320, -0.4211770296096802
10, 1002, 321, -0.41938433051109314
11, 1257, 499, -0.1636393517255783
12, 804, 502, -0.1301044374704361
13, 1412, 839, -0.2173401415348053
14, 571, 839, -0.3112500011920929
15, 1218, 997, -0.45165878534317017
16, 806, 831, -0.7107096314430237
17, 1125, 1078, -0.5171719789505005
18, 888, 886, -0.7886766195297241
19, 1084, 1020, -0.5141246318817139
20, 927, 841, -0.7705113291740417
21, 1113, 992, -0.452828973531723
22, 911, 820, -0.7085853219032288
23, 1170, 1105, -0.03125019744038582
24, 893, 1107, 0.03329465910792351
25, 1186, 1613, 0.04196413606405258
26, 866, 1612, 0.12168432027101517
27, 1168, 2030, 0.3901130259037018
28, 872, 2022, 0.3927260637283325
29, 1176, 2086, 0.408191978931427
30, 867, 2080, 0.41300976276397705
31, 1122, 2189, 0.11513016372919083
32, 911, 2173, 0.09893789887428284
0, 1032, 271, -0.4893408715724945
1, 1060, 225, -0.4609842300415039
2, 1077, 225, -0.4610191285610199
3, 1090, 225, -0.46083295345306396
4, 1002, 227, -0.4599427580833435
5, 985, 228, -0.4597274959087372
6, 967, 230, -0.46008312702178955
7, 1117, 245, -0.25158435106277466
8, 948, 254, -0.2378217577934265
9, 1070, 318, -0.41049352288246155
10, 1000, 320, -0.4073125720024109
11, 1261, 504, -0.15441769361495972
12, 802, 506, -0.12153519690036774
13, 1410, 846, -0.22237539291381836
14, 577, 840, -0.3024250864982605
15, 1230, 1000, -0.4731545150279999
16, 797, 841, -0.7058233618736267
17, 1139, 1076, -0.5392736196517944
18, 876, 895, -0.7832202315330505
19, 1094, 1023, -0.5345715880393982
20, 918, 853, -0.7647507190704346
21, 1122, 996, -0.47410666942596436
22, 904, 832, -0.703876256942749
23, 1171, 1106, -0.02990429662168026
24, 893, 1108, 0.03170423209667206
25, 1187, 1615, 0.004887526389211416
26, 867, 1615, 0.1032746359705925
27, 1167, 2038, 0.3162989020347595
28, 872, 2033, 0.357270747423172
29, 1174, 2095, 0.3308027386665344
30, 867, 2092, 0.37560757994651794
31, 1121, 2196, 0.0357511043548584
32, 911, 2181, 0.06275735050439835
0, 1030, 270, -0.6232098340988159
1, 1058, 223, -0.5858451724052429
2, 1076, 223, -0.586138904094696
3, 1088, 223, -0.5861599445343018
4, 1001, 226, -0.5947197675704956
5, 984, 227, -0.5948689579963684
6, 966, 229, -0.595413327217102
7, 1114, 244, -0.33805274963378906
8, 946, 254, -0.3707072138786316
9, 1068, 317, -0.528315544128418
10, 997, 320, -0.5385227203369141
11, 1261, 506, -0.18193449079990387
12, 794, 514, -0.21663174033164978
13, 1404, 845, -0.16635912656784058
14, 610, 849, -0.2957974374294281
15, 1284, 1040, -0.4420413672924042
16, 802, 952, -0.6641750931739807
17, 1257, 1124, -0.5200673937797546
18, 879, 1039, -0.7526385188102722
19, 1194, 1094, -0.5527470707893372
20, 921, 1014, -0.7712738513946533
21, 1196, 1061, -0.46079152822494507
22, 905, 989, -0.6765541434288025
23, 1172, 1106, -0.019572479650378227
24, 896, 1107, 0.021205274388194084
25, 1187, 1614, 0.03507132828235626
26, 870, 1613, 0.062451865524053574
27, 1176, 2035, 0.41258272528648376
28, 881, 2028, 0.3353141248226166
29, 1183, 2092, 0.433849960565567
30, 878, 2088, 0.35348767042160034
31, 1134, 2192, 0.13291077315807343
32, 923, 2180, 0.03411969169974327
0, 1027, 267, -0.6349145770072937
1, 1056, 221, -0.5953454971313477
2, 1075, 221, -0.5957158803939819
3, 1087, 222, -0.5957512259483337
4, 999, 224, -0.6047500371932983
5, 982, 225, -0.6049237847328186
6, 963, 227, -0.6054798364639282
7, 1112, 243, -0.3424334228038788
8, 945, 250, -0.3766228258609772
9, 1065, 314, -0.5395886301994324
10, 993, 317, -0.549498438835144
11, 1261, 507, -0.19049306213855743
12, 789, 518, -0.2187797576189041
13, 1402, 840, -0.16252394020557404
14, 620, 854, -0.2844575345516205
15, 1297, 1042, -0.4464259445667267
16, 804, 957, -0.6663212180137634
17, 1277, 1127, -0.527785062789917
18, 872, 1039, -0.7584892511367798
19, 1212, 1099, -0.5637105107307434
20, 919, 1017, -0.7788903117179871
21, 1213, 1066, -0.46659690141677856
22, 906, 990, -0.6799973845481873
23, 1174, 1107, -0.01552483532577753
24, 892, 1134, 0.017135923728346825
25, 1190, 1614, 0.04537845775485039
26, 872, 1611, 0.05924763157963753
27, 1183, 2035, 0.44027596712112427
28, 884, 2027, 0.3461734354496002
29, 1188, 2093, 0.4629935622215271
30, 881, 2089, 0.3656492531299591
31, 1141, 2190, 0.16130958497524261
32, 928, 2177, 0.04475610330700874
0, 1025, 256, -0.7176005840301514
1, 1053, 214, -0.6815243363380432
2, 1072, 214, -0.681744396686554
3, 1084, 216, -0.6819106936454773
4, 997, 216, -0.690537691116333
5, 980, 219, -0.6907166242599487
6, 961, 222, -0.6911316514015198
7, 1108, 240, -0.4182961583137512
8, 942, 247, -0.45521050691604614
9, 1063, 305, -0.6155574321746826
10, 991, 309, -0.62632817029953
11, 1258, 507, -0.22975417971611023
12, 788, 517, -0.26295626163482666
13, 1387, 832, -0.12998943030834198
14, 644, 849, -0.18801169097423553
15, 1304, 1067, -0.36198827624320984
16, 784, 1018, -0.41659674048423767
17, 1300, 1162, -0.4344440996646881
18, 826, 1105, -0.48907193541526794
19, 1242, 1140, -0.4920598268508911
20, 871, 1077, -0.5322713255882263
21, 1238, 1096, -0.3887704610824585
22, 856, 1041, -0.4354499280452728
23, 1174, 1109, -0.01419041957706213
24, 893, 1131, 0.015352782793343067
25, 1189, 1612, 0.08966251462697983
26, 874, 1602, 0.08273155987262726
27, 1181, 2020, 0.5987766981124878
28, 887, 2009, 0.4761880338191986
29, 1186, 2075, 0.6347179412841797
30, 886, 2066, 0.5087262392044067
31, 1141, 2174, 0.3470405042171478
32, 931, 2152, 0.19105328619480133
0, 1023, 251, -0.7148837447166443
1, 1052, 210, -0.6798790693283081
2, 1070, 211, -0.6800395846366882
3, 1083, 213, -0.6802015900611877
4, 996, 212, -0.6881150007247925
5, 978, 215, -0.6882674694061279
6, 960, 218, -0.6886389851570129
7, 1107, 239, -0.4213579297065735
8, 941, 244, -0.45587316155433655
9, 1060, 301, -0.6144223809242249
10, 988, 305, -0.6244465708732605
11, 1256, 506, -0.236967995762825
12, 786, 516, -0.26635491847991943
13, 1382, 829, -0.12585487961769104
14, 652, 846, -0.19118720293045044
15, 1305, 1074, -0.35083261132240295
16, 777, 1022, -0.42913609743118286
17, 1300, 1172, -0.4229365587234497
18, 811, 1103, -0.5024500489234924
19, 1245, 1148, -0.4793369472026825
20, 854, 1074, -0.5430824756622314
21, 1240, 1102, -0.37679585814476013
22, 841, 1041, -0.4474225342273712
23, 1173, 1110, -0.01158984936773777
24, 894, 1128, 0.01245053205639124
25, 1188, 1611, 0.09967157244682312
26, 875, 1598, 0.0908627063035965
27, 1180, 2013, 0.6066811680793762
28, 888, 2000, 0.48389965295791626
29, 1185, 2067, 0.6429214477539062
30, 887, 2057, 0.5156362652778625
31, 1140, 2166, 0.3625321090221405
32, 930, 2142, 0.20388881862163544
0, 1022, 250, -0.6956738829612732
1, 1050, 209, -0.6618841886520386
2, 1068, 210, -0.6620067954063416
3, 1081, 211, -0.662058413028717
4, 994, 211, -0.6676686406135559
5, 976, 214, -0.6677355170249939
6, 957, 217, -0.6680911779403687
7, 1105, 237, -0.40869489312171936
8, 938, 243, -0.43047142028808594
9, 1059, 299, -0.5977944731712341
10, 986, 303, -0.6045286059379578
11, 1257, 506, -0.23214906454086304
12, 786, 515, -0.25006037950515747
13, 1360, 827, -0.1382364183664322
14, 672, 843, -0.14644473791122437
15, 1327, 1054, -0.4331728518009186
16, 743, 1054, -0.3885100483894348
17, 1337, 1136, -0.512238085269928
18, 749, 1161, -0.46276795864105225
19, 1301, 1115, -0.5025614500045776
20, 802, 1134, -0.5172737240791321
21, 1286, 1077, -0.45572394132614136
22, 803, 1089, -0.41373303532600403
23, 1174, 1113, -0.011758025735616684
24, 893, 1126, 0.012655353173613548
25, 1188, 1613, 0.16787657141685486
26, 875, 1607, 0.1666974425315857
27, 1183, 2018, 0.7442293167114258
28, 888, 2015, 0.6387841105461121
29, 1187, 2077, 0.7885363698005676
30, 887, 2076, 0.6780264973640442
31, 1146, 2172, 0.5024198889732361
32, 931, 2160, 0.3507423996925354
0, 1020, 248, -0.6890037059783936
1, 1048, 207, -0.6556047201156616
2, 1067, 208, -0.6557730436325073
3, 1080, 210, -0.6558771729469299
4, 992, 210, -0.6614954471588135
5, 974, 213, -0.6616198420524597
6, 956, 216, -0.6620201468467712
7, 1104, 236, -0.4035990834236145
8, 936, 241, -0.42555713653564453
9, 1058, 297, -0.5913856029510498
10, 984, 301, -0.5976839065551758
11, 1257, 506, -0.2309020459651947
12, 785, 515, -0.2499368041753769
13, 1351, 826, -0.139137402176857
14, 679, 841, -0.14165285229682922
15, 1329, 1053, -0.4379498064517975
16, 738, 1060, -0.3645097613334656
17, 1340, 1133, -0.5175252556800842
18, 742, 1169, -0.43547743558883667
19, 1306, 1114, -0.5503685474395752
20, 795, 1143, -0.4884900152683258
21, 1291, 1076, -0.4680768847465515
22, 798, 1096, -0.3886684477329254
23, 1175, 1115, -0.01165524311363697
24, 893, 1124, 0.01249013189226389
25, 1188, 1614, 0.19160041213035583
26, 875, 1612, 0.18607406318187714
27, 1185, 2021, 0.7783281803131104
28, 888, 2023, 0.667271614074707
29, 1187, 2083, 0.8244519829750061
30, 888, 2084, 0.7076187133789062
31, 1148, 2176, 0.5414101481437683
32, 931, 2169, 0.38190650939941406
0, 1015, 249, -0.7397806644439697
1, 1044, 208, -0.7096487879753113
2, 1063, 208, -0.7098664045333862
3, 1077, 210, -0.7100911736488342
4, 986, 210, -0.7117508053779602
5, 968, 213, -0.7119660973548889
6, 951, 216, -0.7124072909355164
7, 1102, 236, -0.45523202419281006
8, 932, 241, -0.4577331840991974
9, 1055, 298, -0.6392793655395508
10, 979, 302, -0.6397578716278076
11, 1259, 507, -0.2663016617298126
12, 785, 514, -0.2676379978656769
13, 1336, 851, -0.1670629233121872
14, 689, 840, -0.1615566611289978
15, 1323, 1095, -0.45364782214164734
16, 729, 1090, -0.4044307768344879
17, 1333, 1204, -0.5320255160331726
18, 711, 1212, -0.4768278896808624
19, 1299, 1186, -0.5596474409103394
20, 768, 1187, -0.5387818813323975
21, 1282, 1149, -0.48137250542640686
22, 783, 1131, -0.433691143989563
23, 1175, 1127, -0.015067686326801777
24, 890, 1130, 0.015810316428542137
25, 1182, 1636, 0.16887444257736206
26, 870, 1624, 0.1684642732143402
27, 1178, 2044, 0.7098914384841919
28, 881, 2039, 0.6259418725967407
29, 1180, 2106, 0.7522669434547424
30, 883, 2102, 0.6635648608207703
31, 1140, 2199, 0.4547100067138672
32, 917, 2188, 0.33107423782348633
0, 1011, 250, -0.7421003580093384
1, 1040, 208, -0.7130261659622192
2, 1059, 209, -0.7132282853126526
3, 1075, 210, -0.7134508490562439
4, 982, 211, -0.715671181678772
5, 963, 214, -0.7158979773521423
6, 947, 216, -0.7163549065589905
7, 1100, 235, -0.4621525704860687
8, 929, 242, -0.4666765332221985
9, 1051, 298, -0.6428598165512085
10, 975, 302, -0.6439961194992065
11, 1260, 508, -0.2686302959918976
12, 785, 514, -0.2867768406867981
13, 1331, 861, -0.16725501418113708
14, 690, 840, -0.19268988072872162
15, 1328, 1109, -0.4303021728992462
16, 727, 1094, -0.439668744802475
17, 1344, 1219, -0.5040343403816223
18, 706, 1219, -0.5120075941085815
19, 1316, 1205, -0.562390148639679
20, 762, 1193, -0.5729514956474304
21, 1295, 1170, -0.4633655548095703
22, 778, 1134, -0.4684039354324341
23, 1178, 1159, -0.015340250916779041
24, 886, 1131, 0.016055891290307045
25, 1179, 1646, 0.16400982439517975
26, 867, 1632, 0.16244915127754211
27, 1175, 2059, 0.6784810423851013
28, 877, 2054, 0.5927385091781616
29, 1177, 2122, 0.7183296084403992
30, 880, 2118, 0.6280664801597595
31, 1135, 2214, 0.4207746684551239
32, 912, 2205, 0.29593953490257263
0, 1008, 250, -0.7989597916603088
1, 1038, 208, -0.7726536393165588
2, 1058, 209, -0.7728338241577148
3, 1073, 210, -0.7730934023857117
4, 979, 211, -0.7755909562110901
5, 960, 214, -0.7758339047431946
6, 944, 216, -0.7762956619262695
7, 1099, 235, -0.522685706615448
8, 927, 242, -0.528037428855896
9, 1049, 299, -0.6984025835990906
10, 971, 303, -0.6997628808021545
11, 1261, 508, -0.3174460828304291
12, 783, 516, -0.33341261744499207
13, 1330, 858, -0.19569115340709686
14, 701, 856, -0.19575592875480652
15, 1330, 1117, -0.4443260431289673
16, 728, 1128, -0.4675498306751251
17, 1353, 1231, -0.5212429761886597
18, 721, 1214, -0.5397258400917053
19, 1327, 1220, -0.581174910068512
20, 764, 1214, -0.6001921892166138
21, 1304, 1184, -0.46888867020606995
22, 770, 1150, -0.4959602355957031
23, 1178, 1152, -0.019204156473279
24, 882, 1159, 0.019891031086444855
25, 1175, 1654, 0.14694449305534363
26, 863, 1638, 0.1600252091884613
27, 1173, 2070, 0.6738898158073425
28, 872, 2060, 0.6057461500167847
29, 1175, 2133, 0.7143264412879944
30, 876, 2125, 0.6421881914138794
31, 1134, 2224, 0.4156559109687805
32, 906, 2210, 0.3109917938709259
0, 1006, 251, -0.76813143491745
1, 1036, 208, -0.7409304976463318
2, 1057, 209, -0.7411265969276428
3, 1073, 210, -0.7413724064826965
4, 977, 211, -0.7444542050361633
5, 958, 214, -0.7446398138999939
6, 943, 217, -0.745093584060669
7, 1098, 235, -0.49097388982772827
8, 926, 242, -0.49858230352401733
9, 1047, 299, -0.6680234670639038
10, 969, 304, -0.6700922250747681
11, 1261, 507, -0.29282835125923157
12, 782, 516, -0.31324175000190735
13, 1329, 854, -0.17906886339187622
14, 708, 857, -0.2045147567987442
15, 1329, 1111, -0.4322780966758728
16, 732, 1112, -0.451299786567688
17, 1351, 1223, -0.5055925846099854
18, 732, 1198, -0.525745153427124
19, 1324, 1207, -0.572178840637207
20, 769, 1197, -0.5889179706573486
21, 1302, 1172, -0.4641622006893158
22, 779, 1138, -0.4809378683567047
23, 1177, 1164, -0.019612755626440048
24, 876, 1162, 0.020315848290920258
25, 1164, 1652, 0.13887391984462738
26, 856, 1636, 0.1567148119211197
27, 1161, 2067, 0.6722564697265625
28, 862, 2058, 0.5939685106277466
29, 1162, 2129, 0.7117634415626526
30, 866, 2121, 0.6293736100196838
31, 1120, 2221, 0.41191089153289795
32, 892, 2207, 0.29742053151130676
0, 1005, 252, -0.7822020053863525
1, 1035, 209, -0.7526919841766357
2, 1056, 209, -0.7529188394546509
3, 1072, 211, -0.753148078918457
4, 976, 212, -0.758114218711853
5, 957, 214, -0.7582831978797913
6, 942, 217, -0.7587464451789856
7, 1097, 235, -0.49358659982681274
8, 924, 242, -0.5097683668136597
9, 1046, 300, -0.6792107820510864
10, 967, 305, -0.6837921738624573
11, 1260, 507, -0.2834733724594116
12, 780, 518, -0.32596227526664734
13, 1324, 859, -0.15955139696598053
14, 719, 869, -0.22795294225215912
15, 1340, 1117, -0.4054473638534546
16, 733, 1135, -0.4742142856121063
17, 1374, 1236, -0.473693311214447
18, 731, 1218, -0.5507392883300781
19, 1372, 1222, -0.5469297766685486
20, 761, 1197, -0.6178056001663208
21, 1341, 1190, -0.44153130054473877
22, 778, 1161, -0.4837270677089691
23, 1175, 1162, -0.019526230171322823
24, 876, 1162, 0.020234491676092148
25, 1162, 1656, 0.08498434722423553
26, 855, 1643, 0.10389411449432373
27, 1161, 2074, 0.5838134288787842
28, 862, 2067, 0.49487894773483276
29, 1163, 2134, 0.6166225075721741
30, 866, 2130, 0.5241600275039673
31, 1120, 2227, 0.3124580979347229
32, 893, 2214, 0.18821223080158234
0, 1004, 252, -0.7947319149971008
1, 1035, 209, -0.7643916606903076
2, 1055, 209, -0.7646234631538391
3, 1071, 211, -0.7648440599441528
4, 975, 212, -0.7703056931495667
5, 956, 215, -0.7704886794090271
6, 941, 218, -0.7709543108940125
7, 1096, 235, -0.5013530850410461
8, 923, 242, -0.5200628638267517
9, 1045, 300, -0.690632164478302
10, 967, 306, -0.6958578824996948
11, 1260, 507, -0.28249576687812805
12, 780, 519, -0.335870623588562
13, 1322, 863, -0.1584435999393463
14, 723, 875, -0.2477482408285141
15, 1344, 1120, -0.409244179725647
16, 733, 1139, -0.4861988425254822
17, 1380, 1238, -0.4781750738620758
18, 730, 1226, -0.5614783763885498
19, 1386, 1225, -0.5510018467903137
20, 763, 1223, -0.6485937237739563
21, 1354, 1193, -0.44561243057250977
22, 778, 1170, -0.5176087021827698
23, 1175, 1159, -0.019475877285003662
24, 875, 1173, 0.02018158510327339
25, 1162, 1658, 0.07485319674015045
26, 855, 1647, 0.09580684453248978
27, 1163, 2078, 0.5745089650154114
28, 865, 2074, 0.48637303709983826
29, 1165, 2137, 0.6070849895477295
30, 868, 2136, 0.5156480669975281
31, 1123, 2230, 0.30188092589378357
32, 898, 2219, 0.1784474104642868
0, 1004, 253, -0.8097187280654907
1, 1034, 209, -0.7794857621192932
2, 1054, 209, -0.7797223329544067
3, 1070, 211, -0.7799370288848877
4, 975, 212, -0.7843282222747803
5, 956, 215, -0.7845155000686646
6, 941, 218, -0.7849791049957275
7, 1095, 235, -0.5159972906112671
8, 922, 243, -0.529411256313324
9, 1045, 300, -0.7054773569107056
10, 967, 307, -0.7091056108474731
11, 1260, 507, -0.2997741997241974
12, 778, 521, -0.3363233804702759
13, 1325, 867, -0.18765980005264282
14, 723, 881, -0.2478274554014206
15, 1351, 1127, -0.45174258947372437
16, 721, 1163, -0.49151912331581116
17, 1384, 1245, -0.5238081216812134
18, 710, 1251, -0.5674161911010742
19, 1358, 1240, -0.6032034158706665
20, 736, 1232, -0.6556708812713623
21, 1361, 1205, -0.49241408705711365
22, 754, 1194, -0.5263051390647888
23, 1175, 1180, -0.021311568096280098
24, 870, 1184, 0.022143878042697906
25, 1161, 1672, 0.0713493824005127
26, 853, 1661, 0.09744508564472198
27, 1160, 2097, 0.5725384950637817
28, 861, 2094, 0.4914858043193817
29, 1163, 2159, 0.6045824289321899
30, 863, 2160, 0.5205878615379333
31, 1121, 2250, 0.29059362411499023
32, 894, 2241, 0.1745406985282898
0, 1004, 253, -0.8130372166633606
1, 1034, 209, -0.7815930247306824
2, 1054, 210, -0.7818455100059509
3, 1070, 211, -0.7820753455162048
4, 975, 212, -0.7871080040931702
5, 956, 215, -0.7872904539108276
6, 940, 218, -0.7877511978149414
7, 1094, 235, -0.5142812728881836
8, 921, 243, -0.5307095646858215
9, 1045, 300, -0.7073561549186707
10, 967, 307, -0.7118979692459106
11, 1260, 507, -0.2967745065689087
12, 777, 523, -0.3363262116909027
13, 1327, 869, -0.18914932012557983
14, 722, 884, -0.24986150860786438
15, 1354, 1127, -0.4589991271495819
16, 717, 1169, -0.4975682199001312
17, 1386, 1243, -0.5332119464874268
18, 702, 1264, -0.5744582414627075
19, 1390, 1238, -0.6107151508331299
20, 729, 1242, -0.6650897860527039
21, 1365, 1206, -0.49929100275039673
22, 746, 1207, -0.5390613079071045
23, 1174, 1192, -0.021479276940226555
24, 867, 1193, 0.022369347512722015
25, 1160, 1684, 0.07078980654478073
26, 852, 1674, 0.09542693197727203
27, 1159, 2112, 0.5788080096244812
28, 859, 2112, 0.4943549335002899
29, 1162, 2176, 0.6116291284561157
30, 861, 2179, 0.5239730477333069
31, 1120, 2267, 0.2981860041618347
32, 894, 2260, 0.17526745796203613
0, 1004, 253, -0.8655945658683777
1, 1034, 209, -0.8340680003166199
2, 1054, 210, -0.8342946171760559
3, 1070, 211, -0.8345258235931396
4, 975, 213, -0.8407960534095764
5, 956, 215, -0.8410390615463257
6, 940, 218, -0.8414774537086487
7, 1094, 235, -0.5638482570648193
8, 921, 243, -0.5881516337394714
9, 1045, 300, -0.7582414150238037
10, 967, 308, -0.765058696269989
11, 1259, 507, -0.33154088258743286
12, 776, 524, -0.3820284605026245
13, 1327, 869, -0.21604403853416443
14, 720, 890, -0.298469215631485
15, 1370, 1120, -0.48065799474716187
16, 717, 1168, -0.5479503273963928
17, 1442, 1234, -0.5506254434585571
18, 706, 1256, -0.6215119957923889
19, 1431, 1228, -0.6259724497795105
20, 730, 1232, -0.7004327178001404
21, 1397, 1197, -0.5192152857780457
22, 746, 1199, -0.5845710039138794
23, 1174, 1192, -0.020910736173391342
24, 868, 1193, 0.021812809631228447
25, 1160, 1683, 0.04830589145421982
26, 855, 1671, 0.060646671801805496
27, 1161, 2108, 0.5595747828483582
28, 863, 2107, 0.4572668969631195
29, 1165, 2170, 0.5924535989761353
30, 864, 2174, 0.48609188199043274
31, 1125, 2263, 0.28458067774772644
32, 900, 2254, 0.14341513812541962
0, 1004, 253, -0.867102324962616
1, 1034, 210, -0.8355184197425842
2, 1054, 210, -0.8357445001602173
3, 1070, 211, -0.8359642028808594
4, 975, 213, -0.84160315990448
5, 956, 215, -0.8418500423431396
6, 940, 218, -0.8422870635986328
7, 1094, 235, -0.5659440755844116
8, 920, 243, -0.587772786617279
9, 1045, 301, -0.7600305676460266
10, 967, 308, -0.7661929726600647
11, 1258, 507, -0.3354306221008301
12, 775, 525, -0.3792816698551178
13, 1328, 868, -0.2254529446363449
14, 719, 891, -0.2974110245704651
15, 1374, 1116, -0.4942013621330261
16, 715, 1160, -0.5524562001228333
17, 1448, 1229, -0.5641269087791443
18, 706, 1251, -0.6264060735702515
19, 1435, 1223, -0.6383207440376282
20, 728, 1227, -0.7011674046516418
21, 1400, 1192, -0.5320408940315247
22, 744, 1194, -0.5874829888343811
23, 1172, 1191, -0.0207966435700655
24, 868, 1193, 0.021709352731704712
25, 1159, 1681, 0.027504177764058113
26, 855, 1667, 0.036797646433115005
27, 1162, 2105, 0.5355846285820007
28, 864, 2103, 0.42752915620803833
29, 1166, 2167, 0.5677650570869446
30, 865, 2169, 0.4552709460258484
31, 1126, 2259, 0.25953054428100586
32, 902, 2249, 0.11158677935600281
0, 1005, 254, -0.8602904081344604
1, 1034, 210, -0.8288866281509399
2, 1054, 210, -0.8291140794754028
3, 1070, 211, -0.8293379545211792
4, 975, 213, -0.8352241516113281
5, 956, 216, -0.835445761680603
6, 940, 219, -0.8358823657035828
7, 1094, 236, -0.5590865015983582
8, 920, 244, -0.5807207226753235
9, 1045, 301, -0.753029465675354
10, 967, 308, -0.759151816368103
11, 1259, 508, -0.33007118105888367
12, 775, 526, -0.37533995509147644
13, 1330, 870, -0.2192642092704773
14, 718, 891, -0.2914893925189972
15, 1380, 1115, -0.4870728552341461
16, 710, 1165, -0.5492640733718872
17, 1452, 1232, -0.5581458806991577
18, 706, 1257, -0.6236751079559326
19, 1436, 1225, -0.6286860704421997
20, 728, 1232, -0.6981208324432373
21, 1402, 1196, -0.523008406162262
22, 743, 1199, -0.5840117335319519
23, 1172, 1194, -0.02079174295067787
24, 868, 1196, 0.021720778197050095
25, 1163, 1686, 0.04343491047620773
26, 860, 1673, 0.05868000537157059
27, 1169, 2113, 0.553114116191864
28, 870, 2112, 0.4550548493862152
29, 1174, 2176, 0.5863845348358154
30, 871, 2179, 0.4843675196170807
31, 1134, 2268, 0.2790527641773224
32, 908, 2258, 0.14362956583499908
0, 1005, 254, -0.8665382862091064
1, 1034, 210, -0.8358545303344727
2, 1054, 210, -0.8360790014266968
3, 1070, 211, -0.8363158702850342
4, 975, 213, -0.8422471880912781
5, 956, 216, -0.8424814939498901
6, 940, 219, -0.8429282307624817
7, 1094, 236, -0.5673302412033081
8, 920, 244, -0.5889337658882141
9, 1045, 301, -0.759370744228363
10, 967, 308, -0.7654906511306763
11, 1259, 508, -0.3386175334453583
12, 774, 527, -0.38127264380455017
13, 1332, 871, -0.22692660987377167
14, 717, 893, -0.29412972927093506
15, 1380, 1114, -0.49221187829971313
16, 707, 1172, -0.5492371320724487
17, 1448, 1231, -0.562809944152832
18, 704, 1264, -0.6233642101287842
19, 1431, 1225, -0.6344711780548096
20, 726, 1239, -0.6972532868385315
21, 1397, 1195, -0.528720498085022
22, 742, 1206, -0.5837889313697815
23, 1172, 1196, -0.02084287814795971
24, 868, 1199, 0.021786244586110115
25, 1165, 1690, 0.04971276596188545
26, 862, 1676, 0.06649382412433624
27, 1174, 2117, 0.5598784685134888
28, 874, 2113, 0.46496617794036865
29, 1179, 2180, 0.593048632144928
30, 874, 2181, 0.4944958984851837
31, 1139, 2272, 0.28392770886421204
32, 912, 2259, 0.15337520837783813
0, 1006, 257, -0.878041684627533
1, 1034, 212, -0.8472086787223816
2, 1054, 212, -0.8474311828613281
3, 1070, 212, -0.8476728796958923
4, 976, 216, -0.8552416563034058
5, 957, 219, -0.8555020689964294
6, 940, 221, -0.855948269367218
7, 1094, 236, -0.5737874507904053
8, 920, 245, -0.6036775708198547
9, 1046, 303, -0.7685310244560242
10, 969, 311, -0.7770195007324219
11, 1259, 508, -0.34159767627716064
12, 774, 528, -0.39413630962371826
13, 1333, 872, -0.22482942044734955
14, 717, 893, -0.31091463565826416
15, 1377, 1114, -0.4888310134410858
16, 707, 1176, -0.565839946269989
17, 1444, 1232, -0.5593331456184387
18, 702, 1266, -0.6398473978042603
19, 1428, 1226, -0.6308372616767883
20, 725, 1242, -0.7140328884124756
21, 1394, 1196, -0.5252061486244202
22, 741, 1209, -0.6003419160842896
23, 1173, 1200, -0.020352231338620186
24, 868, 1203, 0.021294452250003815
25, 1168, 1693, 0.05156855657696724
26, 864, 1678, 0.0681782141327858
27, 1179, 2119, 0.5603670477867126
28, 878, 2113, 0.47050946950912476
29, 1184, 2181, 0.5950340032577515
30, 878, 2179, 0.4999697506427765
31, 1146, 2274, 0.2845095694065094
32, 920, 2260, 0.1592778116464615
0, 1006, 259, -0.8941811323165894
1, 1034, 213, -0.8630279302597046
2, 1054, 212, -0.8632484078407288
3, 1070, 213, -0.8634708523750305
4, 976, 218, -0.8706592321395874
5, 957, 220, -0.870937168598175
6, 940, 223, -0.8713832497596741
7, 1094, 236, -0.5875927209854126
8, 920, 246, -0.6168582439422607
9, 1046, 304, -0.7839139103889465
10, 970, 312, -0.7922915816307068
11, 1259, 508, -0.3510376513004303
12, 774, 528, -0.40227633714675903
13, 1333, 872, -0.23565034568309784
14, 716, 892, -0.32254892587661743
15, 1376, 1114, -0.5037010312080383
16, 704, 1169, -0.5800350904464722
17, 1446, 1233, -0.5734562277793884
18, 700, 1261, -0.6543819904327393
19, 1431, 1227, -0.648257315158844
20, 722, 1237, -0.7285918593406677
21, 1396, 1197, -0.5414530038833618
22, 738, 1204, -0.6147704720497131
23, 1173, 1200, -0.020081423223018646
24, 868, 1202, 0.02103768102824688
25, 1166, 1691, 0.027465563267469406
26, 864, 1677, 0.037208423018455505
27, 1179, 2116, 0.5424899458885193
28, 878, 2110, 0.4360109567642212
29, 1184, 2178, 0.5756815075874329
30, 878, 2177, 0.4646456837654114
31, 1145, 2271, 0.265868604183197
32, 919, 2257, 0.12097099423408508
0, 1006, 259, -0.8882659077644348
1, 1035, 213, -0.8573558330535889
2, 1055, 213, -0.8575714230537415
3, 1070, 213, -0.8577991127967834
4, 976, 218, -0.8638695478439331
5, 957, 221, -0.8641330003738403
6, 940, 223, -0.8645893931388855
7, 1094, 236, -0.5852814316749573
8, 921, 247, -0.608797013759613
9, 1046, 305, -0.7797629833221436
10, 970, 313, -0.7864376902580261
11, 1259, 508, -0.3530561625957489
12, 775, 528, -0.39686280488967896
13, 1333, 874, -0.24075524508953094
14, 716, 892, -0.3162444829940796
15, 1375, 1116, -0.5075458288192749
16, 702, 1165, -0.5735899806022644
17, 1421, 1232, -0.5784012675285339
18, 700, 1257, -0.648333728313446
19, 1424, 1227, -0.6523466110229492
20, 723, 1234, -0.722126841545105
21, 1392, 1197, -0.5450507402420044
22, 739, 1200, -0.6082273721694946
23, 1173, 1198, -0.02005687914788723
24, 869, 1200, 0.021014226600527763
25, 1168, 1690, 0.03279394656419754
26, 867, 1675, 0.043759215623140335
27, 1182, 2116, 0.5446943640708923
28, 881, 2109, 0.44078540802001953
29, 1187, 2178, 0.5772449970245361
30, 881, 2176, 0.4694867432117462
31, 1147, 2271, 0.2626800239086151
32, 922, 2256, 0.12208998203277588
0, 1006, 259, -0.8856894969940186
1, 1035, 213, -0.8547394275665283
2, 1055, 213, -0.8549544811248779
3, 1070, 213, -0.8551846146583557
4, 976, 218, -0.8610231876373291
5, 957, 221, -0.8612842559814453
6, 940, 224, -0.8617429137229919
7, 1095, 236, -0.5834258794784546
8, 921, 248, -0.6056879758834839
9, 1046, 305, -0.7776151895523071
10, 971, 313, -0.7839257121086121
11, 1260, 508, -0.352569043636322
12, 775, 528, -0.3947332501411438
13, 1334, 876, -0.24157002568244934
14, 715, 892, -0.31383731961250305
15, 1374, 1117, -0.5079106688499451
16, 702, 1163, -0.5711332559585571
17, 1408, 1232, -0.5790572762489319
18, 701, 1255, -0.6461120843887329
19, 1420, 1227, -0.6525402665138245
20, 723, 1232, -0.7199957966804504
21, 1389, 1197, -0.545246422290802
22, 739, 1198, -0.6058748364448547
23, 1173, 1197, -0.020036811009049416
24, 870, 1199, 0.020995033904910088
25, 1169, 1690, 0.035315558314323425
26, 868, 1675, 0.04645376279950142
27, 1183, 2116, 0.5462327599525452
28, 883, 2109, 0.4430321455001831
29, 1188, 2178, 0.5786206722259521
30, 883, 2175, 0.47175946831703186
31, 1147, 2270, 0.2632350027561188
32, 923, 2255, 0.12377037853002548
0, 1006, 259, -0.9142411351203918
1, 1035, 213, -0.8838308453559875
2, 1055, 213, -0.8840325474739075
3, 1070, 213, -0.8842393755912781
4, 976, 218, -0.8897905945777893
5, 957, 221, -0.890058159828186
6, 940, 224, -0.8905287384986877
7, 1095, 236, -0.608742892742157
8, 921, 248, -0.6299638152122498
9, 1047, 305, -0.804213285446167
10, 971, 313, -0.8103301525115967
11, 1260, 508, -0.3699541687965393
12, 776, 527, -0.4153074324131012
13, 1332, 876, -0.24956154823303223
14, 715, 890, -0.3370371460914612
15, 1373, 1126, -0.5055183172225952
16, 698, 1161, -0.591877281665802
17, 1405, 1240, -0.575480043888092
18, 695, 1254, -0.6668106913566589
19, 1421, 1240, -0.6487544775009155
20, 717, 1231, -0.7425776124000549
21, 1389, 1210, -0.5429748296737671
22, 734, 1198, -0.6279141902923584
23, 1173, 1196, -0.020025404170155525
24, 872, 1142, 0.020982680842280388
25, 1169, 1689, 0.026981424540281296
26, 868, 1669, 0.029813019558787346
27, 1182, 2115, 0.5483755469322205
28, 882, 2107, 0.43895623087882996
29, 1187, 2178, 0.5812826752662659
30, 882, 2175, 0.4687475264072418
31, 1147, 2270, 0.26355215907096863
32, 922, 2253, 0.11460886150598526
