0, 996, 270, -0.8517544865608215
1, 1030, 222, -0.8225595355033875
2, 1048, 222, -0.822666585445404
3, 1067, 221, -0.822913408279419
4, 962, 227, -0.8248426914215088
5, 940, 229, -0.8247020244598389
6, 922, 232, -0.8251373171806335
7, 1096, 246, -0.5473150014877319
8, 899, 257, -0.548654317855835
9, 1037, 318, -0.7419582009315491
10, 954, 325, -0.7427312135696411
11, 1262, 549, -0.3379766047000885
12, 758, 526, -0.3380127549171448
13, 1321, 929, -0.18876995146274567
14, 687, 907, -0.19849780201911926
15, 1383, 1227, -0.38099586963653564
16, 652, 1183, -0.4351274073123932
17, 1432, 1365, -0.43718814849853516
18, 637, 1285, -0.49664217233657837
19, 1398, 1376, -0.5062825679779053
20, 665, 1282, -0.579662024974823
21, 1369, 1327, -0.4159384071826935
22, 677, 1242, -0.474453866481781
23, 1145, 1248, -0.0498613566160202
24, 840, 1238, 0.05187873914837837
25, 1124, 1798, 0.07119477540254593
26, 787, 1802, 0.2137409895658493
27, 1104, 2272, 0.5710825324058533
28, 778, 2294, 0.65540611743927
29, 1107, 2345, 0.6016678214073181
30, 779, 2374, 0.6866992115974426
31, 1049, 2444, 0.23417240381240845
32, 802, 2449, 0.2773323059082031
0, 996, 272, -0.9411038160324097
1, 1029, 224, -0.9102093577384949
2, 1048, 223, -0.9104440808296204
3, 1067, 222, -0.9105744957923889
4, 962, 229, -0.9173097610473633
5, 941, 230, -0.9172458648681641
6, 922, 233, -0.9177738428115845
7, 1095, 246, -0.6068827509880066
8, 900, 257, -0.6268405318260193
9, 1037, 320, -0.8201702833175659
10, 955, 326, -0.8266096115112305
11, 1261, 542, -0.36033186316490173
12, 758, 527, -0.40440449118614197
13, 1321, 923, -0.21902067959308624
14, 687, 911, -0.2982744872570038
15, 1383, 1195, -0.4841465353965759
16, 653, 1189, -0.5904384255409241
17, 1432, 1323, -0.5597310662269592
18, 638, 1299, -0.6706504821777344
19, 1405, 1322, -0.6402236223220825
20, 666, 1288, -0.7615055441856384
21, 1375, 1285, -0.527065634727478
22, 680, 1248, -0.6346517205238342
23, 1148, 1243, -0.048542119562625885
24, 851, 1240, 0.0506003238260746
25, 1170, 1794, 0.05006292834877968
26, 829, 1802, 0.20413914322853088
27, 1166, 2272, 0.5573173761367798
28, 832, 2294, 0.6614196300506592
29, 1170, 2344, 0.5853933691978455
30, 833, 2374, 0.6960060000419617
31, 1115, 2444, 0.18980799615383148
32, 867, 2448, 0.27697864174842834
0, 996, 273, -0.9124510884284973
1, 1029, 225, -0.8847014307975769
2, 1048, 224, -0.8847388029098511
3, 1066, 223, -0.8850202560424805
4, 962, 230, -0.8877678513526917
5, 942, 231, -0.8876579403877258
6, 923, 233, -0.8881024122238159
7, 1094, 246, -0.5764485001564026
8, 901, 257, -0.6246878504753113
9, 1037, 321, -0.8018753528594971
10, 955, 327, -0.8024100065231323
11, 1260, 539, -0.31856414675712585
12, 758, 527, -0.39516541361808777
13, 1322, 921, -0.1954134851694107
14, 686, 912, -0.2771826386451721
15, 1383, 1194, -0.4709814488887787
16, 653, 1188, -0.5808659195899963
17, 1429, 1316, -0.5493890047073364
18, 638, 1299, -0.6681186556816101
19, 1406, 1312, -0.6310303807258606
20, 666, 1281, -0.7566556334495544
21, 1375, 1278, -0.5150915384292603
22, 680, 1243, -0.6253892779350281
23, 1148, 1236, -0.04467485100030899
24, 852, 1241, 0.0467711016535759
25, 1166, 1790, 0.05579822510480881
26, 825, 1799, 0.181366428732872
27, 1158, 2269, 0.5749037265777588
28, 826, 2286, 0.6416459679603577
29, 1161, 2339, 0.6027430891990662
30, 826, 2363, 0.6771032810211182
31, 1107, 2438, 0.19078299403190613
32, 860, 2434, 0.25001245737075806
0, 996, 273, -0.9009341597557068
1, 1029, 226, -0.865624725818634
2, 1048, 225, -0.8660151362419128
3, 1066, 224, -0.8661327362060547
4, 963, 230, -0.8723857402801514
5, 942, 232, -0.8723952770233154
6, 923, 234, -0.8730049133300781
7, 1093, 246, -0.5483300089836121
8, 902, 257, -0.5817983150482178
9, 1037, 322, -0.7796187996864319
10, 955, 328, -0.7844554781913757
11, 1260, 538, -0.3008590340614319
12, 758, 527, -0.3705035150051117
13, 1322, 919, -0.1834666132926941
14, 686, 913, -0.2656072676181793
15, 1381, 1194, -0.4655073881149292
16, 652, 1187, -0.5691715478897095
17, 1426, 1314, -0.5442861318588257
18, 638, 1298, -0.6570039987564087
19, 1406, 1311, -0.6254228949546814
20, 666, 1275, -0.7438730597496033
21, 1375, 1277, -0.5093963742256165
22, 680, 1238, -0.6129880547523499
23, 1148, 1229, -0.04295205697417259
24, 851, 1241, 0.04500661417841911
25, 1163, 1788, 0.05816550552845001
26, 824, 1796, 0.17713992297649384
27, 1153, 2266, 0.579154372215271
28, 824, 2279, 0.6362136602401733
29, 1156, 2334, 0.6075006723403931
30, 824, 2354, 0.6716614365577698
31, 1102, 2433, 0.19738245010375977
32, 859, 2425, 0.24916315078735352
0, 996, 273, -0.8979178071022034
1, 1029, 226, -0.8650714755058289
2, 1048, 225, -0.8653979897499084
3, 1066, 224, -0.8655169010162354
4, 963, 231, -0.871613085269928
5, 943, 232, -0.871580958366394
6, 923, 234, -0.8721431493759155
7, 1093, 246, -0.5580527782440186
8, 903, 257, -0.5841557383537292
9, 1037, 322, -0.7785653471946716
10, 955, 328, -0.7839009165763855
11, 1260, 535, -0.3049725294113159
12, 758, 528, -0.37094366550445557
13, 1322, 915, -0.19512051343917847
14, 686, 913, -0.27224573493003845
15, 1380, 1186, -0.4764799475669861
16, 653, 1187, -0.5670142769813538
17, 1424, 1310, -0.5544919967651367
18, 638, 1298, -0.6499654054641724
19, 1406, 1307, -0.6334355473518372
20, 667, 1276, -0.7377294898033142
21, 1375, 1272, -0.5192341208457947
22, 681, 1239, -0.6105218529701233
23, 1150, 1221, -0.042911943048238754
24, 856, 1243, 0.04495566710829735
25, 1172, 1785, 0.05262541398406029
26, 836, 1794, 0.17958010733127594
27, 1164, 2265, 0.5684586763381958
28, 836, 2278, 0.6382246613502502
29, 1167, 2332, 0.596659779548645
30, 837, 2353, 0.6730306148529053
31, 1113, 2432, 0.199490487575531
32, 873, 2423, 0.2519165575504303
0, 996, 273, -0.8824737668037415
1, 1029, 226, -0.8494892120361328
2, 1048, 225, -0.8499040603637695
3, 1065, 225, -0.8500957489013672
4, 963, 231, -0.8552801609039307
5, 943, 232, -0.855272114276886
6, 923, 234, -0.8558512330055237
7, 1092, 247, -0.5479397177696228
8, 903, 257, -0.5662166476249695
9, 1037, 322, -0.7635015249252319
10, 955, 328, -0.7681669592857361
11, 1259, 534, -0.30722174048423767
12, 758, 528, -0.3549880385398865
13, 1322, 915, -0.19161367416381836
14, 685, 913, -0.26366618275642395
15, 1376, 1188, -0.46165841817855835
16, 653, 1189, -0.5479602217674255
17, 1410, 1308, -0.5354374051094055
18, 638, 1299, -0.6289309859275818
19, 1402, 1312, -0.612402617931366
20, 667, 1278, -0.7151302099227905
21, 1371, 1275, -0.5027809739112854
22, 682, 1241, -0.5904496908187866
23, 1151, 1222, -0.04300342872738838
24, 856, 1245, 0.04503556340932846
25, 1169, 1786, 0.05385784059762955
26, 834, 1794, 0.18239594995975494
27, 1161, 2265, 0.5498260855674744
28, 835, 2277, 0.6299922466278076
29, 1164, 2333, 0.5764841437339783
30, 834, 2352, 0.663835346698761
31, 1109, 2432, 0.1910003125667572
32, 872, 2422, 0.2530321776866913
0, 996, 274, -0.8702611923217773
1, 1029, 227, -0.8373749852180481
2, 1048, 226, -0.8377910256385803
3, 1065, 225, -0.8380146026611328
4, 963, 231, -0.8428023457527161
5, 943, 232, -0.8427959680557251
6, 923, 234, -0.8433582186698914
7, 1092, 247, -0.540093183517456
8, 903, 257, -0.5547741055488586
9, 1037, 323, -0.7523097991943359
10, 955, 328, -0.7566681504249573
11, 1259, 533, -0.307333379983902
12, 758, 528, -0.3452625572681427
13, 1322, 915, -0.18855945765972137
14, 685, 914, -0.26066696643829346
15, 1372, 1191, -0.4570358395576477
16, 653, 1199, -0.538666307926178
17, 1411, 1310, -0.5271077156066895
18, 636, 1301, -0.617691695690155
19, 1399, 1313, -0.6033353209495544
20, 666, 1281, -0.7034378051757812
21, 1367, 1276, -0.49750417470932007
22, 681, 1244, -0.5808635950088501
23, 1151, 1225, -0.043066419661045074
24, 855, 1249, 0.045082978904247284
25, 1168, 1789, 0.054871559143066406
26, 832, 1795, 0.18389777839183807
27, 1158, 2267, 0.5467092394828796
28, 832, 2277, 0.6302270293235779
29, 1161, 2336, 0.5736423134803772
30, 831, 2353, 0.6638438105583191
31, 1106, 2433, 0.19266101717948914
32, 867, 2423, 0.2541005611419678
0, 996, 274, -0.8934342861175537
1, 1029, 227, -0.8611200451850891
2, 1048, 226, -0.8614846467971802
3, 1065, 225, -0.8616819977760315
4, 963, 231, -0.8671779632568359
5, 943, 232, -0.867201030254364
6, 923, 234, -0.8677560091018677
7, 1092, 247, -0.5616418123245239
8, 903, 257, -0.5787412524223328
9, 1037, 323, -0.7745141386985779
10, 955, 328, -0.7798207402229309
11, 1258, 533, -0.32684898376464844
12, 757, 528, -0.3621455430984497
13, 1322, 915, -0.20418807864189148
14, 684, 914, -0.27558964490890503
15, 1369, 1194, -0.4682668149471283
16, 652, 1199, -0.5624787211418152
17, 1409, 1312, -0.5425554513931274
18, 636, 1303, -0.6447587609291077
19, 1396, 1315, -0.6197460293769836
20, 665, 1283, -0.7319928407669067
21, 1364, 1276, -0.5089801549911499
22, 681, 1246, -0.6053375005722046
23, 1151, 1227, -0.043094322085380554
24, 854, 1250, 0.04508378356695175
25, 1167, 1789, 0.05994880571961403
26, 831, 1795, 0.18403662741184235
27, 1157, 2268, 0.5664494037628174
28, 831, 2277, 0.642160177230835
29, 1160, 2336, 0.5949784517288208
30, 831, 2353, 0.6774015426635742
31, 1104, 2433, 0.21264338493347168
32, 865, 2424, 0.267819881439209
0, 996, 274, -0.8535661101341248
1, 1029, 227, -0.8211926221847534
2, 1048, 226, -0.8215731978416443
3, 1065, 225, -0.8218110799789429
4, 963, 231, -0.8264162540435791
5, 943, 232, -0.82637619972229
6, 923, 234, -0.8269255757331848
7, 1092, 247, -0.530401885509491
8, 903, 257, -0.543260931968689
9, 1037, 323, -0.7382667064666748
10, 955, 328, -0.7424291968345642
11, 1258, 533, -0.30367976427078247
12, 757, 528, -0.34393465518951416
13, 1322, 916, -0.17952460050582886
14, 684, 914, -0.26990726590156555
15, 1368, 1199, -0.4309239387512207
16, 647, 1200, -0.5602137446403503
17, 1412, 1316, -0.5032574534416199
18, 628, 1306, -0.6390545964241028
19, 1397, 1318, -0.5788240432739258
20, 660, 1287, -0.727197527885437
21, 1364, 1281, -0.47118085622787476
22, 677, 1250, -0.6035528182983398
23, 1151, 1229, -0.042594049125909805
24, 852, 1251, 0.04454825818538666
25, 1162, 1793, 0.06533397734165192
26, 829, 1796, 0.18177270889282227
27, 1152, 2273, 0.5656395554542542
28, 827, 2277, 0.621296226978302
29, 1155, 2343, 0.5937622785568237
30, 825, 2353, 0.655082643032074
31, 1098, 2436, 0.21352307498455048
32, 863, 2424, 0.2542818784713745
0, 996, 274, -0.8290570378303528
1, 1029, 227, -0.7967520356178284
2, 1048, 226, -0.7971178293228149
3, 1065, 225, -0.7973501086235046
4, 963, 231, -0.802157998085022
5, 943, 232, -0.8020802736282349
6, 923, 234, -0.8026196956634521
7, 1092, 247, -0.5095005631446838
8, 903, 257, -0.5231339931488037
9, 1037, 323, -0.7150848507881165
10, 955, 327, -0.7195449471473694
11, 1258, 532, -0.2855486273765564
12, 757, 528, -0.3333800733089447
13, 1322, 916, -0.15759658813476562
14, 684, 914, -0.26221367716789246
15, 1368, 1201, -0.39900413155555725
16, 645, 1207, -0.5456610918045044
17, 1414, 1317, -0.4683181345462799
18, 625, 1306, -0.6282146573066711
19, 1398, 1318, -0.5431938767433167
20, 657, 1288, -0.712424635887146
21, 1365, 1282, -0.4389226734638214
22, 675, 1252, -0.5881766676902771
23, 1151, 1230, -0.04126271978020668
24, 851, 1252, 0.04320426657795906
25, 1159, 1795, 0.07118870317935944
26, 827, 1796, 0.18272921442985535
27, 1148, 2274, 0.5655067563056946
28, 824, 2278, 0.6211339831352234
29, 1151, 2345, 0.5935366153717041
30, 821, 2353, 0.6549829840660095
31, 1093, 2437, 0.21657513082027435
32, 862, 2424, 0.255121111869812
0, 996, 274, -0.837037980556488
1, 1029, 227, -0.8049720525741577
2, 1048, 226, -0.8053171038627625
3, 1065, 225, -0.8055355548858643
4, 963, 231, -0.8100491762161255
5, 943, 232, -0.8099700808525085
6, 923, 234, -0.8105065822601318
7, 1092, 247, -0.5142596960067749
8, 903, 257, -0.5259633660316467
9, 1037, 323, -0.721548855304718
10, 955, 327, -0.7254752516746521
11, 1258, 532, -0.280374139547348
12, 757, 528, -0.3271998167037964
13, 1323, 911, -0.14858171343803406
14, 684, 913, -0.25266754627227783
15, 1368, 1198, -0.40608787536621094
16, 645, 1190, -0.5414705872535706
17, 1414, 1315, -0.4761005640029907
18, 626, 1292, -0.6222931146621704
19, 1398, 1316, -0.5492134094238281
20, 657, 1271, -0.7068290710449219
21, 1365, 1279, -0.44621774554252625
22, 675, 1235, -0.5839127898216248
23, 1147, 1229, -0.03968845307826996
24, 843, 1245, 0.04162827506661415
25, 1142, 1791, 0.08065573126077652
26, 814, 1789, 0.18392354249954224
27, 1130, 2267, 0.5663557052612305
28, 809, 2270, 0.622247576713562
29, 1133, 2337, 0.5940111875534058
30, 806, 2346, 0.6559118032455444
31, 1074, 2429, 0.2174510806798935
32, 846, 2417, 0.25763997435569763
0, 996, 274, -0.8317281603813171
1, 1029, 227, -0.7998301982879639
2, 1048, 226, -0.800191342830658
3, 1065, 225, -0.8004177212715149
4, 963, 231, -0.8043493032455444
5, 943, 232, -0.8042694926261902
6, 923, 234, -0.8048139214515686
7, 1092, 247, -0.5084637999534607
8, 903, 257, -0.517105758190155
9, 1037, 323, -0.7158705592155457
10, 955, 327, -0.7188073992729187
11, 1258, 532, -0.2763608992099762
12, 757, 527, -0.31902170181274414
13, 1324, 907, -0.15134137868881226
14, 684, 912, -0.24698403477668762
15, 1368, 1190, -0.407785564661026
16, 645, 1183, -0.5387662649154663
17, 1414, 1312, -0.4794176518917084
18, 626, 1287, -0.6211463809013367
19, 1398, 1311, -0.5560327768325806
20, 657, 1265, -0.7055778503417969
21, 1365, 1275, -0.44691821932792664
22, 675, 1230, -0.5810930728912354
23, 1144, 1226, -0.03983562812209129
24, 841, 1241, 0.04177479073405266
25, 1138, 1788, 0.0802648589015007
26, 812, 1786, 0.18982520699501038
27, 1126, 2265, 0.56159907579422
28, 806, 2268, 0.6345985531806946
29, 1128, 2335, 0.5887432098388672
30, 803, 2343, 0.6691007018089294
31, 1070, 2427, 0.21129609644412994
32, 841, 2415, 0.2671820819377899
0, 995, 273, -0.9445742964744568
1, 1028, 226, -0.9171574711799622
2, 1048, 225, -0.9172804951667786
3, 1065, 225, -0.9174235463142395
4, 963, 231, -0.9232431054115295
5, 943, 232, -0.9232197999954224
6, 923, 233, -0.9236432313919067
7, 1092, 247, -0.6300811767578125
8, 904, 256, -0.646781325340271
9, 1037, 322, -0.8292624950408936
10, 955, 327, -0.8345670700073242
11, 1259, 532, -0.4073733389377594
12, 757, 531, -0.42281171679496765
13, 1328, 913, -0.241591215133667
14, 680, 918, -0.3013664484024048
15, 1358, 1202, -0.41603612899780273
16, 645, 1216, -0.5468088984489441
17, 1392, 1329, -0.48242780566215515
18, 626, 1327, -0.6197516918182373
19, 1370, 1332, -0.5587894320487976
20, 659, 1309, -0.7047101259231567
21, 1341, 1294, -0.4486261010169983
22, 677, 1259, -0.5872108340263367
23, 1144, 1234, -0.04039442911744118
24, 842, 1251, 0.04220042750239372
25, 1139, 1790, 0.10465386509895325
26, 811, 1792, 0.2057892382144928
27, 1126, 2269, 0.6200643181800842
28, 805, 2274, 0.6597161889076233
29, 1129, 2337, 0.6510947346687317
30, 803, 2348, 0.6942870020866394
31, 1070, 2438, 0.2770378887653351
32, 837, 2426, 0.29003602266311646
0, 995, 273, -0.9584627747535706
1, 1028, 226, -0.9302587509155273
2, 1048, 225, -0.930383563041687
3, 1065, 224, -0.9305185675621033
4, 963, 231, -0.936867892742157
5, 943, 232, -0.9368711113929749
6, 924, 233, -0.9373007416725159
7, 1092, 246, -0.6405444741249084
8, 904, 256, -0.6599432229995728
9, 1037, 322, -0.842235803604126
10, 955, 327, -0.8482910990715027
11, 1259, 532, -0.4158593714237213
12, 756, 534, -0.4358980357646942
13, 1331, 918, -0.2509506642818451
14, 678, 924, -0.31236550211906433
15, 1353, 1213, -0.4272553026676178
16, 645, 1234, -0.5557985305786133
17, 1384, 1340, -0.4879167973995209
18, 629, 1351, -0.6240958571434021
19, 1359, 1343, -0.5601406097412109
20, 664, 1332, -0.7104778289794922
21, 1332, 1305, -0.4581710398197174
22, 682, 1291, -0.5956346988677979
23, 1143, 1243, -0.04089134559035301
24, 843, 1261, 0.042592618614435196
25, 1139, 1796, 0.11038621515035629
26, 810, 1800, 0.20727261900901794
27, 1126, 2276, 0.6324717402458191
28, 805, 2284, 0.6611477732658386
29, 1129, 2343, 0.6641050577163696
30, 803, 2357, 0.6955620050430298
31, 1071, 2450, 0.2923191785812378
32, 836, 2437, 0.29100432991981506
0, 996, 273, -0.7204157114028931
1, 1028, 226, -0.6891407370567322
2, 1048, 225, -0.689356803894043
3, 1065, 225, -0.6895371675491333
4, 964, 231, -0.6983149647712708
5, 944, 232, -0.6984410881996155
6, 925, 233, -0.6989296078681946
7, 1092, 246, -0.42389431595802307
8, 905, 255, -0.45762163400650024
9, 1037, 322, -0.6154173612594604
10, 956, 327, -0.6248090267181396
11, 1259, 531, -0.21886086463928223
12, 757, 530, -0.29093801975250244
13, 1336, 884, -0.12386517971754074
14, 676, 898, -0.20479443669319153
15, 1319, 1138, -0.39618903398513794
16, 672, 1164, -0.47063148021698
17, 1329, 1241, -0.46711936593055725
18, 648, 1283, -0.5513970851898193
19, 1287, 1213, -0.5408238172531128
20, 688, 1259, -0.6158965826034546
21, 1272, 1160, -0.43226292729377747
22, 715, 1187, -0.5013654232025146
23, 1145, 1192, -0.016557937487959862
24, 848, 1208, 0.01798764243721962
25, 1137, 1775, 0.10895272344350815
26, 806, 1767, 0.057295698672533035
27, 1123, 2258, 0.5105313062667847
28, 801, 2257, 0.35513389110565186
29, 1126, 2326, 0.533782958984375
30, 800, 2328, 0.37270015478134155
31, 1068, 2427, 0.21349415183067322
32, 835, 2414, 0.00614226283505559
0, 996, 273, -0.6935634016990662
1, 1028, 226, -0.6622400283813477
2, 1048, 225, -0.662497341632843
3, 1065, 225, -0.6627009510993958
4, 964, 231, -0.6704352498054504
5, 945, 232, -0.6705655455589294
6, 926, 233, -0.6710723042488098
7, 1092, 246, -0.39755555987358093
8, 905, 255, -0.4268394112586975
9, 1037, 322, -0.5887508988380432
10, 957, 327, -0.5969762802124023
11, 1259, 528, -0.1968705654144287
12, 758, 526, -0.2548200786113739
13, 1340, 864, -0.11049430817365646
14, 675, 878, -0.17302319407463074
15, 1313, 1105, -0.39870643615722656
16, 679, 1131, -0.44571587443351746
17, 1322, 1202, -0.47207507491111755
18, 653, 1248, -0.5286732316017151
19, 1280, 1167, -0.5464229583740234
20, 692, 1222, -0.5950917601585388
21, 1263, 1123, -0.43638572096824646
22, 723, 1151, -0.4780358076095581
23, 1149, 1171, -0.011353983543813229
24, 851, 1182, 0.012758823111653328
25, 1136, 1755, 0.10198821127414703
26, 805, 1742, 0.044520024210214615
27, 1122, 2237, 0.4887407720088959
28, 800, 2231, 0.34154003858566284
29, 1125, 2304, 0.5115594863891602
30, 799, 2301, 0.3589814603328705
31, 1067, 2401, 0.18996883928775787
32, 835, 2390, -0.005731560755521059
0, 996, 276, -0.8604141473770142
1, 1028, 228, -0.8286715745925903
2, 1048, 227, -0.828786313533783
3, 1065, 226, -0.8288804888725281
4, 965, 232, -0.8322111368179321
5, 947, 233, -0.8326819539070129
6, 928, 234, -0.833243727684021
7, 1092, 247, -0.555479884147644
8, 907, 256, -0.5681684613227844
9, 1037, 324, -0.7502197027206421
10, 959, 329, -0.7541177272796631
11, 1260, 533, -0.3218754827976227
12, 758, 523, -0.31752437353134155
13, 1339, 871, -0.264689177274704
14, 662, 860, -0.24016758799552917
15, 1260, 1061, -0.5506380796432495
16, 739, 1040, -0.5042147040367126
17, 1216, 1150, -0.6243550181388855
18, 754, 1125, -0.5868194699287415
19, 1179, 1110, -0.6755442023277283
20, 791, 1099, -0.6185125708580017
21, 1179, 1074, -0.5758920907974243
22, 795, 1064, -0.5063080191612244
23, 1149, 1168, -0.013862048275768757
24, 854, 1160, 0.015020645223557949
25, 1135, 1700, -0.06104333698749542
26, 805, 1675, -0.06629564613103867
27, 1122, 2176, 0.2974705398082733
28, 801, 2170, 0.16526302695274353
29, 1123, 2240, 0.31533846259117126
30, 801, 2240, 0.1739852875471115
31, 1069, 2337, -0.014000466093420982
32, 835, 2324, -0.17585453391075134
0, 997, 278, -0.8625917434692383
1, 1029, 230, -0.8312777876853943
2, 1048, 229, -0.8314136266708374
3, 1065, 228, -0.8315020203590393
4, 966, 233, -0.8353472948074341
5, 948, 234, -0.8357529044151306
6, 929, 236, -0.8363121747970581
7, 1092, 248, -0.5584215521812439
8, 907, 258, -0.5730054378509521
9, 1037, 326, -0.7528606653213501
10, 961, 330, -0.7573919296264648
11, 1260, 535, -0.3305395245552063
12, 760, 520, -0.31823891401290894
13, 1339, 875, -0.26965856552124023
14, 654, 852, -0.2530418634414673
15, 1251, 1051, -0.562959611415863
16, 743, 1015, -0.5346747636795044
17, 1205, 1142, -0.6388500332832336
18, 763, 1100, -0.6175367832183838
19, 1167, 1105, -0.6889142990112305
20, 799, 1074, -0.6316701173782349
21, 1170, 1071, -0.5877201557159424
22, 801, 1043, -0.5403779149055481
23, 1149, 1167, -0.014362631365656853
24, 854, 1157, 0.015411587432026863
25, 1134, 1705, -0.049298740923404694
26, 805, 1678, -0.04626794904470444
27, 1122, 2175, 0.3145889937877655
28, 802, 2164, 0.1887979805469513
29, 1123, 2237, 0.3332110643386841
30, 802, 2232, 0.19832049310207367
31, 1071, 2334, 0.005277982447296381
32, 836, 2315, -0.14655031263828278
0, 998, 283, -0.7491274476051331
1, 1029, 233, -0.7202580571174622
2, 1048, 232, -0.7204667925834656
3, 1065, 231, -0.7204134464263916
4, 967, 236, -0.7276440262794495
5, 950, 237, -0.7278333902359009
6, 932, 239, -0.7283232808113098
7, 1092, 250, -0.44997310638427734
8, 909, 259, -0.4806394577026367
9, 1038, 330, -0.6402922868728638
10, 964, 334, -0.6498075723648071
11, 1260, 531, -0.233589306473732
12, 761, 520, -0.2666880786418915
13, 1342, 877, -0.24532507359981537
14, 651, 858, -0.28589293360710144
15, 1189, 1014, -0.582639753818512
16, 742, 941, -0.693039059638977
17, 1117, 1088, -0.6734606623649597
18, 776, 982, -0.7897169589996338
19, 1084, 1041, -0.7070177793502808
20, 800, 922, -0.8161449432373047
21, 1097, 1012, -0.600784957408905
22, 798, 905, -0.70823073387146
23, 1149, 1162, 0.0014442375395447016
24, 854, 1158, -0.0003294864727649838
25, 1135, 1708, -0.012930389493703842
26, 806, 1685, -0.0321367122232914
27, 1125, 2180, 0.28068092465400696
28, 809, 2167, 0.14876805245876312
29, 1127, 2244, 0.29071158170700073
30, 807, 2234, 0.15392225980758667
31, 1076, 2335, -0.029156779870390892
32, 851, 2313, -0.18544283509254456
0, 998, 285, -0.717020571231842
1, 1029, 234, -0.6868427395820618
2, 1048, 233, -0.6870798468589783
3, 1064, 232, -0.6870197653770447
4, 968, 237, -0.6942898631095886
5, 950, 238, -0.6944377422332764
6, 932, 240, -0.6949391961097717
7, 1092, 250, -0.4130116105079651
8, 911, 260, -0.44403940439224243
9, 1038, 331, -0.6075459122657776
10, 966, 335, -0.6171489953994751
11, 1260, 530, -0.19737757742404938
12, 764, 519, -0.2412087321281433
13, 1342, 878, -0.2301117330789566
14, 647, 859, -0.29122793674468994
15, 1173, 1009, -0.5782852172851562
16, 736, 925, -0.7234322428703308
17, 1104, 1082, -0.6732150912284851
18, 773, 966, -0.8235701322555542
19, 1071, 1036, -0.7052972316741943
20, 796, 909, -0.8550167083740234
21, 1084, 1007, -0.5960237979888916
22, 793, 892, -0.741750180721283
23, 1149, 1159, 0.009364113211631775
24, 853, 1155, -0.00819886103272438
25, 1133, 1710, 0.0008562721195630729
26, 805, 1684, -0.03403538092970848
27, 1123, 2182, 0.29181399941444397
28, 808, 2164, 0.15577980875968933
29, 1126, 2247, 0.3016166687011719
30, 806, 2232, 0.1617894023656845
31, 1075, 2333, -0.022656267508864403
32, 851, 2307, -0.18295952677726746
0, 999, 287, -0.8554006218910217
1, 1029, 235, -0.8221120238304138
2, 1048, 234, -0.8222746253013611
3, 1064, 233, -0.8220711946487427
4, 969, 237, -0.8285458087921143
5, 952, 238, -0.8285906314849854
6, 934, 240, -0.8289213180541992
7, 1091, 250, -0.5049734711647034
8, 912, 260, -0.530921220779419
9, 1038, 333, -0.7319722771644592
10, 967, 336, -0.7397176623344421
11, 1256, 522, -0.22711782157421112
12, 766, 519, -0.2827448844909668
13, 1344, 879, -0.31062307953834534
14, 635, 864, -0.4770902991294861
15, 1168, 946, -0.7687002420425415
16, 745, 853, -1.0790274143218994
17, 1080, 1006, -0.8748336434364319
18, 798, 863, -1.2008721828460693
19, 1062, 950, -0.8978192210197449
20, 812, 788, -1.2190253734588623
21, 1083, 928, -0.7841376066207886
22, 805, 779, -1.0944316387176514
23, 1143, 1145, 0.005258719902485609
24, 853, 1144, -0.004049330018460751
25, 1134, 1701, 0.1010122299194336
26, 805, 1683, 0.008627224713563919
27, 1119, 2169, 0.4965377151966095
28, 808, 2154, 0.31072792410850525
29, 1120, 2231, 0.5138533711433411
30, 806, 2216, 0.33104631304740906
31, 1074, 2322, 0.15425752103328705
32, 852, 2305, -0.1238199919462204
0, 999, 287, -0.8831009268760681
1, 1029, 235, -0.852789044380188
2, 1048, 234, -0.8529502749443054
3, 1064, 233, -0.8528307676315308
4, 969, 237, -0.8570535182952881
5, 952, 238, -0.8570972084999084
6, 934, 240, -0.8574109673500061
7, 1091, 250, -0.5495697855949402
8, 912, 260, -0.5644595623016357
9, 1038, 334, -0.7637537717819214
10, 967, 337, -0.7685381174087524
11, 1255, 516, -0.28697362542152405
12, 769, 519, -0.30264362692832947
13, 1346, 880, -0.3262333571910858
14, 630, 875, -0.4506993889808655
15, 1156, 941, -0.7442436814308167
16, 747, 858, -1.006446123123169
17, 1068, 1002, -0.8432484269142151
18, 803, 863, -1.1211426258087158
19, 1048, 947, -0.8667776584625244
20, 813, 790, -1.1372226476669312
21, 1068, 925, -0.7577006220817566
22, 806, 781, -1.0198454856872559
23, 1141, 1135, 0.0033545910846441984
24, 853, 1135, -0.0021903146989643574
25, 1134, 1691, 0.12528613209724426
26, 806, 1674, 0.046122945845127106
27, 1118, 2151, 0.5319846272468567
28, 809, 2138, 0.3630904257297516
29, 1120, 2212, 0.5517797470092773
30, 806, 2197, 0.38427993655204773
31, 1075, 2304, 0.20193643867969513
32, 855, 2294, -0.027682416141033173
0, 999, 287, -0.8754132986068726
1, 1028, 235, -0.8450974225997925
2, 1048, 234, -0.8452562093734741
3, 1064, 233, -0.8451004028320312
4, 969, 237, -0.848621666431427
5, 952, 238, -0.8486027121543884
6, 934, 240, -0.8489392399787903
7, 1091, 250, -0.5427039265632629
8, 913, 260, -0.5557191371917725
9, 1038, 334, -0.7563244700431824
10, 967, 337, -0.7599241137504578
11, 1253, 511, -0.2887415885925293
12, 772, 516, -0.3027944266796112
13, 1346, 888, -0.36609476804733276
14, 629, 879, -0.5274927020072937
15, 1136, 899, -0.8291475176811218
16, 774, 796, -1.165903925895691
17, 1055, 941, -0.9346180558204651
18, 831, 792, -1.2886227369308472
19, 1039, 878, -0.943737268447876
20, 841, 714, -1.293506383895874
21, 1057, 858, -0.8376776576042175
22, 835, 714, -1.17605459690094
23, 1138, 1127, 0.0016800888115540147
24, 853, 1120, -0.0005006128340028226
25, 1139, 1669, 0.13211342692375183
26, 809, 1657, 0.0822182446718216
27, 1119, 2123, 0.5566800236701965
28, 816, 2115, 0.42690137028694153
29, 1120, 2182, 0.5768394470214844
30, 811, 2173, 0.4503836929798126
31, 1079, 2277, 0.21145926415920258
32, 862, 2267, 0.042742811143398285
0, 999, 287, -0.8849847316741943
1, 1028, 234, -0.8553926348686218
2, 1048, 233, -0.8555309772491455
3, 1064, 233, -0.8553780317306519
4, 969, 237, -0.856890857219696
5, 952, 237, -0.856795072555542
6, 934, 239, -0.8571001291275024
7, 1091, 250, -0.5574005246162415
8, 913, 260, -0.5594519376754761
9, 1038, 333, -0.768097460269928
10, 966, 336, -0.7691870927810669
11, 1250, 511, -0.3095563054084778
12, 772, 514, -0.30641016364097595
13, 1349, 892, -0.3655497431755066
14, 624, 889, -0.5228869915008545
15, 1145, 901, -0.785854160785675
16, 771, 788, -1.155901312828064
17, 1062, 944, -0.8815546035766602
18, 826, 787, -1.2739284038543701
19, 1046, 881, -0.8884271383285522
20, 839, 710, -1.2765889167785645
21, 1064, 863, -0.7914710640907288
22, 833, 709, -1.1651496887207031
23, 1134, 1133, -0.0010347423376515508
24, 852, 1129, 0.0022446070797741413
25, 1138, 1670, 0.12918433547019958
26, 809, 1657, 0.13923008739948273
27, 1112, 2118, 0.5604902505874634
28, 813, 2109, 0.5215184688568115
29, 1112, 2175, 0.5818268656730652
30, 807, 2167, 0.5499638319015503
31, 1072, 2273, 0.21864357590675354
32, 858, 2262, 0.1553463637828827
0, 999, 286, -0.8816653490066528
1, 1028, 234, -0.8519712090492249
2, 1048, 233, -0.8521752953529358
3, 1064, 232, -0.8523661494255066
4, 969, 236, -0.8523241877555847
5, 952, 236, -0.8518587350845337
6, 934, 238, -0.851972758769989
7, 1091, 250, -0.5432510375976562
8, 913, 259, -0.5340608358383179
9, 1038, 332, -0.7661139369010925
10, 966, 335, -0.7595942616462708
11, 1249, 507, -0.3065422773361206
12, 773, 508, -0.29842814803123474
13, 1349, 894, -0.39383506774902344
14, 625, 892, -0.5595956444740295
15, 1127, 869, -0.8645477294921875
16, 790, 741, -1.2232881784439087
17, 1050, 892, -0.9687140583992004
18, 853, 744, -1.3446662425994873
19, 1033, 833, -0.9682997465133667
20, 865, 670, -1.3392693996429443
21, 1052, 816, -0.8685376644134521
22, 859, 670, -1.2299295663833618
23, 1128, 1134, -0.0017122005810961127
24, 849, 1132, 0.002935863332822919
25, 1138, 1658, 0.14139777421951294
26, 809, 1649, 0.156487375497818
27, 1110, 2100, 0.5845527052879333
28, 813, 2096, 0.5544517636299133
29, 1110, 2157, 0.6068559885025024
30, 807, 2155, 0.584162175655365
31, 1071, 2256, 0.2405591756105423
32, 857, 2246, 0.18668586015701294
0, 998, 286, -0.8784207105636597
1, 1028, 233, -0.8478460311889648
2, 1048, 232, -0.8480187654495239
3, 1064, 232, -0.8479719758033752
4, 969, 236, -0.8482828736305237
5, 952, 236, -0.8480355739593506
6, 933, 238, -0.8482605814933777
7, 1091, 250, -0.5431034564971924
8, 913, 259, -0.5342105627059937
9, 1037, 332, -0.7612871527671814
10, 965, 335, -0.7584686875343323
11, 1248, 507, -0.3097835183143616
12, 774, 505, -0.3000088334083557
13, 1349, 895, -0.4191868007183075
14, 627, 893, -0.5640096664428711
15, 1122, 869, -0.8965068459510803
16, 806, 751, -1.2327946424484253
17, 1045, 894, -1.0039299726486206
18, 868, 765, -1.3571382761001587
19, 1033, 832, -1.0054961442947388
20, 878, 686, -1.353624701499939
21, 1051, 814, -0.9022204875946045
22, 870, 683, -1.2407264709472656
23, 1128, 1133, -0.006564156152307987
24, 847, 1131, 0.007813803851604462
25, 1138, 1650, 0.1425568163394928
26, 814, 1645, 0.18272846937179565
27, 1111, 2089, 0.5875611901283264
28, 817, 2089, 0.5960012078285217
29, 1111, 2144, 0.6102660894393921
30, 810, 2147, 0.627984881401062
31, 1072, 2246, 0.24303914606571198
32, 859, 2238, 0.23234567046165466
0, 1000, 285, -0.8503401875495911
1, 1030, 233, -0.8172751665115356
2, 1049, 232, -0.8174115419387817
3, 1064, 232, -0.8172070980072021
4, 970, 235, -0.8189618587493896
5, 953, 235, -0.8187272548675537
6, 935, 237, -0.8189585208892822
7, 1092, 250, -0.5144867897033691
8, 914, 258, -0.5156121850013733
9, 1038, 330, -0.7346123456954956
10, 966, 333, -0.7347142696380615
11, 1248, 507, -0.2999933362007141
12, 775, 502, -0.2956155836582184
13, 1346, 895, -0.4244380593299866
14, 627, 894, -0.5699469447135925
15, 1111, 853, -0.9120264649391174
16, 813, 732, -1.226352572441101
17, 1040, 866, -1.018983244895935
18, 875, 748, -1.3469510078430176
19, 1025, 801, -1.0161712169647217
20, 888, 671, -1.3403476476669312
21, 1041, 785, -0.9164869785308838
22, 881, 668, -1.2326855659484863
23, 1125, 1123, -0.006677517667412758
24, 845, 1111, 0.00791702140122652
25, 1134, 1638, 0.13125203549861908
26, 811, 1629, 0.15281732380390167
27, 1104, 2076, 0.5598602890968323
28, 810, 2071, 0.5271713137626648
29, 1105, 2132, 0.5812157988548279
30, 801, 2130, 0.5541301369667053
31, 1065, 2231, 0.22013144195079803
32, 850, 2219, 0.1623983532190323
0, 1000, 285, -0.8506863117218018
1, 1030, 233, -0.818642258644104
2, 1050, 232, -0.8187678456306458
3, 1064, 232, -0.8185664415359497
4, 971, 235, -0.8200590014457703
5, 954, 235, -0.8198410272598267
6, 936, 237, -0.8200620412826538
7, 1093, 250, -0.521330714225769
8, 914, 258, -0.5179287195205688
9, 1039, 330, -0.7357599139213562
10, 966, 332, -0.7357326149940491
11, 1247, 506, -0.31149277091026306
12, 776, 502, -0.29586586356163025
13, 1346, 894, -0.4564792513847351
14, 628, 894, -0.5541301965713501
15, 1089, 832, -0.9421793222427368
16, 822, 750, -1.1916731595993042
17, 1025, 845, -1.0498052835464478
18, 878, 763, -1.3115335702896118
19, 1004, 775, -1.0449496507644653
20, 889, 688, -1.3085273504257202
21, 1021, 764, -0.9459481835365295
22, 882, 685, -1.1992803812026978
23, 1126, 1114, -0.009090541861951351
24, 845, 1105, 0.010347441770136356
25, 1134, 1633, 0.1435885727405548
26, 811, 1625, 0.14740967750549316
27, 1104, 2069, 0.5788538455963135
28, 810, 2065, 0.5110076069831848
29, 1105, 2125, 0.6013619303703308
30, 801, 2123, 0.5370789766311646
31, 1065, 2225, 0.24583043158054352
32, 851, 2215, 0.14992903172969818
0, 1000, 284, -0.8552204966545105
1, 1031, 233, -0.8218460083007812
2, 1050, 232, -0.821989893913269
3, 1065, 232, -0.8217797875404358
4, 972, 234, -0.8232705593109131
5, 955, 234, -0.8230453133583069
6, 937, 236, -0.8232644200325012
7, 1094, 250, -0.5214895009994507
8, 915, 257, -0.5201271772384644
9, 1039, 330, -0.7393524646759033
10, 967, 332, -0.7395681142807007
11, 1246, 506, -0.31065574288368225
12, 776, 501, -0.29682692885398865
13, 1346, 893, -0.450187087059021
14, 631, 895, -0.5678613185882568
15, 1099, 840, -0.9353370666503906
16, 824, 739, -1.2332531213760376
17, 1032, 854, -1.0418696403503418
18, 884, 750, -1.3546112775802612
19, 1014, 779, -1.0396336317062378
20, 893, 670, -1.3478686809539795
21, 1030, 767, -0.9402099251747131
22, 885, 668, -1.240424633026123
23, 1124, 1109, -0.01333533227443695
24, 844, 1100, 0.01475313026458025
25, 1134, 1629, 0.12271920591592789
26, 811, 1624, 0.16471737623214722
27, 1105, 2065, 0.554121196269989
28, 811, 2063, 0.554638683795929
29, 1106, 2120, 0.5738123059272766
30, 801, 2121, 0.5836923122406006
31, 1066, 2219, 0.19921956956386566
32, 852, 2211, 0.18859484791755676
0, 1000, 284, -0.8762481212615967
1, 1031, 232, -0.8433371782302856
2, 1050, 232, -0.8434919118881226
3, 1065, 232, -0.8433070778846741
4, 972, 234, -0.84401535987854
5, 955, 234, -0.8438392281532288
6, 937, 236, -0.844068169593811
7, 1094, 249, -0.543653130531311
8, 915, 257, -0.5384097695350647
9, 1039, 329, -0.760766327381134
10, 967, 331, -0.7602905035018921
11, 1245, 506, -0.3299494683742523
12, 777, 500, -0.3071015775203705
13, 1346, 891, -0.4601634442806244
14, 634, 895, -0.5686231851577759
15, 1101, 843, -0.9244288802146912
16, 825, 737, -1.2159608602523804
17, 1032, 857, -1.0296646356582642
18, 885, 751, -1.3363633155822754
19, 1017, 785, -1.0285344123840332
20, 896, 669, -1.329977035522461
21, 1033, 771, -0.9287635684013367
22, 887, 665, -1.222857117652893
23, 1123, 1101, -0.014532693661749363
24, 844, 1093, 0.015939870849251747
25, 1134, 1621, 0.12303408235311508
26, 812, 1616, 0.1749531328678131
27, 1105, 2054, 0.5536543130874634
28, 812, 2053, 0.5723164081573486
29, 1106, 2110, 0.5742648839950562
30, 803, 2110, 0.6022409200668335
31, 1066, 2207, 0.20526036620140076
32, 853, 2199, 0.21194958686828613
0, 1000, 284, -0.8756427764892578
1, 1031, 232, -0.8416107296943665
2, 1051, 231, -0.8417790532112122
3, 1065, 231, -0.841632068157196
4, 973, 234, -0.8428040146827698
5, 956, 234, -0.8426263332366943
6, 938, 235, -0.8428918719291687
7, 1094, 249, -0.5428432822227478
8, 916, 256, -0.5409665703773499
9, 1039, 329, -0.7568712830543518
10, 967, 331, -0.7571747899055481
11, 1245, 506, -0.331545352935791
12, 777, 500, -0.31507861614227295
13, 1346, 891, -0.4623388350009918
14, 641, 899, -0.5683394074440002
15, 1105, 842, -0.9217587113380432
16, 838, 736, -1.1860555410385132
17, 1035, 848, -1.0227352380752563
18, 905, 745, -1.3010276556015015
19, 1024, 773, -1.0191688537597656
20, 916, 666, -1.293771505355835
21, 1039, 763, -0.9249705076217651
22, 905, 665, -1.1913293600082397
23, 1124, 1094, -0.014699426479637623
24, 846, 1089, 0.016086162999272346
25, 1134, 1614, 0.11962967365980148
26, 816, 1611, 0.17190323770046234
27, 1106, 2046, 0.5343369841575623
28, 817, 2048, 0.5551859736442566
29, 1108, 2101, 0.5546165704727173
30, 809, 2105, 0.5835274457931519
31, 1069, 2198, 0.19955229759216309
32, 857, 2193, 0.20595088601112366
0, 1001, 283, -0.8782787322998047
1, 1033, 232, -0.8453985452651978
2, 1051, 231, -0.8455572128295898
3, 1065, 231, -0.8454179763793945
4, 974, 233, -0.8476212620735168
5, 957, 233, -0.8475146889686584
6, 940, 234, -0.8477767705917358
7, 1094, 249, -0.550459623336792
8, 916, 255, -0.5546372532844543
9, 1040, 328, -0.7628759741783142
10, 968, 330, -0.7648569941520691
11, 1245, 506, -0.3379358947277069
12, 776, 500, -0.32516756653785706
13, 1346, 891, -0.45383933186531067
14, 645, 901, -0.5775454044342041
15, 1109, 846, -0.9005751013755798
16, 840, 738, -1.198486328125
17, 1038, 858, -1.001589298248291
18, 909, 747, -1.315699815750122
19, 1027, 785, -1.0011171102523804
20, 924, 668, -1.3069050312042236
21, 1043, 774, -0.9046679735183716
22, 912, 666, -1.203386664390564
23, 1123, 1097, -0.014683138579130173
24, 846, 1092, 0.016059039160609245
25, 1134, 1615, 0.12395908683538437
26, 817, 1609, 0.1763954907655716
27, 1106, 2045, 0.5491329431533813
28, 817, 2045, 0.5681165456771851
29, 1107, 2100, 0.5710340738296509
30, 809, 2102, 0.5973659753799438
31, 1069, 2198, 0.21839003264904022
32, 857, 2191, 0.22041670978069305
0, 1002, 282, -0.8980227112770081
1, 1034, 231, -0.8637104034423828
2, 1052, 231, -0.8638607263565063
3, 1066, 230, -0.863699734210968
4, 976, 232, -0.8657723069190979
5, 959, 232, -0.8657227158546448
6, 941, 233, -0.8660058975219727
7, 1094, 249, -0.5646394491195679
8, 917, 254, -0.5681739449501038
9, 1040, 327, -0.7821621298789978
10, 969, 329, -0.7838991284370422
11, 1245, 506, -0.34739091992378235
12, 775, 502, -0.3376427888870239
13, 1344, 892, -0.46428579092025757
14, 653, 905, -0.591451108455658
15, 1119, 852, -0.9202701449394226
16, 849, 746, -1.2216302156448364
17, 1042, 864, -1.02548348903656
18, 915, 759, -1.3431942462921143
19, 1032, 794, -1.0291681289672852
20, 942, 682, -1.3366715908050537
21, 1049, 782, -0.9263325929641724
22, 927, 679, -1.2281397581100464
23, 1123, 1097, -0.014656364917755127
24, 846, 1098, 0.016028931364417076
25, 1133, 1619, 0.1332506388425827
26, 817, 1613, 0.17311333119869232
27, 1105, 2053, 0.5787174105644226
28, 817, 2051, 0.5697441697120667
29, 1106, 2109, 0.6021870374679565
30, 809, 2109, 0.599135160446167
31, 1069, 2206, 0.24424831569194794
32, 857, 2198, 0.21669666469097137
0, 1003, 281, -0.8973571062088013
1, 1034, 230, -0.8624285459518433
2, 1052, 230, -0.8625766038894653
3, 1066, 230, -0.8624144196510315
4, 977, 231, -0.8646385073661804
5, 960, 231, -0.8645944595336914
6, 943, 231, -0.8648853302001953
7, 1094, 248, -0.562237024307251
8, 917, 253, -0.5661380887031555
9, 1040, 326, -0.7814773321151733
10, 970, 327, -0.7833136916160583
11, 1245, 506, -0.3472014367580414
12, 773, 503, -0.3388410806655884
13, 1343, 893, -0.47179335355758667
14, 657, 908, -0.5961997509002686
15, 1124, 856, -0.9353625774383545
16, 851, 751, -1.2298167943954468
17, 1044, 870, -1.0423673391342163
18, 915, 766, -1.3524998426437378
19, 1033, 801, -1.0462602376937866
20, 943, 690, -1.346718192100525
21, 1052, 788, -0.9418408274650574
22, 928, 686, -1.2369275093078613
23, 1123, 1099, -0.014739202335476875
24, 846, 1100, 0.016102397814393044
25, 1132, 1620, 0.1414780467748642
26, 815, 1615, 0.1726052314043045
27, 1100, 2057, 0.5965831279754639
28, 813, 2055, 0.5715849995613098
29, 1100, 2113, 0.6206293106079102
30, 805, 2113, 0.6009534597396851
31, 1064, 2210, 0.25992551445961
32, 853, 2202, 0.21496766805648804
0, 1002, 281, -0.8694942593574524
1, 1034, 230, -0.8349025249481201
2, 1052, 230, -0.8350430727005005
3, 1066, 230, -0.8348585367202759
4, 976, 231, -0.8325642347335815
5, 959, 231, -0.8324829339981079
6, 942, 231, -0.8327676057815552
7, 1094, 248, -0.5447286367416382
8, 918, 252, -0.5286926627159119
9, 1040, 326, -0.7590529322624207
10, 969, 327, -0.7547045350074768
11, 1245, 506, -0.3425801992416382
12, 774, 503, -0.3097604811191559
13, 1342, 895, -0.47210603952407837
14, 657, 908, -0.5843940377235413
15, 1124, 859, -0.9247099757194519
16, 879, 748, -1.2042958736419678
17, 1045, 874, -1.0294091701507568
18, 946, 764, -1.3239153623580933
19, 1035, 808, -1.0302987098693848
20, 975, 688, -1.3285597562789917
21, 1053, 794, -0.9296770095825195
22, 958, 685, -1.2137529850006104
23, 1123, 1101, -0.017363019287586212
24, 846, 1101, 0.01877087540924549
25, 1128, 1621, 0.1380002647638321
26, 812, 1617, 0.1722969263792038
27, 1095, 2060, 0.5853782296180725
28, 807, 2055, 0.5632638335227966
29, 1096, 2116, 0.6084644198417664
30, 799, 2114, 0.5916935801506042
31, 1057, 2213, 0.24688082933425903
32, 849, 2204, 0.20511861145496368
0, 1001, 281, -0.8486283421516418
1, 1033, 230, -0.8148683309555054
2, 1052, 230, -0.815014123916626
3, 1066, 230, -0.8148308396339417
4, 976, 231, -0.8117088675498962
5, 959, 231, -0.8116127848625183
6, 942, 231, -0.8119027018547058
7, 1095, 248, -0.5293781757354736
8, 918, 252, -0.5089940428733826
9, 1040, 325, -0.7400588393211365
10, 968, 327, -0.7344936728477478
11, 1245, 507, -0.34123867750167847
12, 774, 503, -0.29312288761138916
13, 1342, 897, -0.4708786904811859
14, 657, 908, -0.5783852338790894
15, 1125, 860, -0.9204105138778687
16, 888, 745, -1.1975157260894775
17, 1047, 878, -1.0240850448608398
18, 955, 762, -1.3158537149429321
19, 1036, 812, -1.0229774713516235
20, 984, 686, -1.3127483129501343
21, 1054, 798, -0.9243837594985962
22, 967, 684, -1.2126682996749878
23, 1123, 1103, -0.01932542957365513
24, 846, 1101, 0.02075396664440632
25, 1124, 1621, 0.13663308322429657
26, 808, 1618, 0.17223532497882843
27, 1090, 2062, 0.5787493586540222
28, 802, 2055, 0.5592812299728394
29, 1092, 2118, 0.6014121174812317
30, 793, 2113, 0.5873676538467407
31, 1051, 2214, 0.24118652939796448
32, 843, 2205, 0.20094236731529236
0, 1006, 281, -0.8353748321533203
1, 1037, 230, -0.8032385110855103
2, 1054, 230, -0.8033822178840637
3, 1069, 230, -0.8031982183456421
4, 979, 231, -0.8019943237304688
5, 962, 230, -0.8018638491630554
6, 945, 231, -0.8021488785743713
7, 1098, 248, -0.5197516083717346
8, 919, 252, -0.506483256816864
9, 1044, 325, -0.7266645431518555
10, 972, 327, -0.7234938740730286
11, 1246, 507, -0.3285652995109558
12, 775, 503, -0.2883084714412689
13, 1342, 898, -0.45074018836021423
14, 654, 907, -0.5584033131599426
15, 1127, 860, -0.8739054203033447
16, 879, 742, -1.1798218488693237
17, 1051, 880, -0.9706462025642395
18, 945, 760, -1.293591022491455
19, 1038, 815, -0.9635378122329712
20, 969, 686, -1.2779656648635864
21, 1054, 801, -0.8741937875747681
22, 954, 684, -1.184796690940857
23, 1123, 1105, -0.019802896305918694
24, 846, 1101, 0.021230461075901985
25, 1123, 1622, 0.13450154662132263
26, 807, 1619, 0.1896231323480606
27, 1089, 2063, 0.5712966322898865
28, 799, 2055, 0.5910227298736572
29, 1090, 2120, 0.593360960483551
30, 789, 2113, 0.6216315627098083
31, 1048, 2215, 0.23216740787029266
32, 841, 2206, 0.23853614926338196
0, 1008, 281, -0.8325832486152649
1, 1040, 230, -0.8019101023674011
2, 1056, 230, -0.8020440340042114
3, 1071, 230, -0.8018683791160583
4, 982, 231, -0.8013807535171509
5, 964, 230, -0.8012327551841736
6, 947, 231, -0.8015099763870239
7, 1101, 250, -0.5202610492706299
8, 921, 252, -0.5100179314613342
9, 1046, 326, -0.7240240573883057
10, 974, 327, -0.7218416333198547
11, 1246, 507, -0.3252679407596588
12, 776, 502, -0.2889786660671234
13, 1342, 900, -0.4344044625759125
14, 651, 907, -0.5404599905014038
15, 1128, 860, -0.8444989323616028
16, 875, 740, -1.1494604349136353
17, 1055, 882, -0.9379602670669556
18, 940, 759, -1.259873628616333
19, 1039, 817, -0.9296906590461731
20, 962, 686, -1.2430514097213745
21, 1054, 802, -0.8438329696655273
22, 948, 684, -1.150775671005249
23, 1123, 1113, -0.01991962641477585
24, 846, 1101, 0.02134796790778637
25, 1124, 1622, 0.13144232332706451
26, 807, 1619, 0.19936157763004303
27, 1089, 2064, 0.5613216757774353
28, 798, 2056, 0.6049717664718628
29, 1091, 2120, 0.5830360054969788
30, 789, 2114, 0.6364803910255432
31, 1047, 2216, 0.22434119880199432
32, 840, 2207, 0.25757715106010437
0, 1013, 281, -0.8676922917366028
1, 1044, 231, -0.8359991908073425
2, 1059, 231, -0.8361543416976929
3, 1075, 231, -0.8360211253166199
4, 986, 232, -0.8362564444541931
5, 967, 231, -0.8360618352890015
6, 950, 232, -0.836305558681488
7, 1105, 250, -0.5425661206245422
8, 922, 252, -0.5344687104225159
9, 1050, 327, -0.7540213465690613
10, 978, 329, -0.7525416612625122
11, 1247, 509, -0.3367113769054413
12, 777, 502, -0.29824498295783997
13, 1342, 900, -0.45009711384773254
14, 645, 907, -0.5432819724082947
15, 1133, 860, -0.8913492560386658
16, 865, 742, -1.1567673683166504
17, 1059, 883, -0.99080890417099
18, 924, 761, -1.2672793865203857
19, 1044, 818, -0.987406313419342
20, 939, 685, -1.2484185695648193
21, 1059, 803, -0.893842339515686
22, 930, 683, -1.1583317518234253
23, 1122, 1127, -0.020442349836230278
24, 845, 1103, 0.021877029910683632
25, 1123, 1628, 0.14012879133224487
26, 806, 1623, 0.2242003232240677
27, 1089, 2065, 0.5937889218330383
28, 798, 2056, 0.6622143387794495
29, 1091, 2122, 0.6178410649299622
30, 789, 2114, 0.6973472237586975
31, 1048, 2217, 0.25201690196990967
32, 840, 2207, 0.31121626496315
0, 1015, 281, -0.8666973114013672
1, 1046, 232, -0.8349449038505554
2, 1061, 231, -0.8351008296012878
3, 1078, 232, -0.8349637389183044
4, 988, 232, -0.8353033065795898
5, 968, 232, -0.8351205587387085
6, 951, 232, -0.835369884967804
7, 1107, 251, -0.5420750975608826
8, 924, 253, -0.5345655679702759
9, 1052, 327, -0.7533047795295715
10, 980, 330, -0.7520125508308411
11, 1248, 510, -0.3371678590774536
12, 778, 501, -0.2991028130054474
13, 1342, 901, -0.4541569948196411
14, 641, 906, -0.542307436466217
15, 1136, 860, -0.902140736579895
16, 861, 743, -1.1561886072158813
17, 1062, 884, -1.0033581256866455
18, 916, 762, -1.2680498361587524
19, 1047, 818, -1.0009015798568726
20, 929, 685, -1.2527916431427002
21, 1062, 804, -0.9053402543067932
22, 922, 682, -1.1586254835128784
23, 1121, 1133, -0.020998788997530937
24, 845, 1105, 0.022442391142249107
25, 1123, 1631, 0.13950081169605255
26, 805, 1625, 0.23395244777202606
27, 1090, 2066, 0.5924287438392639
28, 798, 2056, 0.6769095659255981
29, 1091, 2124, 0.6162734627723694
30, 789, 2115, 0.7124270796775818
31, 1048, 2219, 0.24966928362846375
32, 840, 2208, 0.32528156042099
0, 1015, 282, -0.8550300002098083
1, 1046, 232, -0.8252503275871277
2, 1061, 232, -0.8254069685935974
3, 1078, 232, -0.8252705931663513
4, 988, 233, -0.8239288330078125
5, 968, 232, -0.8237063884735107
6, 951, 233, -0.8239583373069763
7, 1108, 251, -0.5385248064994812
8, 925, 253, -0.5243398547172546
9, 1052, 327, -0.7442308068275452
10, 980, 330, -0.7409770488739014
11, 1248, 511, -0.33682307600975037
12, 781, 496, -0.2930520176887512
13, 1342, 902, -0.4534217119216919
14, 636, 899, -0.5323073267936707
15, 1132, 858, -0.9015507102012634
16, 824, 743, -1.155071496963501
17, 1058, 884, -1.0016143321990967
18, 882, 761, -1.2679564952850342
19, 1043, 819, -0.9962076544761658
20, 895, 685, -1.2550113201141357
21, 1059, 803, -0.903946042060852
22, 890, 681, -1.158514380455017
23, 1121, 1136, -0.02118142880499363
24, 844, 1106, 0.022611938416957855
25, 1123, 1632, 0.14403527975082397
26, 805, 1625, 0.236097052693367
27, 1090, 2066, 0.5983952879905701
28, 798, 2056, 0.6821367740631104
29, 1091, 2123, 0.6225306391716003
30, 789, 2114, 0.7181485891342163
31, 1048, 2219, 0.2553316056728363
32, 840, 2208, 0.3301644027233124
0, 1015, 282, -0.8575089573860168
1, 1046, 232, -0.8279955387115479
2, 1062, 232, -0.8281510472297668
3, 1078, 232, -0.8280127644538879
4, 988, 233, -0.8264269232749939
5, 969, 232, -0.8261891603469849
6, 952, 233, -0.8264418244361877
7, 1108, 251, -0.5414089560508728
8, 926, 253, -0.5258463025093079
9, 1053, 327, -0.7466995716094971
10, 980, 330, -0.7431351542472839
11, 1249, 512, -0.3382045030593872
12, 783, 493, -0.2938021719455719
13, 1342, 903, -0.45301246643066406
14, 634, 896, -0.5335813164710999
15, 1131, 857, -0.8996264338493347
16, 810, 743, -1.1615430116653442
17, 1056, 884, -1.0001884698867798
18, 870, 761, -1.2753396034240723
19, 1042, 819, -0.9958117008209229
20, 884, 685, -1.2640583515167236
21, 1058, 803, -0.902685284614563
22, 878, 681, -1.1660760641098022
23, 1121, 1138, -0.021361343562602997
24, 844, 1109, 0.02278374321758747
25, 1123, 1633, 0.14590269327163696
26, 805, 1625, 0.2432258576154709
27, 1090, 2065, 0.6028039455413818
28, 798, 2055, 0.6999962329864502
29, 1091, 2123, 0.6271914839744568
30, 789, 2113, 0.7372623085975647
31, 1048, 2219, 0.2586726248264313
32, 840, 2206, 0.34872397780418396
0, 1016, 282, -0.9327071309089661
1, 1047, 232, -0.9007288217544556
2, 1063, 232, -0.9008575081825256
3, 1079, 232, -0.900748074054718
4, 989, 233, -0.9015883803367615
5, 969, 232, -0.9014475345611572
6, 953, 233, -0.9016672372817993
7, 1109, 251, -0.5987533330917358
8, 927, 252, -0.5948995351791382
9, 1053, 328, -0.8152492642402649
10, 981, 330, -0.8149633407592773
11, 1249, 512, -0.3795996606349945
12, 783, 493, -0.3496343791484833
13, 1341, 903, -0.5029930472373962
14, 634, 896, -0.5724756717681885
15, 1126, 857, -0.9676443934440613
16, 813, 747, -1.192055106163025
17, 1053, 884, -1.075079321861267
18, 872, 765, -1.309450626373291
19, 1041, 816, -1.074887752532959
20, 889, 685, -1.304763674736023
21, 1057, 800, -0.9727171659469604
22, 882, 681, -1.199174404144287
23, 1121, 1138, -0.02090301178395748
24, 844, 1109, 0.022281339392066002
25, 1121, 1633, 0.16728994250297546
26, 803, 1625, 0.2330574095249176
27, 1089, 2065, 0.664143443107605
28, 797, 2054, 0.6735995411872864
29, 1090, 2123, 0.6930214762687683
30, 788, 2112, 0.7091118097305298
31, 1047, 2219, 0.3305601179599762
32, 839, 2207, 0.3206462860107422
0, 1016, 282, -0.9470053315162659
1, 1048, 232, -0.9141663908958435
2, 1064, 232, -0.9142941832542419
3, 1080, 232, -0.9141750931739807
4, 989, 233, -0.9150890707969666
5, 970, 232, -0.9149672389030457
6, 953, 233, -0.9151897430419922
7, 1109, 251, -0.6093648076057434
8, 928, 252, -0.6060733199119568
9, 1053, 328, -0.8285769820213318
10, 981, 330, -0.8284270763397217
11, 1249, 512, -0.3873560130596161
12, 783, 493, -0.3602902591228485
13, 1340, 903, -0.5106571912765503
14, 634, 896, -0.5822392106056213
15, 1123, 858, -0.9752494096755981
16, 816, 750, -1.1983356475830078
17, 1051, 884, -1.0822712182998657
18, 874, 767, -1.3157225847244263
19, 1040, 814, -1.0824215412139893
20, 892, 685, -1.3112281560897827
21, 1056, 798, -0.9804006814956665
22, 884, 681, -1.2055000066757202
23, 1120, 1138, -0.020736608654260635
24, 844, 1109, 0.02209007926285267
25, 1119, 1633, 0.1716020256280899
26, 800, 1625, 0.22929958999156952
27, 1087, 2065, 0.6742789149284363
28, 795, 2053, 0.6640906929969788
29, 1088, 2123, 0.7036043405532837
30, 786, 2110, 0.699418842792511
31, 1045, 2219, 0.34166350960731506
32, 838, 2206, 0.3101350665092468
0, 1016, 282, -0.8957319855690002
1, 1048, 233, -0.8601011633872986
2, 1064, 232, -0.8602595925331116
3, 1080, 232, -0.8600488305091858
4, 989, 233, -0.8592646718025208
5, 970, 232, -0.8591329455375671
6, 953, 233, -0.8593912720680237
7, 1109, 252, -0.558649480342865
8, 928, 252, -0.5484603047370911
9, 1053, 328, -0.7803258895874023
10, 980, 330, -0.7783618569374084
11, 1248, 512, -0.3484242260456085
12, 783, 495, -0.3150172531604767
13, 1340, 901, -0.4594176113605499
14, 635, 896, -0.5567176938056946
15, 1123, 859, -0.8838355541229248
16, 832, 740, -1.1562249660491943
17, 1051, 887, -0.9821247458457947
18, 902, 764, -1.2705886363983154
19, 1037, 819, -0.9801976680755615
20, 933, 685, -1.2539139986038208
21, 1054, 803, -0.8863297700881958
22, 916, 681, -1.1581331491470337
23, 1119, 1134, -0.021236617118120193
24, 844, 1107, 0.022593921050429344
25, 1119, 1634, 0.16166114807128906
26, 800, 1625, 0.22904586791992188
27, 1085, 2065, 0.6408658623695374
28, 794, 2053, 0.6581326127052307
29, 1086, 2122, 0.6661338210105896
30, 785, 2111, 0.6926332116127014
31, 1043, 2219, 0.2964898347854614
32, 836, 2206, 0.2995035946369171
0, 1015, 282, -0.8600720167160034
1, 1048, 233, -0.8251746296882629
2, 1064, 232, -0.8253496885299683
3, 1080, 233, -0.825147807598114
4, 989, 233, -0.8245856761932373
5, 970, 232, -0.8244615793228149
6, 953, 233, -0.8247411847114563
7, 1109, 252, -0.5290805101394653
8, 928, 252, -0.5199334621429443
9, 1053, 328, -0.7467377781867981
10, 980, 330, -0.745097279548645
11, 1248, 512, -0.32419154047966003
12, 782, 497, -0.2942272424697876
13, 1340, 899, -0.43488800525665283
14, 635, 896, -0.5440547466278076
15, 1122, 859, -0.858094334602356
16, 845, 737, -1.143319010734558
17, 1050, 888, -0.9556780457496643
18, 915, 763, -1.2573930025100708
19, 1035, 822, -0.95323246717453
20, 949, 685, -1.2401844263076782
21, 1051, 806, -0.860353410243988
22, 930, 681, -1.1447848081588745
23, 1119, 1133, -0.0213495884090662
24, 844, 1107, 0.022701803594827652
25, 1119, 1634, 0.1606648564338684
26, 800, 1625, 0.22683127224445343
27, 1084, 2065, 0.6333277225494385
28, 793, 2053, 0.656693696975708
29, 1084, 2122, 0.6580132246017456
30, 784, 2111, 0.6910939812660217
31, 1042, 2218, 0.29267650842666626
32, 835, 2205, 0.29828405380249023
0, 1015, 282, -0.8048469424247742
1, 1048, 232, -0.7708311676979065
2, 1063, 232, -0.7709916234016418
3, 1079, 233, -0.7707483172416687
4, 989, 232, -0.7704697847366333
5, 970, 232, -0.7703542709350586
6, 953, 233, -0.7706639170646667
7, 1109, 252, -0.48318612575531006
8, 928, 252, -0.47511959075927734
9, 1053, 327, -0.69456547498703
10, 979, 329, -0.6933701634407043
11, 1248, 511, -0.2912963330745697
12, 780, 500, -0.26439574360847473
13, 1340, 898, -0.40740272402763367
14, 636, 896, -0.5235621929168701
15, 1122, 859, -0.8103579878807068
16, 896, 732, -1.0910824537277222
17, 1048, 898, -0.9022000432014465
18, 970, 752, -1.1993783712387085
19, 1026, 844, -0.8941293358802795
20, 1009, 676, -1.1745320558547974
21, 1047, 823, -0.8095595836639404
22, 987, 677, -1.0881062746047974
23, 1119, 1133, -0.021898355334997177
24, 844, 1107, 0.023307230323553085
25, 1119, 1635, 0.12519380450248718
26, 801, 1625, 0.20429962873458862
27, 1081, 2066, 0.5642293095588684
28, 791, 2055, 0.596106767654419
29, 1081, 2123, 0.5868217349052429
30, 781, 2113, 0.6262708306312561
31, 1040, 2220, 0.2289896309375763
32, 831, 2207, 0.24563339352607727
0, 1015, 281, -0.80024653673172
1, 1047, 232, -0.7664247751235962
2, 1063, 232, -0.7665872573852539
3, 1079, 233, -0.7663488984107971
4, 989, 232, -0.7659873962402344
5, 970, 232, -0.7658672332763672
6, 953, 232, -0.7661734819412231
7, 1109, 252, -0.47934576869010925
8, 928, 252, -0.4708330035209656
9, 1053, 327, -0.6901086568832397
10, 979, 328, -0.6887921094894409
11, 1248, 510, -0.28826579451560974
12, 779, 503, -0.25888124108314514
13, 1340, 898, -0.40551212430000305
14, 636, 896, -0.5165014863014221
15, 1122, 860, -0.8081727623939514
16, 910, 729, -1.0811355113983154
17, 1047, 904, -0.9001753926277161
18, 983, 746, -1.1887907981872559
19, 1021, 853, -0.8916768431663513
20, 1021, 671, -1.1638678312301636
21, 1044, 831, -0.8071396946907043
22, 1000, 674, -1.0780283212661743
23, 1119, 1133, -0.022514520213007927
24, 844, 1108, 0.02397140860557556
25, 1119, 1636, 0.11278263479471207
26, 801, 1625, 0.19829127192497253
27, 1080, 2066, 0.5492089986801147
28, 790, 2056, 0.5893211960792542
29, 1080, 2123, 0.5717823505401611
30, 781, 2115, 0.6195470094680786
31, 1039, 2221, 0.213811457157135
32, 831, 2208, 0.23995059728622437
0, 1018, 281, -0.8849781155586243
1, 1049, 232, -0.8499298095703125
2, 1064, 232, -0.8500478267669678
3, 1080, 233, -0.8498145937919617
4, 990, 232, -0.8491397500038147
5, 971, 232, -0.8490108251571655
6, 955, 232, -0.8492719531059265
7, 1109, 252, -0.546314001083374
8, 928, 252, -0.5352062582969666
9, 1055, 327, -0.7679898142814636
10, 981, 328, -0.7657226324081421
11, 1249, 510, -0.33459168672561646
12, 778, 505, -0.30060863494873047
13, 1341, 901, -0.4666691720485687
14, 633, 897, -0.5635595917701721
15, 1129, 863, -0.9118750691413879
16, 900, 750, -1.1834567785263062
17, 1053, 904, -1.0176575183868408
18, 972, 768, -1.3036677837371826
19, 1035, 851, -1.0139744281768799
20, 1004, 696, -1.285514235496521
21, 1054, 830, -0.9151490330696106
22, 984, 697, -1.1846044063568115
23, 1119, 1137, -0.0237742830067873
24, 844, 1119, 0.025318743661046028
25, 1119, 1642, 0.11756989359855652
26, 801, 1629, 0.21167822182178497
27, 1080, 2071, 0.5562112331390381
28, 790, 2060, 0.6313509345054626
29, 1080, 2129, 0.5803672671318054
30, 779, 2121, 0.6645136475563049
31, 1036, 2227, 0.22526414692401886
32, 829, 2213, 0.2757905423641205
0, 1018, 281, -0.8996692299842834
1, 1049, 232, -0.8646290898323059
2, 1064, 232, -0.864743173122406
3, 1080, 233, -0.8645131587982178
4, 991, 232, -0.8639929294586182
5, 972, 232, -0.8638495206832886
6, 955, 232, -0.8641033172607422
7, 1109, 252, -0.5606488585472107
8, 928, 252, -0.5499466061592102
9, 1056, 327, -0.7827327847480774
10, 982, 328, -0.7805578708648682
11, 1250, 510, -0.3454786241054535
12, 778, 506, -0.3147256672382355
13, 1342, 903, -0.4722546637058258
14, 632, 897, -0.5722935199737549
15, 1134, 865, -0.9153875708580017
16, 895, 760, -1.1924288272857666
17, 1058, 904, -1.0203871726989746
18, 967, 777, -1.3123434782028198
19, 1044, 850, -1.0181539058685303
20, 996, 706, -1.295754075050354
21, 1061, 829, -0.9193334579467773
22, 978, 705, -1.1942814588546753
23, 1119, 1139, -0.024158958345651627
24, 844, 1122, 0.02575099840760231
25, 1120, 1644, 0.11940179765224457
26, 802, 1630, 0.21366971731185913
27, 1080, 2073, 0.5645213723182678
28, 790, 2062, 0.6383376717567444
29, 1080, 2131, 0.588016152381897
30, 779, 2123, 0.6718299984931946
31, 1036, 2229, 0.2207982987165451
32, 829, 2214, 0.2801221013069153
0, 1020, 281, -0.8838778138160706
1, 1050, 232, -0.8463728427886963
2, 1065, 232, -0.8464992642402649
3, 1081, 233, -0.8463020920753479
4, 992, 232, -0.847494900226593
5, 972, 232, -0.8472654819488525
6, 956, 232, -0.8474894165992737
7, 1110, 252, -0.5470278263092041
8, 928, 252, -0.5432425141334534
9, 1057, 327, -0.7705800533294678
10, 983, 328, -0.7706643342971802
11, 1250, 511, -0.344133585691452
12, 777, 507, -0.3132563531398773
13, 1342, 902, -0.46799513697624207
14, 632, 898, -0.5632264018058777
15, 1139, 865, -0.9085296988487244
16, 893, 759, -1.1580547094345093
17, 1068, 903, -1.011942982673645
18, 963, 776, -1.272068738937378
19, 1055, 845, -1.0090514421463013
20, 991, 705, -1.2558852434158325
21, 1069, 826, -0.9119098782539368
22, 973, 705, -1.1594318151474
23, 1120, 1140, -0.02414688840508461
24, 844, 1132, 0.025739260017871857
25, 1122, 1644, 0.11355496942996979
26, 805, 1630, 0.22295397520065308
27, 1085, 2074, 0.551438570022583
28, 794, 2062, 0.6546140313148499
29, 1086, 2131, 0.5733718276023865
30, 784, 2123, 0.6886888146400452
31, 1043, 2229, 0.20396243035793304
32, 835, 2214, 0.30242788791656494
0, 1021, 281, -0.8797237277030945
1, 1051, 232, -0.839962363243103
2, 1066, 232, -0.8400944471359253
3, 1082, 233, -0.8398910760879517
4, 993, 232, -0.8419223427772522
5, 973, 231, -0.8416566848754883
6, 956, 232, -0.8418699502944946
7, 1111, 252, -0.5385690927505493
8, 929, 252, -0.5383689403533936
9, 1057, 327, -0.7664859890937805
10, 984, 328, -0.7680767774581909
11, 1250, 512, -0.34277403354644775
12, 777, 507, -0.3116169273853302
13, 1343, 902, -0.4657316207885742
14, 632, 898, -0.5590161085128784
15, 1142, 865, -0.9088280200958252
16, 894, 759, -1.1479562520980835
17, 1073, 902, -1.0128825902938843
18, 964, 776, -1.2610145807266235
19, 1061, 844, -1.0097140073776245
20, 988, 705, -1.2447489500045776
21, 1074, 824, -0.9122313261032104
22, 971, 704, -1.1491683721542358
23, 1120, 1141, -0.024196891114115715
24, 844, 1137, 0.025804610922932625
25, 1123, 1644, 0.10802247375249863
26, 807, 1631, 0.2232888787984848
27, 1087, 2074, 0.5445486307144165
28, 796, 2062, 0.6541439890861511
29, 1088, 2132, 0.5658671855926514
30, 785, 2123, 0.6880033612251282
31, 1046, 2229, 0.19363504648208618
32, 838, 2214, 0.30051472783088684
0, 1021, 281, -0.8257614970207214
1, 1051, 232, -0.789874792098999
2, 1066, 232, -0.7900316715240479
3, 1082, 233, -0.7898299694061279
4, 993, 232, -0.7909585237503052
5, 973, 231, -0.7907273769378662
6, 957, 232, -0.7909968495368958
7, 1111, 252, -0.5008898377418518
8, 929, 252, -0.4970838725566864
9, 1058, 328, -0.7167304754257202
10, 984, 328, -0.7166668176651001
11, 1251, 513, -0.3174949884414673
12, 777, 507, -0.2936397194862366
13, 1342, 902, -0.45151054859161377
14, 631, 898, -0.5563938617706299
15, 1142, 865, -0.8897014856338501
16, 892, 757, -1.1469309329986572
17, 1074, 900, -0.9916254878044128
18, 959, 776, -1.260319471359253
19, 1060, 841, -0.9856365323066711
20, 978, 704, -1.2437504529953003
21, 1073, 823, -0.8925574421882629
22, 961, 703, -1.1481857299804688
23, 1120, 1143, -0.02389920875430107
24, 845, 1138, 0.025508349761366844
25, 1126, 1644, 0.10933263599872589
26, 810, 1632, 0.23138360679149628
27, 1093, 2074, 0.5519307255744934
28, 800, 2062, 0.6688416004180908
29, 1094, 2132, 0.5739424228668213
30, 789, 2123, 0.7039576172828674
31, 1052, 2229, 0.2033497393131256
32, 842, 2215, 0.3223159909248352
0, 1021, 281, -0.8217926621437073
1, 1051, 232, -0.7861526608467102
2, 1066, 232, -0.7863101363182068
3, 1082, 233, -0.7861054539680481
4, 993, 232, -0.7871048450469971
5, 973, 231, -0.7868991494178772
6, 957, 232, -0.7871767282485962
7, 1111, 253, -0.49642640352249146
8, 929, 252, -0.4924396276473999
9, 1058, 328, -0.7121091485023499
10, 984, 328, -0.7118812799453735
11, 1251, 513, -0.3104395568370819
12, 777, 507, -0.2898572087287903
13, 1343, 902, -0.44100311398506165
14, 630, 898, -0.5559314489364624
15, 1142, 865, -0.8744667172431946
16, 892, 756, -1.146374225616455
17, 1074, 899, -0.9754866361618042
18, 956, 775, -1.260061502456665
19, 1060, 839, -0.9700881242752075
20, 973, 703, -1.2435280084609985
21, 1073, 822, -0.8774242997169495
22, 956, 702, -1.1477411985397339
23, 1121, 1144, -0.023452596738934517
24, 845, 1139, 0.025067491456866264
25, 1128, 1644, 0.11012732982635498
26, 812, 1632, 0.23728971183300018
27, 1098, 2074, 0.5555903315544128
28, 803, 2062, 0.6806772947311401
29, 1099, 2132, 0.5778871774673462
30, 793, 2123, 0.7165626287460327
31, 1057, 2228, 0.20590294897556305
32, 845, 2214, 0.3373766541481018
0, 1021, 281, -0.8695881962776184
1, 1052, 232, -0.8330063223838806
2, 1066, 232, -0.8331325054168701
3, 1082, 233, -0.8329243063926697
4, 993, 232, -0.8355996012687683
5, 974, 231, -0.8354047536849976
6, 957, 232, -0.8356539607048035
7, 1111, 253, -0.5320724248886108
8, 929, 252, -0.5360139012336731
9, 1058, 328, -0.7553417682647705
10, 984, 328, -0.7572693228721619
11, 1251, 514, -0.3322635293006897
12, 776, 508, -0.31877031922340393
13, 1343, 901, -0.44846591353416443
14, 630, 900, -0.5601288676261902
15, 1144, 865, -0.8913512825965881
16, 865, 759, -1.1482073068618774
17, 1076, 899, -0.9946228265762329
18, 928, 782, -1.26166832447052
19, 1062, 838, -0.996392548084259
20, 951, 710, -1.2489871978759766
21, 1074, 821, -0.8977898359298706
22, 937, 706, -1.1511855125427246
23, 1121, 1144, -0.02278023399412632
24, 845, 1142, 0.024393172934651375
25, 1128, 1645, 0.13255605101585388
26, 812, 1635, 0.2382735311985016
27, 1098, 2074, 0.5950220823287964
28, 804, 2063, 0.6910795569419861
29, 1100, 2132, 0.6194328665733337
30, 794, 2124, 0.7278555631637573
31, 1057, 2229, 0.24863912165164948
32, 846, 2215, 0.3402775228023529
0, 1021, 280, -0.8798289895057678
1, 1052, 232, -0.8429712653160095
2, 1067, 232, -0.8430986404418945
3, 1082, 233, -0.8428937196731567
4, 993, 231, -0.8456332683563232
5, 974, 231, -0.8454447984695435
6, 957, 231, -0.8456886410713196
7, 1111, 253, -0.539891242980957
8, 929, 252, -0.5443877577781677
9, 1058, 327, -0.7648084759712219
10, 984, 328, -0.7668552398681641
11, 1251, 515, -0.3379744589328766
12, 776, 508, -0.32364097237586975
13, 1343, 901, -0.45165541768074036
14, 630, 902, -0.5595918297767639
15, 1146, 866, -0.8988521099090576
16, 851, 763, -1.1483205556869507
17, 1078, 899, -1.0028445720672607
18, 915, 787, -1.261710524559021
19, 1064, 838, -1.0062037706375122
20, 939, 714, -1.2506747245788574
21, 1076, 821, -0.9061059951782227
22, 926, 709, -1.1519227027893066
23, 1121, 1144, -0.022467149421572685
24, 845, 1142, 0.024074319750070572
25, 1129, 1645, 0.13865907490253448
26, 813, 1636, 0.23628419637680054
27, 1099, 2075, 0.6021623611450195
28, 805, 2064, 0.6854106187820435
29, 1101, 2133, 0.6265831589698792
30, 795, 2124, 0.7216318249702454
31, 1057, 2229, 0.25630706548690796
32, 848, 2216, 0.3327175974845886
0, 1021, 280, -0.8564220666885376
1, 1052, 232, -0.8197029829025269
2, 1067, 232, -0.8198398947715759
3, 1082, 233, -0.8196167349815369
4, 993, 231, -0.8221063017845154
5, 974, 231, -0.8218940496444702
6, 957, 232, -0.8221359848976135
7, 1111, 254, -0.5208296775817871
8, 929, 252, -0.5233340859413147
9, 1058, 327, -0.7433763146400452
10, 984, 328, -0.7449080348014832
11, 1251, 515, -0.32553422451019287
12, 776, 509, -0.3148496747016907
13, 1343, 900, -0.4495307207107544
14, 630, 902, -0.5590372681617737
15, 1146, 865, -0.8981251120567322
16, 853, 751, -1.1508939266204834
17, 1078, 897, -1.001732349395752
18, 917, 780, -1.2647709846496582
19, 1064, 838, -1.0038657188415527
20, 940, 713, -1.2517560720443726
21, 1075, 821, -0.904705822467804
22, 927, 708, -1.1537476778030396
23, 1121, 1144, -0.02221406064927578
24, 845, 1142, 0.0238246601074934
25, 1130, 1645, 0.13557785749435425
26, 813, 1637, 0.2348966896533966
27, 1101, 2075, 0.5891107320785522
28, 807, 2065, 0.6814792156219482
29, 1103, 2133, 0.6119883060455322
30, 797, 2125, 0.7171763777732849
31, 1060, 2229, 0.24030444025993347
32, 850, 2217, 0.3238305449485779
0, 1021, 280, -0.8539692163467407
1, 1052, 232, -0.8176813125610352
2, 1067, 232, -0.8178207874298096
3, 1083, 233, -0.817600429058075
4, 993, 231, -0.8198144435882568
5, 974, 231, -0.8196021914482117
6, 957, 232, -0.8198455572128296
7, 1111, 254, -0.5200526118278503
8, 929, 253, -0.52125084400177
9, 1058, 327, -0.7412929534912109
10, 984, 328, -0.7424460053443909
11, 1251, 515, -0.32478949427604675
12, 776, 510, -0.314547598361969
13, 1343, 900, -0.449564665555954
14, 630, 903, -0.5595589876174927
15, 1146, 864, -0.8978567123413086
16, 853, 746, -1.1537690162658691
17, 1078, 895, -1.001159906387329
18, 918, 777, -1.2678511142730713
19, 1063, 838, -1.0022670030593872
20, 941, 711, -1.253547191619873
21, 1074, 821, -0.9038994312286377
22, 927, 707, -1.1561472415924072
23, 1121, 1144, -0.02206658013164997
24, 845, 1142, 0.023673782125115395
25, 1131, 1645, 0.13485482335090637
26, 814, 1637, 0.23387691378593445
27, 1102, 2075, 0.5852478742599487
28, 808, 2065, 0.6777927279472351
29, 1104, 2133, 0.6077402830123901
30, 798, 2125, 0.713191568851471
31, 1061, 2229, 0.23585766553878784
32, 851, 2217, 0.32196760177612305
0, 1017, 280, -0.8404620885848999
1, 1049, 232, -0.8067695498466492
2, 1065, 232, -0.8069097399711609
3, 1080, 232, -0.8066964745521545
4, 990, 231, -0.8072859644889832
5, 971, 231, -0.8071209788322449
6, 954, 232, -0.8073829412460327
7, 1110, 253, -0.5186721086502075
8, 929, 253, -0.515014111995697
9, 1056, 327, -0.731499969959259
10, 982, 328, -0.7308007478713989
11, 1251, 515, -0.32399263978004456
12, 776, 510, -0.3085036277770996
13, 1343, 900, -0.42965707182884216
14, 630, 904, -0.557834267616272
15, 1140, 864, -0.8313804864883423
16, 865, 741, -1.1539524793624878
17, 1074, 895, -0.9271495342254639
18, 928, 771, -1.2685383558273315
19, 1058, 839, -0.9247968196868896
20, 948, 704, -1.2541234493255615
21, 1068, 821, -0.8338084816932678
22, 933, 701, -1.1563260555267334
23, 1121, 1144, -0.02125673182308674
24, 846, 1142, 0.022815221920609474
25, 1131, 1643, 0.13161501288414001
26, 816, 1635, 0.21923312544822693
27, 1103, 2072, 0.5687548518180847
28, 809, 2064, 0.6330702304840088
29, 1104, 2129, 0.5907548069953918
30, 800, 2123, 0.6649714112281799
31, 1062, 2226, 0.22946499288082123
32, 851, 2215, 0.2870521545410156
0, 1015, 280, -0.8347809314727783
1, 1047, 232, -0.8019571900367737
2, 1064, 232, -0.8020972609519958
3, 1079, 232, -0.8018872141838074
4, 988, 231, -0.8020586371421814
5, 970, 231, -0.8019095063209534
6, 952, 232, -0.8021782636642456
7, 1109, 253, -0.5179532170295715
8, 929, 253, -0.51244056224823
9, 1055, 327, -0.7270355820655823
10, 981, 328, -0.7258532047271729
11, 1251, 515, -0.3237501382827759
12, 776, 510, -0.30560070276260376
13, 1344, 900, -0.42420217394828796
14, 630, 904, -0.5564063787460327
15, 1136, 864, -0.8197535276412964
16, 872, 739, -1.1537245512008667
17, 1072, 895, -0.9148330092430115
18, 933, 767, -1.2684720754623413
19, 1055, 839, -0.9117690324783325
20, 952, 700, -1.254008173942566
21, 1064, 821, -0.821709394454956
22, 936, 697, -1.1560554504394531
23, 1121, 1144, -0.020685605704784393
24, 846, 1142, 0.022214548662304878
25, 1131, 1642, 0.12877213954925537
26, 817, 1633, 0.2132585644721985
27, 1103, 2070, 0.5604711771011353
28, 810, 2063, 0.6215651035308838
29, 1104, 2126, 0.5823590755462646
30, 801, 2121, 0.6530521512031555
31, 1062, 2223, 0.22488528490066528
32, 851, 2213, 0.27740082144737244
0, 1013, 280, -0.8914457559585571
1, 1045, 231, -0.8571949005126953
2, 1064, 231, -0.8573101162910461
3, 1078, 232, -0.8571250438690186
4, 987, 231, -0.8571620583534241
5, 969, 231, -0.8570323586463928
6, 952, 232, -0.857272744178772
7, 1108, 253, -0.5639232993125916
8, 929, 253, -0.5567343235015869
9, 1054, 326, -0.7793861031532288
10, 981, 328, -0.7779681086540222
11, 1251, 515, -0.3574686050415039
12, 776, 510, -0.33638113737106323
13, 1344, 902, -0.4630311131477356
14, 630, 905, -0.5777757167816162
15, 1136, 868, -0.8742640614509583
16, 873, 742, -1.1672472953796387
17, 1071, 898, -0.9740780591964722
18, 934, 768, -1.2822678089141846
19, 1055, 840, -0.9734010100364685
20, 953, 700, -1.2691634893417358
21, 1064, 822, -0.8776092529296875
22, 937, 696, -1.1703121662139893
23, 1121, 1144, -0.020109111443161964
24, 847, 1142, 0.02160368487238884
25, 1131, 1642, 0.14260397851467133
26, 817, 1633, 0.23939529061317444
27, 1103, 2070, 0.5960347056388855
28, 811, 2063, 0.6899816989898682
29, 1105, 2126, 0.6207216382026672
30, 803, 2121, 0.7264854907989502
31, 1062, 2223, 0.26143303513526917
32, 852, 2213, 0.35085931420326233
0, 1012, 280, -0.9037283658981323
1, 1044, 231, -0.8693684339523315
2, 1063, 231, -0.8694850206375122
3, 1077, 231, -0.8693044185638428
4, 986, 231, -0.869551956653595
5, 969, 231, -0.8694226741790771
6, 951, 232, -0.8696610927581787
7, 1108, 253, -0.5749065279960632
8, 929, 253, -0.5684226751327515
9, 1053, 326, -0.7910028100013733
10, 980, 327, -0.7898640036582947
11, 1252, 515, -0.36603328585624695
12, 776, 510, -0.34518560767173767
13, 1344, 903, -0.47245150804519653
14, 631, 905, -0.5840305685997009
15, 1136, 870, -0.8889378309249878
16, 873, 745, -1.1713526248931885
17, 1070, 900, -0.9895998239517212
18, 934, 768, -1.2862080335617065
19, 1055, 840, -0.9889149069786072
20, 953, 699, -1.2733235359191895
21, 1065, 822, -0.8924652934074402
22, 937, 696, -1.1744800806045532
23, 1121, 1144, -0.019597288221120834
24, 847, 1141, 0.021062396466732025
25, 1131, 1642, 0.1477913111448288
26, 817, 1633, 0.24447788298130035
27, 1104, 2069, 0.6057713031768799
28, 813, 2062, 0.6974297165870667
29, 1106, 2126, 0.630879819393158
30, 804, 2121, 0.7340599298477173
31, 1063, 2222, 0.27172285318374634
32, 853, 2213, 0.35782530903816223
0, 1012, 279, -0.8930862545967102
1, 1044, 230, -0.8590394258499146
2, 1063, 229, -0.859162449836731
3, 1077, 230, -0.8589732050895691
4, 985, 230, -0.8592643141746521
5, 968, 230, -0.8591398596763611
6, 950, 231, -0.8593907952308655
7, 1107, 251, -0.5706013441085815
8, 928, 253, -0.5639441013336182
9, 1052, 325, -0.7821885347366333
10, 979, 327, -0.7810927033424377
11, 1252, 516, -0.3664969205856323
12, 776, 510, -0.34206250309944153
13, 1345, 903, -0.47012221813201904
14, 631, 909, -0.5827831625938416
15, 1140, 877, -0.8587326407432556
16, 871, 756, -1.1439651250839233
17, 1070, 914, -0.95191490650177
18, 931, 774, -1.2530196905136108
19, 1055, 847, -0.9507027268409729
20, 950, 701, -1.2382946014404297
21, 1065, 828, -0.8607833981513977
22, 936, 698, -1.1457526683807373
23, 1122, 1146, -0.0193835087120533
24, 848, 1143, 0.020827848464250565
25, 1132, 1642, 0.146915003657341
26, 817, 1634, 0.24240589141845703
27, 1104, 2071, 0.6069948077201843
28, 812, 2064, 0.69157874584198
29, 1106, 2128, 0.632832944393158
30, 804, 2124, 0.7273661494255066
31, 1064, 2224, 0.2809551954269409
32, 853, 2214, 0.34585121273994446
0, 1011, 278, -0.8879286050796509
1, 1043, 228, -0.8539084196090698
2, 1062, 228, -0.8540347814559937
3, 1076, 228, -0.8538386821746826
4, 984, 229, -0.8541059494018555
5, 967, 229, -0.8539772033691406
6, 948, 231, -0.8542309403419495
7, 1106, 250, -0.5662963390350342
8, 928, 253, -0.5590007305145264
9, 1052, 325, -0.777630090713501
10, 978, 326, -0.7764167189598083
11, 1253, 516, -0.3652191460132599
12, 776, 511, -0.338986873626709
13, 1345, 904, -0.4667200446128845
14, 631, 911, -0.5814932584762573
15, 1142, 881, -0.8576354384422302
16, 869, 761, -1.1391065120697021
17, 1070, 920, -0.9510980248451233
18, 930, 778, -1.2477749586105347
19, 1055, 851, -0.9493359327316284
20, 947, 702, -1.2323585748672485
21, 1065, 831, -0.8596781492233276
22, 935, 699, -1.1406081914901733
23, 1122, 1148, -0.019403744488954544
24, 848, 1144, 0.020847389474511147
25, 1133, 1643, 0.1456253081560135
26, 817, 1636, 0.24353577196598053
27, 1105, 2072, 0.6029634475708008
28, 813, 2066, 0.6925085186958313
29, 1108, 2130, 0.6281694173812866
30, 805, 2127, 0.7285919785499573
31, 1066, 2226, 0.2726062834262848
32, 853, 2217, 0.35118114948272705
0, 1011, 277, -0.8335084915161133
1, 1043, 227, -0.7980798482894897
2, 1062, 227, -0.7982365489006042
3, 1076, 227, -0.7980291247367859
4, 984, 228, -0.7950006127357483
5, 967, 229, -0.7948673963546753
6, 948, 230, -0.7951281666755676
7, 1106, 249, -0.5140306353569031
8, 928, 253, -0.4940568208694458
9, 1052, 324, -0.7252781391143799
10, 978, 326, -0.7203832268714905
11, 1254, 519, -0.32449066638946533
12, 778, 511, -0.2673681080341339
13, 1348, 904, -0.36692288517951965
14, 630, 912, -0.478461354970932
15, 1155, 936, -0.7067636251449585
16, 868, 793, -1.0720794200897217
17, 1076, 997, -0.7975417375564575
18, 926, 812, -1.1882487535476685
19, 1054, 946, -0.8076870441436768
20, 948, 740, -1.1777456998825073
21, 1065, 918, -0.712287962436676
22, 935, 732, -1.0768738985061646
23, 1123, 1155, -0.021570125594735146
24, 849, 1150, 0.02310054749250412
25, 1136, 1650, 0.13799582421779633
26, 820, 1639, 0.1883823573589325
27, 1107, 2076, 0.600973904132843
28, 815, 2070, 0.579441249370575
29, 1109, 2133, 0.6262224912643433
30, 809, 2130, 0.6094983220100403
31, 1066, 2231, 0.27129170298576355
32, 854, 2219, 0.2340727001428604
0, 1012, 277, -0.8412051796913147
1, 1043, 227, -0.8055711984634399
2, 1062, 227, -0.8057277798652649
3, 1076, 227, -0.8055218458175659
4, 984, 228, -0.8030207753181458
5, 967, 229, -0.8028873205184937
6, 948, 230, -0.8031442165374756
7, 1106, 249, -0.5164748430252075
8, 928, 253, -0.49655020236968994
9, 1052, 324, -0.7316409945487976
10, 979, 326, -0.7273696064949036
11, 1255, 522, -0.3253766596317291
12, 779, 511, -0.262205570936203
13, 1349, 907, -0.37547340989112854
14, 629, 913, -0.47582581639289856
15, 1160, 952, -0.7338132262229919
16, 865, 804, -1.0898470878601074
17, 1078, 1012, -0.8289199471473694
18, 922, 824, -1.2078821659088135
19, 1054, 960, -0.8399564027786255
20, 947, 752, -1.1978224515914917
21, 1066, 932, -0.7402163147926331
22, 935, 744, -1.095369577407837
23, 1124, 1161, -0.02492675371468067
24, 850, 1154, 0.026553748175501823
25, 1140, 1657, 0.1285795271396637
26, 821, 1644, 0.19266876578330994
27, 1109, 2083, 0.5997101068496704
28, 817, 2074, 0.6000768542289734
29, 1111, 2140, 0.6250035166740417
30, 810, 2135, 0.6319038271903992
31, 1068, 2237, 0.2684519588947296
32, 855, 2223, 0.25213655829429626
0, 1011, 274, -0.7040489315986633
1, 1043, 224, -0.6721673607826233
2, 1062, 224, -0.6723034977912903
3, 1076, 224, -0.6721194982528687
4, 983, 226, -0.6700747013092041
5, 965, 226, -0.6698247194290161
6, 946, 228, -0.6702068448066711
7, 1105, 247, -0.4192694425582886
8, 927, 252, -0.3964538276195526
9, 1052, 322, -0.6077232956886292
10, 977, 324, -0.6023714542388916
11, 1259, 524, -0.2762739360332489
12, 775, 512, -0.23446764051914215
13, 1349, 907, -0.3136327564716339
14, 626, 913, -0.405588299036026
15, 1158, 1004, -0.5635694861412048
16, 834, 875, -0.8831666111946106
17, 1074, 1092, -0.6400267481803894
18, 904, 905, -0.9815815687179565
19, 1053, 1040, -0.6407297849655151
20, 928, 840, -0.9722467660903931
21, 1067, 994, -0.5671073794364929
22, 912, 829, -0.8867228031158447
23, 1140, 1148, -0.025508947670459747
24, 849, 1152, 0.027261370792984962
25, 1165, 1660, 0.12676025927066803
26, 832, 1654, 0.22123780846595764
27, 1145, 2088, 0.5988174676895142
28, 833, 2086, 0.6514125466346741
29, 1151, 2147, 0.6242110133171082
30, 827, 2148, 0.6881143450737
31, 1093, 2255, 0.2688182294368744
32, 877, 2242, 0.31760916113853455
0, 1011, 272, -0.6798904538154602
1, 1042, 222, -0.6483752727508545
2, 1062, 222, -0.6485208868980408
3, 1075, 223, -0.6483275294303894
4, 982, 224, -0.645630419254303
5, 964, 224, -0.6453644633293152
6, 945, 227, -0.645767331123352
7, 1105, 246, -0.3984270393848419
8, 927, 252, -0.3720598518848419
9, 1052, 321, -0.5847194790840149
10, 976, 323, -0.5784655809402466
11, 1261, 525, -0.26382729411125183
12, 773, 512, -0.21402588486671448
13, 1349, 907, -0.312216192483902
14, 624, 913, -0.40221652388572693
15, 1151, 1015, -0.5503364205360413
16, 826, 889, -0.8940896391868591
17, 1067, 1105, -0.6240765452384949
18, 898, 920, -0.9925004243850708
19, 1049, 1055, -0.6204653382301331
20, 922, 855, -0.9795437455177307
21, 1067, 1005, -0.5515357851982117
22, 905, 844, -0.8965693712234497
23, 1148, 1143, -0.02771615982055664
24, 849, 1151, 0.029687970876693726
25, 1176, 1663, 0.08981727063655853
26, 838, 1663, 0.24487169086933136
27, 1159, 2094, 0.523206889629364
28, 840, 2095, 0.6807057857513428
29, 1165, 2153, 0.5467496514320374
30, 834, 2158, 0.7175978422164917
31, 1103, 2266, 0.19135543704032898
32, 885, 2254, 0.3498106598854065
0, 1011, 267, -0.7374197840690613
1, 1042, 219, -0.7100661993026733
2, 1062, 220, -0.7101399302482605
3, 1075, 220, -0.7099612951278687
4, 982, 221, -0.7056449055671692
5, 964, 222, -0.7052577137947083
6, 945, 225, -0.7053093314170837
7, 1105, 245, -0.4429120719432831
8, 927, 251, -0.4145624041557312
9, 1052, 318, -0.637930691242218
10, 976, 320, -0.6263997554779053
11, 1262, 529, -0.2738143801689148
12, 770, 516, -0.272847443819046
13, 1345, 904, -0.2659039795398712
14, 625, 893, -0.3920162320137024
15, 1233, 1093, -0.5756645202636719
16, 801, 975, -0.8221113681793213
17, 1218, 1226, -0.6681763529777527
18, 859, 1045, -0.927822470664978
19, 1176, 1187, -0.7049573659896851
20, 909, 1011, -0.9578522443771362
21, 1143, 1086, -0.5995338559150696
22, 894, 988, -0.8421193361282349
23, 1152, 1143, -0.027766374871134758
24, 849, 1178, 0.029771912842988968
25, 1179, 1678, 0.08985363692045212
26, 841, 1672, 0.1863439977169037
27, 1155, 2115, 0.5432931184768677
28, 838, 2114, 0.6098830103874207
29, 1159, 2178, 0.5673547387123108
30, 832, 2183, 0.6429062485694885
31, 1101, 2283, 0.21094368398189545
32, 883, 2267, 0.2576504647731781
0, 1011, 265, -0.7673776149749756
1, 1042, 217, -0.7270573973655701
2, 1062, 218, -0.72739177942276
3, 1075, 218, -0.7271944284439087
4, 982, 220, -0.7316564917564392
5, 964, 220, -0.7317914962768555
6, 945, 223, -0.7325730919837952
7, 1104, 244, -0.4584045708179474
8, 927, 250, -0.46293944120407104
9, 1052, 316, -0.6661595702171326
10, 976, 318, -0.6673464179039001
11, 1263, 534, -0.28349918127059937
12, 768, 517, -0.3205246925354004
13, 1343, 904, -0.2759856581687927
14, 626, 886, -0.4087127447128296
15, 1255, 1113, -0.5841280221939087
16, 796, 992, -0.8186062574386597
17, 1245, 1246, -0.6742872595787048
18, 857, 1062, -0.9209216237068176
19, 1202, 1209, -0.7151283621788025
20, 907, 1024, -0.9517237544059753
21, 1167, 1110, -0.6092999577522278
22, 892, 1001, -0.8381816744804382
23, 1152, 1143, -0.027045520022511482
24, 847, 1186, 0.029110830277204514
25, 1178, 1684, 0.09173713624477386
26, 841, 1676, 0.15789879858493805
27, 1153, 2124, 0.5524485111236572
28, 837, 2122, 0.5591146349906921
29, 1157, 2188, 0.5769451260566711
30, 831, 2192, 0.5893831253051758
31, 1100, 2290, 0.21942275762557983
32, 881, 2272, 0.20983009040355682
0, 1009, 260, -0.6964474320411682
1, 1039, 215, -0.6622214913368225
2, 1060, 215, -0.6625016331672668
3, 1074, 216, -0.6625545024871826
4, 980, 218, -0.6653961539268494
5, 962, 219, -0.6654016375541687
6, 944, 221, -0.6659739017486572
7, 1102, 243, -0.4062079191207886
8, 926, 249, -0.40776318311691284
9, 1051, 313, -0.5983016490936279
10, 972, 314, -0.5994992852210999
11, 1263, 537, -0.23139069974422455
12, 768, 517, -0.2518300712108612
13, 1342, 905, -0.12578816711902618
14, 635, 862, -0.16592569649219513
15, 1280, 1153, -0.3515492081642151
16, 730, 1044, -0.4200906455516815
17, 1273, 1283, -0.4206632971763611
18, 739, 1133, -0.49286842346191406
19, 1237, 1257, -0.4757571518421173
20, 792, 1110, -0.5439071655273438
21, 1222, 1208, -0.3804621398448944
22, 796, 1072, -0.44541749358177185
23, 1151, 1189, -0.02726944349706173
24, 847, 1183, 0.029210509732365608
25, 1168, 1698, 0.08679439127445221
26, 830, 1689, 0.14012880623340607
27, 1144, 2140, 0.5569821000099182
28, 819, 2136, 0.536251962184906
29, 1148, 2203, 0.5795232653617859
30, 815, 2205, 0.5674083232879639
31, 1083, 2305, 0.24086864292621613
32, 856, 2288, 0.19592581689357758
0, 1007, 258, -0.6577943563461304
1, 1038, 214, -0.6228242516517639
2, 1058, 214, -0.6231141686439514
3, 1073, 215, -0.6231467723846436
4, 979, 217, -0.6241265535354614
5, 961, 218, -0.624093770980835
6, 942, 221, -0.6246531009674072
7, 1101, 242, -0.3678366243839264
8, 925, 248, -0.36105719208717346
9, 1050, 311, -0.5610018968582153
10, 971, 313, -0.5598894953727722
11, 1263, 539, -0.20177365839481354
12, 768, 517, -0.20716984570026398
13, 1342, 911, -0.13720180094242096
14, 640, 861, -0.16517509520053864
15, 1272, 1162, -0.39698848128318787
16, 727, 1055, -0.47503751516342163
17, 1259, 1270, -0.4745575189590454
18, 733, 1143, -0.5559097528457642
19, 1223, 1239, -0.5221020579338074
20, 790, 1118, -0.6027088761329651
21, 1216, 1196, -0.42410656809806824
22, 791, 1085, -0.5002343058586121
23, 1151, 1200, -0.028005527332425117
24, 845, 1180, 0.02990878000855446
25, 1160, 1706, 0.060156747698783875
26, 823, 1696, 0.12009734660387039
27, 1136, 2151, 0.49827757477760315
28, 807, 2147, 0.4751085638999939
29, 1141, 2214, 0.5218872427940369
30, 803, 2216, 0.5016831159591675
31, 1071, 2314, 0.1812317818403244
32, 842, 2297, 0.13200317323207855
0, 1006, 252, -0.9246242642402649
1, 1037, 210, -0.8975592851638794
2, 1058, 211, -0.8976870775222778
3, 1073, 213, -0.8979074954986572
4, 977, 213, -0.8921112418174744
5, 958, 215, -0.8920007944107056
6, 940, 218, -0.8924130201339722
7, 1100, 241, -0.6387733221054077
8, 923, 245, -0.6000433564186096
9, 1049, 307, -0.8205796480178833
10, 967, 307, -0.8108218312263489
11, 1264, 541, -0.4416103661060333
12, 766, 522, -0.35673272609710693
13, 1338, 911, -0.27438440918922424
14, 659, 875, -0.16442450881004333
15, 1297, 1175, -0.4716530740261078
16, 710, 1138, -0.3061572313308716
17, 1298, 1279, -0.5360292196273804
18, 699, 1220, -0.353272020816803
19, 1254, 1268, -0.5840237140655518
20, 733, 1203, -0.4171484112739563
21, 1247, 1223, -0.495976984500885
22, 734, 1164, -0.33513250946998596
23, 1152, 1222, -0.06031089276075363
24, 847, 1217, 0.06292081624269485
25, 1163, 1748, 0.045572951436042786
26, 826, 1727, 0.3587147891521454
27, 1155, 2171, 0.6113724112510681
28, 826, 2171, 0.9594415426254272
29, 1162, 2238, 0.655495285987854
30, 826, 2246, 1.011685848236084
31, 1098, 2338, 0.29365217685699463
32, 862, 2319, 0.6408348679542542
0, 1005, 252, -0.976530909538269
1, 1037, 210, -0.9523212909698486
2, 1058, 211, -0.9523981809616089
3, 1073, 213, -0.9526121020317078
4, 976, 213, -0.9510625004768372
5, 958, 215, -0.9510384798049927
6, 940, 218, -0.9514419436454773
7, 1099, 241, -0.696653425693512
8, 923, 245, -0.678365170955658
9, 1049, 307, -0.8721294403076172
10, 966, 307, -0.8682709336280823
11, 1264, 542, -0.4839005768299103
12, 765, 524, -0.436267226934433
13, 1331, 910, -0.3054465651512146
14, 666, 888, -0.21603724360466003
15, 1295, 1169, -0.4317813515663147
16, 725, 1126, -0.3007954955101013
17, 1294, 1271, -0.4797652065753937
18, 732, 1208, -0.33817151188850403
19, 1253, 1261, -0.5271387100219727
20, 762, 1184, -0.39141005277633667
21, 1246, 1216, -0.45357316732406616
22, 758, 1146, -0.32244041562080383
23, 1152, 1228, -0.05885101482272148
24, 847, 1228, 0.0611116960644722
25, 1161, 1744, 0.07204246520996094
26, 826, 1734, 0.3751622140407562
27, 1157, 2168, 0.6890018582344055
28, 829, 2173, 0.9736753106117249
29, 1163, 2233, 0.7342926263809204
30, 830, 2244, 1.0268261432647705
31, 1104, 2338, 0.38212719559669495
32, 868, 2325, 0.665108323097229
0, 1005, 252, -0.9002378582954407
1, 1037, 210, -0.8699427247047424
2, 1058, 210, -0.8701353073120117
3, 1073, 212, -0.8702163696289062
4, 976, 213, -0.8720805048942566
5, 957, 215, -0.8720123767852783
6, 938, 218, -0.8724760413169861
7, 1099, 241, -0.6035252213478088
8, 921, 245, -0.5966134667396545
9, 1049, 307, -0.7938894629478455
10, 965, 307, -0.793213963508606
11, 1264, 542, -0.44414350390434265
12, 764, 526, -0.38965290784835815
13, 1327, 910, -0.24546822905540466
14, 683, 889, -0.23897019028663635
15, 1308, 1202, -0.4669608771800995
16, 698, 1161, -0.4627434313297272
17, 1319, 1309, -0.5355571508407593
18, 690, 1255, -0.533525824546814
19, 1283, 1301, -0.588887095451355
20, 716, 1232, -0.5992443561553955
21, 1267, 1257, -0.4969653785228729
22, 723, 1192, -0.49572911858558655
23, 1159, 1229, -0.05786377191543579
24, 841, 1235, 0.06027873232960701
25, 1161, 1754, 0.06953275203704834
26, 818, 1748, 0.23945370316505432
27, 1151, 2196, 0.6544177532196045
28, 814, 2197, 0.836721658706665
29, 1155, 2264, 0.6930283904075623
30, 815, 2272, 0.8997395634651184
31, 1096, 2366, 0.3327902853488922
32, 855, 2351, 0.4401892125606537
0, 1005, 252, -0.9179888963699341
1, 1037, 209, -0.8852630257606506
2, 1057, 210, -0.8855352997779846
3, 1073, 212, -0.885618269443512
4, 975, 213, -0.891204297542572
5, 957, 215, -0.8910770416259766
6, 938, 218, -0.8915435671806335
7, 1098, 240, -0.6006901860237122
8, 919, 245, -0.6110988259315491
9, 1048, 307, -0.8050221800804138
10, 965, 308, -0.8094437718391418
11, 1264, 542, -0.39655801653862
12, 762, 529, -0.404977947473526
13, 1326, 911, -0.25105980038642883
14, 696, 900, -0.2637042701244354
15, 1311, 1210, -0.48228719830513
16, 700, 1176, -0.5267107486724854
17, 1325, 1315, -0.5555803179740906
18, 693, 1270, -0.603676974773407
19, 1290, 1307, -0.61040198802948
20, 720, 1245, -0.6699906587600708
21, 1272, 1264, -0.5141060948371887
22, 729, 1206, -0.5614550113677979
23, 1162, 1229, -0.05412837490439415
24, 844, 1227, 0.05636044964194298
25, 1162, 1763, 0.0669463649392128
26, 818, 1762, 0.1969388872385025
27, 1150, 2213, 0.636644721031189
28, 814, 2215, 0.7085633873939514
29, 1154, 2281, 0.6720434427261353
30, 816, 2289, 0.7533919811248779
31, 1096, 2381, 0.32584676146507263
32, 856, 2367, 0.3193935751914978
0, 1004, 252, -0.9060156345367432
1, 1035, 209, -0.879489541053772
2, 1056, 210, -0.8798194527626038
3, 1072, 212, -0.880431592464447
4, 973, 213, -0.8895891904830933
5, 955, 215, -0.8896241784095764
6, 936, 218, -0.8898678421974182
7, 1097, 240, -0.5844542384147644
8, 916, 245, -0.6073672771453857
9, 1047, 306, -0.7881986498832703
10, 963, 308, -0.7951192855834961
11, 1262, 541, -0.3552500009536743
12, 762, 529, -0.3871845304965973
13, 1322, 914, -0.19762584567070007
14, 691, 900, -0.23899522423744202
15, 1324, 1205, -0.41015174984931946
16, 681, 1156, -0.4790869951248169
17, 1354, 1345, -0.4758305549621582
18, 660, 1250, -0.5513985753059387
19, 1327, 1341, -0.5434072017669678
20, 687, 1222, -0.6255363821983337
21, 1303, 1301, -0.44625186920166016
22, 700, 1181, -0.5158358216285706
23, 1155, 1230, -0.05349685624241829
24, 833, 1223, 0.0554351732134819
25, 1128, 1774, 0.06849319487810135
26, 786, 1767, 0.162977933883667
27, 1099, 2232, 0.6290513277053833
28, 762, 2232, 0.6112960577011108
29, 1100, 2299, 0.6629984378814697
30, 761, 2305, 0.6459683179855347
31, 1039, 2397, 0.3204878866672516
32, 792, 2385, 0.2281753569841385
0, 1003, 252, -0.8535945415496826
1, 1035, 209, -0.8240250945091248
2, 1056, 210, -0.8243332505226135
3, 1072, 212, -0.8247430920600891
4, 973, 213, -0.8317438364028931
5, 953, 215, -0.8315980434417725
6, 935, 218, -0.83201664686203
7, 1097, 240, -0.5379721522331238
8, 915, 245, -0.5546022057533264
9, 1047, 306, -0.740752100944519
10, 962, 308, -0.7456426620483398
11, 1260, 541, -0.32187530398368835
12, 761, 529, -0.3623272478580475
13, 1320, 917, -0.17828045785427094
14, 690, 900, -0.2249949872493744
15, 1329, 1204, -0.3877662420272827
16, 677, 1166, -0.4702405631542206
17, 1368, 1348, -0.45277297496795654
18, 656, 1259, -0.5414162874221802
19, 1340, 1346, -0.5187970399856567
20, 683, 1235, -0.6170431971549988
21, 1315, 1306, -0.42303788661956787
22, 696, 1192, -0.5075021386146545
23, 1155, 1233, -0.05144771188497543
24, 822, 1240, 0.05343563109636307
25, 1124, 1785, 0.061440952122211456
26, 783, 1781, 0.15162396430969238
27, 1093, 2248, 0.6047165989875793
28, 758, 2251, 0.5862663388252258
29, 1095, 2314, 0.636437714099884
30, 756, 2324, 0.6195420622825623
31, 1034, 2413, 0.2698622941970825
32, 788, 2403, 0.2091878354549408
0, 1003, 252, -0.8168323636054993
1, 1034, 209, -0.7839763760566711
2, 1056, 210, -0.784302294254303
3, 1072, 212, -0.7845871448516846
4, 972, 213, -0.7861645221710205
5, 953, 215, -0.7859308123588562
6, 934, 218, -0.7863578200340271
7, 1097, 240, -0.5012925267219543
8, 913, 245, -0.49674904346466064
9, 1046, 306, -0.7063297033309937
10, 961, 308, -0.7056958675384521
11, 1258, 538, -0.2914910614490509
12, 761, 529, -0.30426278710365295
13, 1321, 913, -0.16306200623512268
14, 688, 899, -0.1958995908498764
15, 1351, 1202, -0.37950101494789124
16, 638, 1184, -0.46400412917137146
17, 1379, 1323, -0.4486906826496124
18, 615, 1277, -0.5423720479011536
19, 1383, 1345, -0.5167108178138733
20, 650, 1259, -0.6222430467605591
21, 1352, 1307, -0.41670504212379456
22, 669, 1223, -0.5046714544296265
23, 1155, 1231, -0.05022416263818741
24, 824, 1235, 0.052210450172424316
25, 1127, 1790, 0.040911316871643066
26, 785, 1782, 0.12603826820850372
27, 1098, 2256, 0.5668988823890686
28, 764, 2256, 0.5459400415420532
29, 1100, 2327, 0.5963172316551208
30, 763, 2333, 0.5776764154434204
31, 1040, 2417, 0.21484631299972534
32, 797, 2406, 0.16037525236606598
0, 1003, 252, -0.7923335433006287
1, 1034, 209, -0.7589308619499207
2, 1056, 210, -0.7592514753341675
3, 1072, 212, -0.7594780325889587
4, 972, 213, -0.7615308165550232
5, 952, 215, -0.761322021484375
6, 933, 218, -0.7617968320846558
7, 1097, 240, -0.47617924213409424
8, 912, 245, -0.4755159616470337
9, 1046, 306, -0.6816557049751282
10, 960, 308, -0.6819859147071838
11, 1257, 536, -0.2645455598831177
12, 759, 529, -0.2881156802177429
13, 1321, 910, -0.14713309705257416
14, 686, 898, -0.19136658310890198
15, 1349, 1195, -0.3894869387149811
16, 635, 1185, -0.46465232968330383
17, 1373, 1312, -0.4618798792362213
18, 619, 1269, -0.5459757447242737
19, 1373, 1334, -0.5309317111968994
20, 652, 1248, -0.6244428157806396
21, 1344, 1295, -0.4275583028793335
22, 670, 1213, -0.5044825077056885
23, 1155, 1231, -0.0480816476047039
24, 825, 1231, 0.05007978901267052
25, 1129, 1789, 0.046568579971790314
26, 788, 1781, 0.12657171487808228
27, 1101, 2253, 0.5740956664085388
28, 770, 2253, 0.5491431951522827
29, 1103, 2323, 0.6049093008041382
30, 768, 2329, 0.5813362002372742
31, 1044, 2415, 0.23038434982299805
32, 804, 2403, 0.17016686499118805
0, 1002, 253, -0.7039404511451721
1, 1034, 210, -0.6780835390090942
2, 1055, 211, -0.6782354712486267
3, 1071, 212, -0.6783942580223083
4, 971, 213, -0.6793577075004578
5, 951, 215, -0.6791477203369141
6, 932, 218, -0.6795082688331604
7, 1096, 240, -0.43735647201538086
8, 911, 245, -0.42900922894477844
9, 1045, 307, -0.6096031069755554
10, 959, 308, -0.6078088283538818
11, 1257, 535, -0.27026432752609253
12, 759, 529, -0.2694909870624542
13, 1325, 910, -0.15485498309135437
14, 685, 895, -0.16036906838417053
15, 1361, 1199, -0.3154953718185425
16, 622, 1166, -0.3731505274772644
17, 1420, 1325, -0.36889442801475525
18, 601, 1253, -0.4283331334590912
19, 1395, 1335, -0.42571648955345154
20, 631, 1232, -0.5001480579376221
21, 1365, 1297, -0.3462223708629608
22, 649, 1199, -0.4090532958507538
23, 1155, 1230, -0.04861896112561226
24, 830, 1231, 0.05060100555419922
25, 1140, 1783, 0.0285799540579319
26, 800, 1780, 0.1390811949968338
27, 1123, 2251, 0.48013192415237427
28, 797, 2252, 0.5574975609779358
29, 1128, 2321, 0.5054762363433838
30, 797, 2326, 0.5883214473724365
31, 1066, 2414, 0.1580582559108734
32, 829, 2402, 0.20300956070423126
0, 1002, 253, -0.6854743361473083
1, 1033, 210, -0.6591883897781372
2, 1055, 211, -0.6593335866928101
3, 1071, 213, -0.6595074534416199
4, 970, 214, -0.6600458025932312
5, 950, 215, -0.659828245639801
6, 931, 218, -0.6601854562759399
7, 1095, 240, -0.4196585714817047
8, 910, 245, -0.4087781012058258
9, 1044, 307, -0.5917937159538269
10, 958, 308, -0.589307963848114
11, 1257, 535, -0.2631476819515228
12, 759, 529, -0.2541961073875427
13, 1327, 909, -0.15024782717227936
14, 684, 894, -0.14806771278381348
15, 1360, 1202, -0.30739185214042664
16, 622, 1158, -0.36344167590141296
17, 1420, 1330, -0.36212918162345886
18, 603, 1247, -0.41930732131004333
19, 1391, 1335, -0.4175405502319336
20, 634, 1225, -0.48952633142471313
21, 1362, 1297, -0.3373718857765198
22, 654, 1187, -0.3983969986438751
23, 1156, 1229, -0.049581825733184814
24, 835, 1226, 0.051510799676179886
25, 1150, 1780, 0.022209089249372482
26, 811, 1780, 0.14361953735351562
27, 1139, 2249, 0.46983250975608826
28, 815, 2252, 0.5704438090324402
29, 1146, 2319, 0.49498888850212097
30, 816, 2326, 0.6020970940589905
31, 1083, 2414, 0.14501234889030457
32, 848, 2401, 0.21743132174015045
0, 1002, 253, -0.8257301449775696
1, 1033, 211, -0.8009980320930481
2, 1054, 211, -0.8011617064476013
3, 1070, 213, -0.8013615012168884
4, 970, 214, -0.8021745085716248
5, 950, 216, -0.801990270614624
6, 931, 218, -0.8023369312286377
7, 1095, 240, -0.5418366193771362
8, 910, 245, -0.5337970852851868
9, 1044, 307, -0.7224485874176025
10, 958, 309, -0.7205891013145447
11, 1257, 535, -0.3410854935646057
12, 759, 529, -0.3490532636642456
13, 1329, 909, -0.20709531009197235
14, 681, 893, -0.23411551117897034
15, 1373, 1202, -0.36353740096092224
16, 616, 1179, -0.4574446380138397
17, 1453, 1342, -0.4178326427936554
18, 586, 1283, -0.5141832232475281
19, 1383, 1325, -0.49396345019340515
20, 621, 1269, -0.6100184321403503
21, 1390, 1313, -0.40406545996665955
22, 642, 1235, -0.5022419095039368
23, 1156, 1229, -0.051336053758859634
24, 844, 1225, 0.05313907936215401
25, 1151, 1780, 0.02762755937874317
26, 818, 1785, 0.1531510055065155
27, 1139, 2254, 0.5346570611000061
28, 820, 2261, 0.5801833868026733
29, 1146, 2323, 0.5645676255226135
30, 821, 2335, 0.613099992275238
31, 1083, 2420, 0.20136472582817078
32, 851, 2409, 0.21685294806957245
0, 1002, 254, -0.8233026266098022
1, 1033, 211, -0.796671450138092
2, 1054, 212, -0.7968946695327759
3, 1070, 213, -0.7969626784324646
4, 970, 214, -0.7983884811401367
5, 950, 216, -0.7983075976371765
6, 931, 218, -0.7987776398658752
7, 1094, 240, -0.530021607875824
8, 910, 245, -0.5234884023666382
9, 1044, 307, -0.7209004163742065
10, 958, 309, -0.7202205061912537
11, 1256, 534, -0.33319535851478577
12, 759, 529, -0.3384403884410858
13, 1331, 910, -0.20061519742012024
14, 679, 893, -0.2317928820848465
15, 1378, 1203, -0.3714016079902649
16, 613, 1185, -0.4577476680278778
17, 1430, 1334, -0.4309290945529938
18, 583, 1291, -0.5190423727035522
19, 1384, 1321, -0.4968937039375305
20, 618, 1280, -0.6039044260978699
21, 1401, 1314, -0.40749591588974
22, 639, 1246, -0.49874359369277954
23, 1157, 1228, -0.05192061513662338
24, 851, 1224, 0.05372297763824463
25, 1153, 1781, 0.034765999764204025
26, 825, 1788, 0.1518235206604004
27, 1142, 2258, 0.5365886688232422
28, 825, 2265, 0.5512820482254028
29, 1148, 2328, 0.5655727386474609
30, 826, 2340, 0.5819052457809448
31, 1085, 2424, 0.20397260785102844
32, 856, 2412, 0.18410305678844452
0, 1001, 254, -0.8360324501991272
1, 1033, 211, -0.8093254566192627
2, 1054, 212, -0.8094987869262695
3, 1070, 213, -0.8096581101417542
4, 970, 214, -0.8110063076019287
5, 950, 216, -0.8108660578727722
6, 931, 218, -0.81125408411026
7, 1094, 240, -0.5451692342758179
8, 909, 245, -0.5392719507217407
9, 1044, 307, -0.7322693467140198
10, 958, 309, -0.731186032295227
11, 1256, 533, -0.34521231055259705
12, 759, 529, -0.35403966903686523
13, 1332, 910, -0.21457043290138245
14, 677, 894, -0.24912263453006744
15, 1380, 1203, -0.39609426259994507
16, 613, 1187, -0.48317334055900574
17, 1423, 1329, -0.4588298797607422
18, 587, 1299, -0.5460358262062073
19, 1424, 1341, -0.5287166833877563
20, 623, 1286, -0.6325075030326843
21, 1402, 1316, -0.43421080708503723
22, 643, 1253, -0.5244755744934082
23, 1160, 1228, -0.05186328664422035
24, 861, 1224, 0.053630877286195755
25, 1161, 1780, 0.04164682701230049
26, 836, 1789, 0.15547148883342743
27, 1153, 2256, 0.5569916367530823
28, 837, 2265, 0.5633420944213867
29, 1159, 2325, 0.5871782302856445
30, 838, 2339, 0.5949815511703491
31, 1097, 2422, 0.22330667078495026
32, 867, 2411, 0.20089825987815857
0, 1001, 254, -0.825343668460846
1, 1032, 211, -0.8060625791549683
2, 1054, 212, -0.8060360550880432
3, 1070, 213, -0.8061913251876831
4, 970, 214, -0.8104886412620544
5, 950, 216, -0.8102807998657227
6, 930, 218, -0.8108069896697998
7, 1094, 240, -0.5360805988311768
8, 909, 245, -0.5326679348945618
9, 1044, 307, -0.7319363951683044
10, 958, 309, -0.7279490828514099
11, 1256, 533, -0.3428853154182434
12, 759, 530, -0.35757923126220703
13, 1335, 911, -0.21653605997562408
14, 675, 896, -0.25319841504096985
15, 1382, 1207, -0.39247509837150574
16, 618, 1193, -0.4816054701805115
17, 1419, 1328, -0.45370444655418396
18, 585, 1318, -0.541185200214386
19, 1408, 1335, -0.5177997350692749
20, 631, 1293, -0.6231833696365356
21, 1398, 1320, -0.4276648461818695
22, 650, 1259, -0.5212849378585815
23, 1164, 1227, -0.05134075880050659
24, 864, 1223, 0.05303776636719704
25, 1168, 1781, 0.041811954230070114
26, 840, 1792, 0.1466718465089798
27, 1160, 2258, 0.5318432450294495
28, 842, 2267, 0.5346910357475281
29, 1166, 2327, 0.5601154565811157
30, 843, 2340, 0.5650964379310608
31, 1104, 2426, 0.21106980741024017
32, 871, 2415, 0.17937776446342468
