0, 982, 300, -0.789556086063385
1, 1016, 258, -0.7622143626213074
2, 1033, 257, -0.7624323964118958
3, 1050, 257, -0.7626410126686096
4, 957, 258, -0.7617600560188293
5, 940, 258, -0.7615991234779358
6, 923, 258, -0.7619813084602356
7, 1077, 272, -0.5070719122886658
8, 905, 270, -0.4928385317325592
9, 1020, 349, -0.6884385943412781
10, 949, 352, -0.6848809123039246
11, 1224, 552, -0.3114815056324005
12, 762, 525, -0.30563896894454956
13, 1273, 899, -0.21232843399047852
14, 684, 872, -0.21876658499240875
15, 1315, 1142, -0.45253297686576843
16, 657, 1119, -0.488182008266449
17, 1345, 1230, -0.5289890170097351
18, 645, 1202, -0.5631979703903198
19, 1319, 1225, -0.5914960503578186
20, 669, 1180, -0.6401541829109192
21, 1294, 1190, -0.48724037408828735
22, 679, 1155, -0.5266138911247253
23, 1095, 1163, -0.045692410320043564
24, 828, 1151, 0.0477994903922081
25, 1089, 1636, 0.030919572338461876
26, 790, 1637, 0.22693376243114471
27, 1075, 2036, 0.5439727902412415
28, 780, 2044, 0.7145246267318726
29, 1078, 2101, 0.5762053728103638
30, 775, 2114, 0.7544859051704407
31, 1022, 2191, 0.23203681409358978
32, 813, 2185, 0.38555338978767395
0, 983, 303, -0.7814241647720337
1, 1016, 259, -0.7551103234291077
2, 1034, 258, -0.7553049325942993
3, 1050, 258, -0.7555111050605774
4, 958, 261, -0.7555029392242432
5, 940, 261, -0.7553334832191467
6, 923, 261, -0.7557404637336731
7, 1076, 273, -0.49473893642425537
8, 905, 274, -0.48367616534233093
9, 1020, 350, -0.677150309085846
10, 949, 353, -0.6745814681053162
11, 1222, 549, -0.2958424389362335
12, 760, 524, -0.29458311200141907
13, 1267, 893, -0.17931503057479858
14, 682, 869, -0.20073698461055756
15, 1308, 1142, -0.41318416595458984
16, 657, 1115, -0.46706241369247437
17, 1326, 1223, -0.48558178544044495
18, 646, 1194, -0.5408509373664856
19, 1312, 1225, -0.550119936466217
20, 670, 1170, -0.6159672141075134
21, 1287, 1190, -0.44789981842041016
22, 679, 1144, -0.503930389881134
23, 1094, 1172, -0.0471685491502285
24, 821, 1159, 0.04925477132201195
25, 1089, 1645, 0.007218089886009693
26, 783, 1647, 0.23128901422023773
27, 1077, 2058, 0.5144103169441223
28, 780, 2062, 0.7353544235229492
29, 1081, 2118, 0.5467026233673096
30, 776, 2128, 0.777673602104187
31, 1025, 2218, 0.19504402577877045
32, 814, 2205, 0.4012601673603058
0, 984, 305, -0.8094163537025452
1, 1017, 259, -0.783105194568634
2, 1034, 258, -0.783296525478363
3, 1050, 258, -0.7835110425949097
4, 958, 262, -0.7834736704826355
5, 940, 262, -0.7832929491996765
6, 923, 262, -0.7836975455284119
7, 1076, 274, -0.5124781727790833
8, 905, 276, -0.5002155900001526
9, 1020, 350, -0.7005175352096558
10, 949, 353, -0.6977649927139282
11, 1221, 546, -0.30635887384414673
12, 758, 524, -0.2971190810203552
13, 1265, 891, -0.1852583885192871
14, 682, 867, -0.20297172665596008
15, 1303, 1142, -0.4216300845146179
16, 663, 1112, -0.46786630153656006
17, 1316, 1224, -0.4952854812145233
18, 657, 1193, -0.5430262088775635
19, 1306, 1225, -0.5585404634475708
20, 683, 1167, -0.6163163781166077
21, 1282, 1190, -0.45632204413414
22, 691, 1137, -0.504951000213623
23, 1094, 1176, -0.05141118913888931
24, 821, 1164, 0.053489185869693756
25, 1091, 1651, -0.004238096997141838
26, 784, 1652, 0.24963195621967316
27, 1084, 2066, 0.5151788592338562
28, 785, 2069, 0.7853337526321411
29, 1088, 2125, 0.5480801463127136
30, 782, 2134, 0.8307155966758728
31, 1031, 2228, 0.18755023181438446
32, 821, 2212, 0.44442421197891235
0, 984, 305, -0.8235099911689758
1, 1017, 259, -0.7977812886238098
2, 1034, 259, -0.7979689836502075
3, 1050, 258, -0.7981836199760437
4, 958, 262, -0.7983142733573914
5, 940, 263, -0.7981548309326172
6, 923, 263, -0.7985551357269287
7, 1075, 274, -0.5279008150100708
8, 905, 277, -0.5163053870201111
9, 1020, 350, -0.7148380279541016
10, 949, 354, -0.7122942209243774
11, 1221, 544, -0.31846001744270325
12, 757, 523, -0.308682918548584
13, 1264, 890, -0.18912068009376526
14, 682, 864, -0.20515932142734528
15, 1296, 1140, -0.4184737503528595
16, 670, 1107, -0.46850594878196716
17, 1311, 1226, -0.4913507103919983
18, 666, 1190, -0.5440933704376221
19, 1300, 1228, -0.5555506944656372
20, 692, 1163, -0.618888258934021
21, 1277, 1192, -0.452824205160141
22, 699, 1131, -0.5069245100021362
23, 1095, 1178, -0.052775051444768906
24, 821, 1166, 0.05477456375956535
25, 1091, 1655, 0.0002915237273555249
26, 783, 1655, 0.25334447622299194
27, 1084, 2071, 0.5234054923057556
28, 786, 2072, 0.7840980887413025
29, 1089, 2129, 0.557267963886261
30, 783, 2137, 0.8288366794586182
31, 1032, 2232, 0.1939028650522232
32, 821, 2216, 0.4431362748146057
0, 984, 306, -0.8143001198768616
1, 1016, 260, -0.7916208505630493
2, 1034, 259, -0.79176926612854
3, 1050, 258, -0.7919641137123108
4, 958, 263, -0.7903923392295837
5, 940, 263, -0.7902745604515076
6, 923, 264, -0.7906475067138672
7, 1075, 274, -0.5236285924911499
8, 905, 278, -0.5046408772468567
9, 1020, 350, -0.7058632969856262
10, 949, 354, -0.7007827758789062
11, 1220, 542, -0.31791064143180847
12, 757, 523, -0.293582946062088
13, 1264, 878, -0.19592919945716858
14, 682, 859, -0.19696012139320374
15, 1293, 1105, -0.44651496410369873
16, 676, 1101, -0.47204622626304626
17, 1313, 1200, -0.5261837840080261
18, 674, 1185, -0.5494593381881714
19, 1301, 1194, -0.5905768275260925
20, 701, 1156, -0.6226394176483154
21, 1277, 1160, -0.4812737703323364
22, 708, 1115, -0.5092283487319946
23, 1095, 1178, -0.05497586354613304
24, 821, 1168, 0.05690598487854004
25, 1094, 1650, 0.0422816127538681
26, 786, 1652, 0.2978959083557129
27, 1087, 2070, 0.5544344186782837
28, 790, 2071, 0.8406678438186646
29, 1091, 2127, 0.5878408551216125
30, 789, 2134, 0.8869321942329407
31, 1033, 2230, 0.22844572365283966
32, 824, 2214, 0.5104407668113708
0, 984, 306, -0.8049112558364868
1, 1016, 260, -0.7828586101531982
2, 1034, 259, -0.7829853296279907
3, 1050, 258, -0.7831652164459229
4, 958, 263, -0.7818071842193604
5, 940, 264, -0.7816924452781677
6, 923, 264, -0.7820492386817932
7, 1074, 274, -0.5185456871986389
8, 905, 279, -0.4993234872817993
9, 1020, 350, -0.697931706905365
10, 949, 354, -0.6928598284721375
11, 1220, 541, -0.317571759223938
12, 757, 523, -0.2922470271587372
13, 1264, 877, -0.19627729058265686
14, 683, 858, -0.1968241184949875
15, 1292, 1101, -0.4463094472885132
16, 679, 1099, -0.473296195268631
17, 1315, 1199, -0.5253286957740784
18, 675, 1182, -0.5504719614982605
19, 1301, 1192, -0.589522123336792
20, 701, 1153, -0.6242059469223022
21, 1277, 1159, -0.4810316860675812
22, 711, 1110, -0.5107141137123108
23, 1095, 1177, -0.0557396374642849
24, 821, 1170, 0.05764561891555786
25, 1096, 1649, 0.05475399270653725
26, 789, 1652, 0.3003760576248169
27, 1089, 2068, 0.5589381456375122
28, 795, 2070, 0.8341941833496094
29, 1093, 2126, 0.5915306210517883
30, 794, 2134, 0.8794593811035156
31, 1034, 2228, 0.23485811054706573
32, 826, 2212, 0.5045097470283508
0, 984, 305, -0.803976833820343
1, 1016, 259, -0.781897246837616
2, 1034, 258, -0.7820144891738892
3, 1050, 258, -0.7822034358978271
4, 958, 263, -0.7808616757392883
5, 940, 264, -0.7807818055152893
6, 923, 264, -0.7811823487281799
7, 1074, 274, -0.5144409537315369
8, 905, 279, -0.4884673058986664
9, 1020, 349, -0.6977177858352661
10, 949, 354, -0.6918182373046875
11, 1220, 541, -0.30971434712409973
12, 757, 522, -0.28235530853271484
13, 1264, 877, -0.19432096183300018
14, 683, 856, -0.19040508568286896
15, 1298, 1103, -0.44898927211761475
16, 679, 1099, -0.4743671715259552
17, 1337, 1199, -0.5290758013725281
18, 673, 1187, -0.5508696436882019
19, 1320, 1193, -0.5958190560340881
20, 700, 1159, -0.6279621720314026
21, 1294, 1159, -0.4851899743080139
22, 710, 1115, -0.5112481117248535
23, 1096, 1177, -0.060247503221035004
24, 821, 1170, 0.06221923977136612
25, 1096, 1649, 0.04239033907651901
26, 790, 1652, 0.28667086362838745
27, 1089, 2068, 0.5266218781471252
28, 796, 2073, 0.8134063482284546
29, 1093, 2127, 0.5559929013252258
30, 795, 2138, 0.859775722026825
31, 1034, 2227, 0.19066335260868073
32, 826, 2213, 0.4900709390640259
0, 984, 305, -0.8043506741523743
1, 1016, 259, -0.7805606722831726
2, 1034, 258, -0.7807106375694275
3, 1049, 258, -0.7809035778045654
4, 958, 263, -0.7794257402420044
5, 940, 264, -0.7793344259262085
6, 923, 264, -0.7797410488128662
7, 1073, 274, -0.5140500068664551
8, 905, 280, -0.48873084783554077
9, 1020, 349, -0.6980623006820679
10, 949, 354, -0.6921250820159912
11, 1221, 541, -0.30832651257514954
12, 758, 522, -0.28430917859077454
13, 1265, 877, -0.19389258325099945
14, 683, 855, -0.192514106631279
15, 1303, 1101, -0.4497823119163513
16, 679, 1100, -0.48110970854759216
17, 1347, 1201, -0.5295678377151489
18, 672, 1190, -0.5587800741195679
19, 1330, 1195, -0.5971633195877075
20, 700, 1164, -0.6381493210792542
21, 1303, 1161, -0.48650795221328735
22, 710, 1118, -0.5189492106437683
23, 1096, 1176, -0.061059996485710144
24, 821, 1170, 0.0630379319190979
25, 1096, 1648, 0.04190964996814728
26, 791, 1651, 0.28175088763237
27, 1089, 2067, 0.5228973627090454
28, 798, 2074, 0.8009082078933716
29, 1093, 2126, 0.5524124503135681
30, 797, 2139, 0.8459054231643677
31, 1035, 2226, 0.1899881809949875
32, 827, 2213, 0.4775468111038208
0, 984, 305, -0.7952521443367004
1, 1016, 259, -0.769238293170929
2, 1034, 258, -0.7694213390350342
3, 1049, 258, -0.7696408629417419
4, 958, 263, -0.7680155038833618
5, 940, 264, -0.7678680419921875
6, 923, 265, -0.7682878375053406
7, 1073, 274, -0.5032936334609985
8, 905, 280, -0.4803197979927063
9, 1021, 349, -0.6896252036094666
10, 950, 354, -0.6837865710258484
11, 1221, 541, -0.2990134358406067
12, 758, 523, -0.2856742739677429
13, 1266, 880, -0.1875351518392563
14, 683, 862, -0.19390670955181122
15, 1304, 1119, -0.43906497955322266
16, 678, 1123, -0.48071053624153137
17, 1353, 1223, -0.5179017782211304
18, 659, 1231, -0.558780312538147
19, 1334, 1219, -0.5866199731826782
20, 697, 1206, -0.6380350589752197
21, 1306, 1186, -0.4764415919780731
22, 710, 1151, -0.5185883045196533
23, 1097, 1176, -0.06066463515162468
24, 821, 1171, 0.06261514872312546
25, 1095, 1659, 0.04083389788866043
26, 790, 1661, 0.2684022784233093
27, 1088, 2081, 0.5428733825683594
28, 797, 2086, 0.783946692943573
29, 1092, 2141, 0.5744461417198181
30, 796, 2151, 0.8280645608901978
31, 1033, 2239, 0.20970134437084198
32, 827, 2229, 0.44205912947654724
0, 985, 305, -0.7896289825439453
1, 1016, 259, -0.7626811861991882
2, 1035, 258, -0.7628783583641052
3, 1049, 258, -0.7631064653396606
4, 958, 264, -0.7615330815315247
5, 941, 265, -0.7613658308982849
6, 923, 265, -0.7617908120155334
7, 1073, 274, -0.4972861409187317
8, 905, 281, -0.47596341371536255
9, 1021, 349, -0.6842883229255676
10, 950, 354, -0.6787010431289673
11, 1221, 541, -0.2929129898548126
12, 758, 523, -0.2865176498889923
13, 1267, 881, -0.18158510327339172
14, 683, 868, -0.19474487006664276
15, 1305, 1127, -0.43070098757743835
16, 678, 1134, -0.4795638620853424
17, 1358, 1231, -0.5082854628562927
18, 652, 1246, -0.558152437210083
19, 1337, 1228, -0.577028214931488
20, 696, 1221, -0.6367901563644409
21, 1309, 1195, -0.46811339259147644
22, 709, 1165, -0.5172959566116333
23, 1097, 1177, -0.059859856963157654
24, 821, 1173, 0.06178109347820282
25, 1094, 1664, 0.04027975723147392
26, 789, 1665, 0.26253101229667664
27, 1086, 2087, 0.552394449710846
28, 796, 2091, 0.7799637913703918
29, 1090, 2148, 0.5849283933639526
30, 795, 2156, 0.8242972493171692
31, 1032, 2246, 0.22174395620822906
32, 827, 2237, 0.4344923794269562
0, 985, 306, -0.8397728204727173
1, 1016, 260, -0.8118546009063721
2, 1035, 258, -0.8120651841163635
3, 1049, 258, -0.8122796416282654
4, 958, 264, -0.8122918605804443
5, 941, 265, -0.8122002482414246
6, 923, 266, -0.8126165866851807
7, 1073, 274, -0.5383102297782898
8, 905, 282, -0.5261017680168152
9, 1021, 349, -0.7309560179710388
10, 950, 354, -0.7278493642807007
11, 1221, 541, -0.3171563148498535
12, 758, 525, -0.3264046609401703
13, 1267, 884, -0.2008446753025055
14, 683, 872, -0.23302140831947327
15, 1314, 1150, -0.46208542585372925
16, 677, 1137, -0.5205963253974915
17, 1358, 1241, -0.5437053442001343
18, 649, 1251, -0.6025776267051697
19, 1337, 1238, -0.614612340927124
20, 698, 1218, -0.6823034286499023
21, 1309, 1205, -0.5007704496383667
22, 709, 1170, -0.5590965747833252
23, 1097, 1179, -0.058300700038671494
24, 821, 1174, 0.060151465237140656
25, 1094, 1669, 0.0475168339908123
26, 789, 1669, 0.25004297494888306
27, 1085, 2093, 0.5687094330787659
28, 795, 2096, 0.7608324289321899
29, 1089, 2153, 0.6012155413627625
30, 795, 2160, 0.8035704493522644
31, 1031, 2250, 0.2376188188791275
32, 826, 2241, 0.4098992943763733
0, 986, 306, -0.8408969044685364
1, 1016, 260, -0.8131834268569946
2, 1035, 258, -0.8133930563926697
3, 1049, 258, -0.8136063814163208
4, 958, 265, -0.8131195902824402
5, 941, 266, -0.8130254745483398
6, 923, 266, -0.8134390115737915
7, 1074, 274, -0.5409535765647888
8, 905, 282, -0.5268110632896423
9, 1022, 349, -0.732597291469574
10, 951, 354, -0.7288976311683655
11, 1222, 542, -0.32203298807144165
12, 758, 526, -0.32686227560043335
13, 1268, 886, -0.2072746902704239
14, 683, 874, -0.2333197444677353
15, 1314, 1148, -0.47027990221977234
16, 677, 1138, -0.5202820897102356
17, 1358, 1244, -0.5523488521575928
18, 646, 1252, -0.6018270254135132
19, 1337, 1241, -0.622948408126831
20, 698, 1215, -0.6813109517097473
21, 1309, 1208, -0.5088582038879395
22, 709, 1171, -0.5588585734367371
23, 1098, 1180, -0.05798446387052536
24, 821, 1174, 0.059811387211084366
25, 1093, 1672, 0.04995018243789673
26, 787, 1671, 0.24855752289295197
27, 1083, 2096, 0.5728217363357544
28, 794, 2098, 0.758453905582428
29, 1087, 2157, 0.6053451299667358
30, 794, 2162, 0.800873875617981
31, 1030, 2253, 0.24154578149318695
32, 825, 2244, 0.4073334038257599
0, 986, 306, -0.750671923160553
1, 1016, 260, -0.7266644835472107
2, 1035, 258, -0.7268216609954834
3, 1049, 258, -0.7270076870918274
4, 958, 265, -0.7285688519477844
5, 941, 266, -0.7285023927688599
6, 923, 267, -0.7289103269577026
7, 1074, 274, -0.48161494731903076
8, 906, 282, -0.47883763909339905
9, 1022, 349, -0.6525380611419678
10, 951, 354, -0.6517550349235535
11, 1222, 541, -0.2807239294052124
12, 762, 526, -0.3093399405479431
13, 1269, 886, -0.151897594332695
14, 683, 866, -0.22326268255710602
15, 1314, 1144, -0.36912813782691956
16, 673, 1127, -0.4855475127696991
17, 1358, 1244, -0.4364762604236603
18, 640, 1240, -0.5601404905319214
19, 1338, 1240, -0.5041161179542542
20, 693, 1210, -0.6351075768470764
21, 1309, 1207, -0.4050207734107971
22, 707, 1153, -0.5221177339553833
23, 1105, 1176, -0.04629876837134361
24, 829, 1163, 0.04777458682656288
25, 1100, 1667, 0.11225317418575287
26, 794, 1668, 0.17859189212322235
27, 1087, 2095, 0.6076276898384094
28, 800, 2096, 0.5892593264579773
29, 1091, 2155, 0.6388413310050964
30, 802, 2159, 0.6220532059669495
31, 1035, 2249, 0.30627530813217163
32, 830, 2240, 0.2542073130607605
0, 986, 306, -0.743240237236023
1, 1016, 260, -0.7199344635009766
2, 1035, 258, -0.720084547996521
3, 1049, 258, -0.7202756404876709
4, 958, 265, -0.722828209400177
5, 941, 266, -0.7227659821510315
6, 923, 267, -0.7231770157814026
7, 1074, 274, -0.4774344861507416
8, 906, 283, -0.478554904460907
9, 1022, 349, -0.6457278728485107
10, 951, 354, -0.646321713924408
11, 1222, 541, -0.2757774889469147
12, 764, 526, -0.31058114767074585
13, 1270, 886, -0.140393927693367
14, 682, 862, -0.22668732702732086
15, 1314, 1141, -0.346633642911911
16, 670, 1123, -0.4847263693809509
17, 1360, 1242, -0.4104490876197815
18, 637, 1236, -0.558037519454956
19, 1342, 1237, -0.4780845642089844
20, 689, 1209, -0.631382942199707
21, 1312, 1205, -0.38202863931655884
22, 706, 1149, -0.5205158591270447
23, 1107, 1175, -0.036723844707012177
24, 833, 1159, 0.038024723529815674
25, 1102, 1664, 0.13030874729156494
26, 796, 1665, 0.16662245988845825
27, 1090, 2094, 0.623377799987793
28, 802, 2094, 0.5765381455421448
29, 1093, 2155, 0.6550067067146301
30, 804, 2155, 0.6098003387451172
31, 1039, 2247, 0.3314476013183594
32, 832, 2236, 0.24830538034439087
0, 986, 306, -0.7341586351394653
1, 1016, 260, -0.7098800539970398
2, 1035, 258, -0.710053026676178
3, 1049, 258, -0.7102240920066833
4, 958, 265, -0.711432158946991
5, 941, 266, -0.7113901376724243
6, 924, 267, -0.7118028998374939
7, 1074, 274, -0.46656695008277893
8, 906, 283, -0.4628576338291168
9, 1022, 349, -0.6365206241607666
10, 952, 354, -0.6355785727500916
11, 1223, 539, -0.2738863229751587
12, 768, 525, -0.2884686589241028
13, 1270, 882, -0.14453843235969543
14, 680, 854, -0.20661379396915436
15, 1312, 1121, -0.354798287153244
16, 665, 1089, -0.4657088816165924
17, 1353, 1231, -0.42104122042655945
18, 633, 1196, -0.5379886031150818
19, 1337, 1225, -0.48766574263572693
20, 685, 1158, -0.6119252443313599
21, 1309, 1194, -0.38975685834884644
22, 703, 1108, -0.5020451545715332
23, 1111, 1171, -0.03825795650482178
24, 846, 1155, 0.03963790461421013
25, 1114, 1649, 0.1194574311375618
26, 815, 1652, 0.181306853890419
27, 1100, 2077, 0.6185573935508728
28, 820, 2078, 0.6070011258125305
29, 1102, 2137, 0.6508781313896179
30, 823, 2140, 0.6413618922233582
31, 1052, 2227, 0.3236473798751831
32, 845, 2214, 0.27994027733802795
0, 987, 306, -0.7409757971763611
1, 1016, 260, -0.7154079675674438
2, 1035, 259, -0.7156304717063904
3, 1049, 258, -0.7157936096191406
4, 959, 265, -0.7171642184257507
5, 942, 266, -0.717103898525238
6, 924, 267, -0.7175346612930298
7, 1074, 274, -0.4651217460632324
8, 907, 283, -0.46198490262031555
9, 1023, 349, -0.6407809853553772
10, 953, 355, -0.6401479840278625
11, 1223, 539, -0.2728141248226166
12, 771, 525, -0.27838894724845886
13, 1271, 882, -0.14806564152240753
14, 679, 850, -0.19276699423789978
15, 1307, 1115, -0.3694767355918884
16, 663, 1067, -0.45905765891075134
17, 1339, 1229, -0.4386774003505707
18, 633, 1170, -0.533831000328064
19, 1323, 1221, -0.5063232779502869
20, 682, 1139, -0.6086012125015259
21, 1299, 1189, -0.4050549268722534
22, 700, 1091, -0.4964256286621094
23, 1113, 1171, -0.03837902843952179
24, 848, 1155, 0.039787810295820236
25, 1119, 1645, 0.10720290243625641
26, 818, 1649, 0.17444998025894165
27, 1103, 2072, 0.6078923344612122
28, 819, 2075, 0.6001479625701904
29, 1105, 2131, 0.6398820281028748
30, 822, 2138, 0.6337732076644897
31, 1054, 2223, 0.30415305495262146
32, 844, 2210, 0.26572826504707336
0, 987, 305, -0.6085248589515686
1, 1016, 259, -0.5855379104614258
2, 1035, 258, -0.5856236219406128
3, 1049, 257, -0.5857409238815308
4, 959, 265, -0.5836137533187866
5, 942, 266, -0.583473265171051
6, 925, 267, -0.5838437676429749
7, 1073, 273, -0.36104944348335266
8, 908, 283, -0.343323290348053
9, 1023, 348, -0.5198199152946472
10, 953, 354, -0.5151482820510864
11, 1223, 537, -0.18755269050598145
12, 774, 520, -0.22006085515022278
13, 1275, 884, -0.0736330896615982
14, 656, 836, -0.29374372959136963
15, 1311, 1116, -0.2637941539287567
16, 659, 998, -0.7507702708244324
17, 1362, 1234, -0.3255867660045624
18, 653, 1065, -0.8483024835586548
19, 1341, 1222, -0.3808913230895996
20, 691, 1025, -0.8967984318733215
21, 1314, 1190, -0.2935543954372406
22, 701, 998, -0.7808865308761597
23, 1112, 1171, -0.03139089420437813
24, 847, 1156, 0.03274650126695633
25, 1117, 1643, 0.15240693092346191
26, 814, 1643, 0.18115730583667755
27, 1096, 2067, 0.6322076916694641
28, 815, 2058, 0.6281829476356506
29, 1098, 2126, 0.6638062596321106
30, 817, 2116, 0.664563775062561
31, 1043, 2217, 0.35289138555526733
32, 844, 2197, 0.2872805595397949
0, 988, 305, -0.6055381298065186
1, 1016, 258, -0.5811932682991028
2, 1035, 256, -0.5812946557998657
3, 1049, 256, -0.5813895463943481
4, 960, 265, -0.5813432931900024
5, 943, 266, -0.5812239050865173
6, 926, 267, -0.5816062688827515
7, 1072, 273, -0.35352185368537903
8, 908, 283, -0.3451405167579651
9, 1023, 348, -0.5157932043075562
10, 955, 354, -0.5138735175132751
11, 1223, 536, -0.17764520645141602
12, 775, 519, -0.22205400466918945
13, 1278, 885, -0.06249913200736046
14, 647, 833, -0.3069286048412323
15, 1313, 1116, -0.2536391317844391
16, 657, 987, -0.7538602948188782
17, 1369, 1235, -0.3146934509277344
18, 662, 1050, -0.8500312566757202
19, 1346, 1223, -0.3694217801094055
20, 695, 1010, -0.8986934423446655
21, 1319, 1191, -0.2833172380924225
22, 701, 984, -0.7836202383041382
23, 1112, 1172, -0.027381647378206253
24, 846, 1157, 0.028700776398181915
25, 1114, 1643, 0.16362036764621735
26, 805, 1641, 0.18565663695335388
27, 1089, 2066, 0.6438047885894775
28, 807, 2052, 0.6110833287239075
29, 1091, 2125, 0.6754142642021179
30, 808, 2110, 0.6471033096313477
31, 1035, 2215, 0.368815153837204
32, 839, 2193, 0.2962875962257385
0, 986, 306, -0.6471909880638123
1, 1014, 259, -0.6293894052505493
2, 1032, 257, -0.6294667720794678
3, 1048, 256, -0.6295527219772339
4, 959, 265, -0.6251756548881531
5, 943, 267, -0.6249567270278931
6, 926, 267, -0.6252745985984802
7, 1071, 272, -0.3955785036087036
8, 910, 283, -0.3767203986644745
9, 1022, 348, -0.5571528077125549
10, 955, 355, -0.5491937398910522
11, 1223, 527, -0.20338201522827148
12, 784, 514, -0.22702154517173767
13, 1278, 882, -0.09317462891340256
14, 625, 831, -0.39836010336875916
15, 1303, 1119, -0.25599440932273865
16, 654, 787, -0.9365994930267334
17, 1349, 1238, -0.3047317862510681
18, 671, 816, -1.0383777618408203
19, 1325, 1223, -0.35523635149002075
20, 701, 756, -1.0593878030776978
21, 1302, 1191, -0.28064727783203125
22, 704, 745, -0.95609050989151
23, 1115, 1159, -0.026272892951965332
24, 851, 1152, 0.02762439288198948
25, 1126, 1620, 0.14485391974449158
26, 824, 1619, 0.23284882307052612
27, 1111, 2039, 0.5445859432220459
28, 829, 2031, 0.6897367238998413
29, 1114, 2094, 0.5697495341300964
30, 828, 2088, 0.7305585741996765
31, 1062, 2192, 0.2537928819656372
32, 859, 2168, 0.39071714878082275
0, 986, 306, -0.6552287936210632
1, 1013, 260, -0.6410614252090454
2, 1031, 258, -0.641101598739624
3, 1047, 256, -0.6411714553833008
4, 959, 266, -0.6345464587211609
5, 943, 267, -0.6342979073524475
6, 926, 268, -0.6345848441123962
7, 1070, 272, -0.40724456310272217
8, 910, 283, -0.3886164426803589
9, 1021, 349, -0.5682581663131714
10, 955, 355, -0.558017373085022
11, 1222, 525, -0.2231811136007309
12, 787, 512, -0.23082752525806427
13, 1278, 880, -0.09485344588756561
14, 618, 832, -0.4089359641075134
15, 1302, 1119, -0.26965299248695374
16, 652, 771, -0.9515053033828735
17, 1348, 1238, -0.3181719481945038
18, 676, 800, -1.0514984130859375
19, 1325, 1223, -0.36930593848228455
20, 704, 739, -1.0723876953125
21, 1302, 1191, -0.2943485975265503
22, 706, 728, -0.9708588123321533
23, 1116, 1155, -0.02585637755692005
24, 852, 1151, 0.027265137061476707
25, 1136, 1611, 0.08710609376430511
26, 835, 1613, 0.2389317899942398
27, 1129, 2030, 0.4934554696083069
28, 842, 2025, 0.6979634761810303
29, 1133, 2083, 0.5183621644973755
30, 839, 2081, 0.7384040951728821
31, 1080, 2185, 0.20220652222633362
32, 871, 2160, 0.40012091398239136
0, 985, 307, -0.5732747912406921
1, 1011, 260, -0.5520810484886169
2, 1030, 258, -0.5521827936172485
3, 1046, 256, -0.5521586537361145
4, 959, 266, -0.539408266544342
5, 943, 267, -0.5391654372215271
6, 926, 268, -0.5394490957260132
7, 1069, 272, -0.33267447352409363
8, 910, 285, -0.2621026933193207
9, 1021, 349, -0.49120932817459106
10, 955, 355, -0.47199884057044983
11, 1223, 523, -0.21442580223083496
12, 786, 520, -0.12183510512113571
13, 1278, 880, -0.15269771218299866
14, 590, 832, -0.3968491852283478
15, 1299, 1119, -0.2878241539001465
16, 647, 587, -0.9620715975761414
17, 1324, 1244, -0.3473507761955261
18, 676, 534, -1.0672086477279663
19, 1296, 1228, -0.3900373876094818
20, 704, 498, -1.0528321266174316
21, 1276, 1196, -0.3188549876213074
22, 705, 512, -0.9713621139526367
23, 1119, 1150, -0.051251720637083054
24, 853, 1149, 0.052626289427280426
25, 1134, 1613, 0.01881938986480236
26, 833, 1615, 0.27746495604515076
27, 1128, 2033, 0.4237067401409149
28, 843, 2031, 0.725496232509613
29, 1134, 2087, 0.4447055459022522
30, 842, 2082, 0.7653265595436096
31, 1081, 2187, 0.10066714882850647
32, 868, 2164, 0.41095733642578125
0, 984, 307, -0.5377072095870972
1, 1009, 260, -0.5148268342018127
2, 1027, 258, -0.5149561166763306
3, 1044, 256, -0.5149518251419067
4, 957, 266, -0.5015885829925537
5, 941, 267, -0.5013774037361145
6, 925, 268, -0.5017011761665344
7, 1068, 272, -0.2989141643047333
8, 910, 286, -0.22418689727783203
9, 1020, 349, -0.4574863314628601
10, 955, 355, -0.4375142455101013
11, 1223, 523, -0.19227196276187897
12, 786, 525, -0.09395159035921097
13, 1279, 883, -0.15027444064617157
14, 579, 832, -0.3848539888858795
15, 1300, 1163, -0.27999866008758545
16, 643, 578, -0.9468249082565308
17, 1321, 1267, -0.3289959728717804
18, 676, 524, -1.0525739192962646
19, 1291, 1251, -0.36016446352005005
20, 703, 490, -1.03340482711792
21, 1270, 1218, -0.2997736632823944
22, 705, 505, -0.9545690417289734
23, 1120, 1149, -0.05677036941051483
24, 854, 1149, 0.058134838938713074
25, 1132, 1615, 0.017683343961834908
26, 831, 1616, 0.2753220796585083
27, 1126, 2035, 0.41119372844696045
28, 841, 2039, 0.7110138535499573
29, 1134, 2090, 0.4307219684123993
30, 841, 2089, 0.7501773834228516
31, 1079, 2189, 0.0893968790769577
32, 865, 2172, 0.3946323096752167
0, 980, 307, -0.5775148868560791
1, 1004, 261, -0.5557591915130615
2, 1022, 258, -0.5558677315711975
3, 1039, 256, -0.5559133887290955
4, 954, 266, -0.5398386716842651
5, 938, 267, -0.5396795272827148
6, 923, 269, -0.5400491952896118
7, 1065, 272, -0.3384545147418976
8, 910, 286, -0.2512262463569641
9, 1016, 349, -0.49608176946640015
10, 951, 355, -0.47323179244995117
11, 1223, 521, -0.2071729153394699
12, 794, 522, -0.10446200519800186
13, 1279, 878, -0.14881296455860138
14, 546, 771, -0.4108659625053406
15, 1300, 1148, -0.2317197322845459
16, 649, 453, -0.9438890218734741
17, 1323, 1266, -0.26788651943206787
18, 681, 359, -1.0509952306747437
19, 1294, 1249, -0.30204445123672485
20, 705, 346, -1.014335036277771
21, 1273, 1216, -0.24928061664104462
22, 708, 374, -0.9454314112663269
23, 1120, 1143, -0.06548409909009933
24, 857, 1140, 0.06682851910591125
25, 1130, 1614, -0.015629714354872704
26, 831, 1616, 0.26645612716674805
27, 1124, 2038, 0.3611222803592682
28, 841, 2041, 0.6388629078865051
29, 1132, 2093, 0.378145307302475
30, 840, 2093, 0.6726014614105225
31, 1077, 2187, 0.030595295131206512
32, 864, 2175, 0.3126484751701355
0, 979, 308, -0.5360798239707947
1, 1002, 261, -0.5137010216712952
2, 1021, 259, -0.5138432383537292
3, 1038, 257, -0.5139243602752686
4, 954, 267, -0.4973961114883423
5, 937, 268, -0.4972414970397949
6, 923, 270, -0.49763837456703186
7, 1065, 272, -0.29831504821777344
8, 910, 287, -0.20983073115348816
9, 1016, 350, -0.45567092299461365
10, 951, 356, -0.43191930651664734
11, 1223, 518, -0.17786377668380737
12, 799, 521, -0.06953484565019608
13, 1279, 874, -0.10682100802659988
14, 538, 760, -0.3858688473701477
15, 1299, 1140, -0.18243207037448883
16, 654, 443, -0.9055290222167969
17, 1324, 1264, -0.21586908400058746
18, 685, 352, -1.010737657546997
19, 1296, 1248, -0.2502676546573639
20, 707, 340, -0.9759065508842468
21, 1275, 1215, -0.19989895820617676
22, 712, 367, -0.9067014455795288
23, 1121, 1138, -0.06714607775211334
24, 864, 1137, 0.06848587840795517
25, 1129, 1614, -0.026233473792672157
26, 835, 1616, 0.23368921875953674
27, 1125, 2039, 0.3380390703678131
28, 847, 2042, 0.5864693522453308
29, 1135, 2095, 0.354005366563797
30, 845, 2096, 0.618003249168396
31, 1077, 2187, 0.011834328062832355
32, 868, 2176, 0.2614196836948395
0, 979, 309, -0.49564844369888306
1, 1002, 262, -0.46925580501556396
2, 1021, 259, -0.4693581163883209
3, 1038, 257, -0.4694283902645111
4, 953, 267, -0.4521479904651642
5, 937, 269, -0.4520242512226105
6, 923, 270, -0.45239219069480896
7, 1064, 272, -0.25510159134864807
8, 909, 288, -0.16454564034938812
9, 1017, 350, -0.41798627376556396
10, 951, 356, -0.3938083052635193
11, 1223, 518, -0.1563313901424408
12, 803, 519, -0.03679792210459709
13, 1282, 873, -0.08974654972553253
14, 505, 676, -0.3748070001602173
15, 1299, 1137, -0.14035017788410187
16, 665, 335, -0.8922784328460693
17, 1318, 1262, -0.1674066185951233
18, 690, 241, -1.0023709535598755
19, 1289, 1247, -0.20112796127796173
20, 711, 233, -0.8814680576324463
21, 1271, 1213, -0.15700602531433105
22, 720, 273, -0.8462951183319092
23, 1123, 1137, -0.0670747458934784
24, 871, 1137, 0.06840460747480392
25, 1135, 1614, -0.03575178608298302
26, 849, 1617, 0.19536300003528595
27, 1133, 2044, 0.31218332052230835
28, 859, 2046, 0.5196868777275085
29, 1145, 2100, 0.32740843296051025
30, 855, 2099, 0.5472301840782166
31, 1082, 2188, -0.011164745315909386
32, 879, 2184, 0.1923253983259201
0, 979, 309, -0.5105446577072144
1, 1002, 262, -0.48286038637161255
2, 1021, 259, -0.4829150140285492
3, 1038, 257, -0.48294922709465027
4, 953, 268, -0.46710291504859924
5, 937, 269, -0.466972678899765
6, 922, 271, -0.4673154652118683
7, 1064, 272, -0.26363667845726013
8, 908, 288, -0.18031731247901917
9, 1017, 350, -0.4312655031681061
10, 951, 356, -0.40901267528533936
11, 1224, 518, -0.15094636380672455
12, 807, 517, -0.05452704802155495
13, 1285, 872, -0.08298957347869873
14, 500, 660, -0.3727162182331085
15, 1299, 1137, -0.13760504126548767
16, 669, 326, -0.8655855059623718
17, 1312, 1267, -0.166220024228096
18, 693, 235, -0.9645162224769592
19, 1281, 1254, -0.20217303931713104
20, 714, 227, -0.8779229521751404
21, 1264, 1221, -0.15618091821670532
22, 724, 266, -0.838535487651825
23, 1125, 1136, -0.06689681857824326
24, 873, 1138, 0.06821996718645096
25, 1138, 1618, -0.028534026816487312
26, 854, 1618, 0.1412743777036667
27, 1136, 2051, 0.32074329257011414
28, 864, 2050, 0.4479111135005951
29, 1148, 2108, 0.335602730512619
30, 860, 2105, 0.4728449583053589
31, 1086, 2192, -0.008014203049242496
32, 887, 2191, 0.10872003436088562
0, 979, 309, -0.5357829928398132
1, 1002, 262, -0.5060787200927734
2, 1021, 259, -0.506125807762146
3, 1038, 257, -0.5061036944389343
4, 953, 268, -0.4907008111476898
5, 937, 270, -0.4905903935432434
6, 922, 272, -0.49092376232147217
7, 1064, 272, -0.28010597825050354
8, 908, 289, -0.19814780354499817
9, 1019, 350, -0.4548225402832031
10, 952, 356, -0.43353191018104553
11, 1224, 518, -0.16636167466640472
12, 817, 511, -0.07531286031007767
13, 1286, 872, -0.09319062530994415
14, 510, 598, -0.4150467813014984
15, 1294, 1148, -0.17333796620368958
16, 684, 263, -0.8918491005897522
17, 1297, 1265, -0.20586927235126495
18, 704, 169, -0.9999936819076538
19, 1265, 1252, -0.24212820827960968
20, 725, 167, -0.93248450756073
21, 1250, 1219, -0.19218958914279938
22, 737, 204, -0.8843600749969482
23, 1125, 1136, -0.06541090458631516
24, 875, 1136, 0.06670963764190674
25, 1137, 1618, -0.048020437359809875
26, 854, 1618, 0.11319088190793991
27, 1135, 2054, 0.2869664132595062
28, 862, 2051, 0.40227705240249634
29, 1146, 2111, 0.29942598938941956
30, 858, 2105, 0.42422643303871155
31, 1085, 2193, -0.053261008113622665
32, 885, 2192, 0.052578702569007874
0, 981, 309, -0.5442736744880676
1, 1003, 262, -0.5140591263771057
2, 1021, 259, -0.5140825510025024
3, 1038, 257, -0.5140476822853088
4, 953, 268, -0.49826911091804504
5, 937, 270, -0.49816009402275085
6, 923, 272, -0.49847641587257385
7, 1065, 272, -0.2874627411365509
8, 909, 290, -0.20390288531780243
9, 1022, 350, -0.463284969329834
10, 955, 355, -0.4414924681186676
11, 1225, 519, -0.1728723794221878
12, 822, 509, -0.08164253830909729
13, 1288, 876, -0.10195630043745041
14, 511, 590, -0.4186559021472931
15, 1293, 1157, -0.17919033765792847
16, 688, 256, -0.8883185982704163
17, 1300, 1246, -0.21063068509101868
18, 707, 163, -0.9960600137710571
19, 1263, 1252, -0.24603058397769928
20, 728, 161, -0.9373611211776733
21, 1249, 1219, -0.19782595336437225
22, 741, 196, -0.885039210319519
23, 1125, 1136, -0.06378697603940964
24, 876, 1137, 0.06510763615369797
25, 1136, 1620, -0.05216566100716591
26, 853, 1618, 0.11137454956769943
27, 1134, 2059, 0.28813499212265015
28, 860, 2053, 0.40352973341941833
29, 1146, 2117, 0.3013783395290375
30, 857, 2109, 0.4257124960422516
31, 1084, 2196, -0.05191940441727638
32, 883, 2195, 0.051524605602025986
0, 981, 309, -0.5342244505882263
1, 1003, 262, -0.5055458545684814
2, 1021, 259, -0.5055649280548096
3, 1038, 257, -0.50562983751297
4, 953, 268, -0.4859900176525116
5, 937, 270, -0.4858402907848358
6, 923, 272, -0.4861246347427368
7, 1066, 272, -0.28490784764289856
8, 910, 291, -0.18307630717754364
9, 1024, 350, -0.4558221995830536
10, 956, 355, -0.42847949266433716
11, 1226, 520, -0.17547063529491425
12, 826, 507, -0.05019631236791611
13, 1292, 881, -0.13118654489517212
14, 513, 550, -0.38395121693611145
15, 1295, 1167, -0.18095093965530396
16, 699, 227, -0.8163489699363708
17, 1302, 1246, -0.21240563690662384
18, 723, 142, -0.9219703078269958
19, 1267, 1257, -0.24786831438541412
20, 748, 144, -0.8519090414047241
21, 1252, 1224, -0.19921769201755524
22, 758, 177, -0.8091297149658203
23, 1125, 1136, -0.06906449049711227
24, 876, 1137, 0.0705016627907753
25, 1132, 1633, -0.050302766263484955
26, 852, 1624, 0.13862083852291107
27, 1124, 2075, 0.29261118173599243
28, 853, 2067, 0.4652974307537079
29, 1138, 2133, 0.3066481351852417
30, 850, 2124, 0.49091270565986633
31, 1065, 2212, -0.04854923486709595
32, 869, 2213, 0.12030809372663498
0, 981, 309, -0.5199400782585144
1, 1003, 262, -0.4930015504360199
2, 1021, 259, -0.49299147725105286
3, 1038, 257, -0.4930981397628784
4, 953, 269, -0.47122722864151
5, 937, 271, -0.4710775315761566
6, 923, 273, -0.4713674783706665
7, 1066, 272, -0.2798978090286255
8, 910, 291, -0.16845624148845673
9, 1025, 350, -0.44434574246406555
10, 956, 355, -0.41400614380836487
11, 1228, 524, -0.17995764315128326
12, 828, 506, -0.038485024124383926
13, 1295, 897, -0.14757905900478363
14, 513, 550, -0.37690407037734985
15, 1307, 1192, -0.177320197224617
16, 703, 226, -0.8038232922554016
17, 1316, 1285, -0.20621058344841003
18, 728, 138, -0.9076786041259766
19, 1279, 1283, -0.2424568235874176
20, 754, 138, -0.8394982814788818
21, 1263, 1251, -0.19568733870983124
22, 764, 171, -0.7971862554550171
23, 1124, 1140, -0.07524119317531586
24, 875, 1140, 0.07673937827348709
25, 1126, 1645, -0.05412036180496216
26, 848, 1632, 0.14936992526054382
27, 1116, 2091, 0.2882857322692871
28, 844, 2077, 0.4696912169456482
29, 1132, 2151, 0.3027261793613434
30, 841, 2136, 0.49383652210235596
31, 1052, 2228, -0.04943906515836716
32, 853, 2223, 0.12719926238059998
0, 981, 309, -0.5222631692886353
1, 1003, 262, -0.49472519755363464
2, 1021, 259, -0.49473488330841064
3, 1038, 257, -0.49481770396232605
4, 953, 269, -0.47258561849594116
5, 937, 271, -0.47244465351104736
6, 923, 274, -0.4727252423763275
7, 1067, 272, -0.2803345024585724
8, 912, 292, -0.16675323247909546
9, 1025, 350, -0.4463042914867401
10, 956, 355, -0.4157581329345703
11, 1230, 530, -0.18315710127353668
12, 830, 505, -0.03409707173705101
13, 1297, 907, -0.15888480842113495
14, 514, 534, -0.3684461712837219
15, 1308, 1186, -0.18495532870292664
16, 707, 217, -0.8006353974342346
17, 1318, 1280, -0.21688112616539001
18, 738, 135, -0.9040841460227966
19, 1284, 1292, -0.2539169192314148
20, 764, 136, -0.8381019830703735
21, 1268, 1259, -0.2040090262889862
22, 771, 168, -0.7951756715774536
23, 1124, 1142, -0.07917014509439468
24, 875, 1144, 0.08074668049812317
25, 1124, 1653, -0.08971773087978363
26, 848, 1639, 0.14285634458065033
27, 1112, 2104, 0.23206423223018646
28, 843, 2086, 0.4226799011230469
29, 1129, 2166, 0.24335649609565735
30, 840, 2147, 0.4429486393928528
31, 1047, 2237, -0.11689916253089905
32, 851, 2231, 0.07192634791135788
0, 983, 309, -0.5287867784500122
1, 1004, 262, -0.5009194612503052
2, 1022, 259, -0.500923216342926
3, 1040, 257, -0.5009971857070923
4, 954, 269, -0.47992679476737976
5, 938, 271, -0.47977638244628906
6, 925, 274, -0.4800577461719513
7, 1068, 272, -0.28272560238838196
8, 915, 292, -0.17270402610301971
9, 1027, 350, -0.4513341188430786
10, 958, 355, -0.4222024977207184
11, 1232, 535, -0.18675248324871063
12, 831, 504, -0.041331980377435684
13, 1298, 911, -0.15428878366947174
14, 514, 532, -0.37385693192481995
15, 1310, 1202, -0.1686049997806549
16, 709, 212, -0.801561713218689
17, 1319, 1300, -0.19661444425582886
18, 742, 132, -0.9046794772148132
19, 1285, 1299, -0.23180820047855377
20, 769, 135, -0.8521890044212341
21, 1268, 1266, -0.1862587034702301
22, 775, 167, -0.802892804145813
23, 1124, 1146, -0.08171427994966507
24, 874, 1145, 0.0833188146352768
25, 1121, 1657, -0.09052269905805588
26, 845, 1645, 0.1803065985441208
27, 1108, 2108, 0.2339959740638733
28, 838, 2093, 0.4908807873725891
29, 1125, 2170, 0.24580118060112
30, 834, 2153, 0.5142799019813538
31, 1042, 2243, -0.11773809045553207
32, 845, 2237, 0.1333189159631729
0, 983, 310, -0.5211378931999207
1, 1004, 262, -0.4927879571914673
2, 1022, 259, -0.4928224980831146
3, 1040, 257, -0.4930156171321869
4, 954, 270, -0.47024574875831604
5, 939, 272, -0.4699907898902893
6, 926, 274, -0.4702974557876587
7, 1070, 273, -0.2696267068386078
8, 917, 292, -0.15168839693069458
9, 1028, 350, -0.4410790205001831
10, 958, 355, -0.40981632471084595
11, 1233, 536, -0.19032570719718933
12, 830, 504, -0.004006608389317989
13, 1298, 909, -0.16724525392055511
14, 512, 522, -0.3638080656528473
15, 1305, 1198, -0.17568454146385193
16, 711, 213, -0.8051264882087708
17, 1308, 1300, -0.20702943205833435
18, 746, 131, -0.9097142815589905
19, 1274, 1297, -0.24249261617660522
20, 774, 135, -0.8523670434951782
21, 1261, 1263, -0.19461961090564728
22, 780, 168, -0.8074317574501038
23, 1124, 1154, -0.0904257670044899
24, 874, 1147, 0.09209346026182175
25, 1124, 1657, -0.1480237990617752
26, 843, 1649, 0.25298792123794556
27, 1110, 2094, 0.16994228959083557
28, 838, 2095, 0.6305988430976868
29, 1130, 2167, 0.18280524015426636
30, 834, 2157, 0.660847544670105
31, 1050, 2244, -0.18080587685108185
32, 846, 2236, 0.29898181557655334
0, 985, 310, -0.5163722634315491
1, 1005, 262, -0.48687297105789185
2, 1023, 260, -0.486915647983551
3, 1042, 257, -0.4871253967285156
4, 955, 270, -0.4637821614742279
5, 940, 272, -0.46349701285362244
6, 927, 275, -0.46380701661109924
7, 1071, 273, -0.26029330492019653
8, 918, 292, -0.14137081801891327
9, 1029, 350, -0.43496498465538025
10, 959, 355, -0.4033970236778259
11, 1234, 538, -0.19096247851848602
12, 830, 504, 0.00773418415337801
13, 1298, 911, -0.17330750823020935
14, 513, 524, -0.3655371367931366
15, 1301, 1202, -0.18080797791481018
16, 712, 216, -0.8510615229606628
17, 1302, 1307, -0.20854012668132782
18, 746, 132, -0.9509130716323853
19, 1267, 1303, -0.24812200665473938
20, 774, 136, -0.8835223913192749
21, 1256, 1267, -0.19704438745975494
22, 780, 168, -0.8464904427528381
23, 1124, 1161, -0.09480325132608414
24, 874, 1150, 0.09647191315889359
25, 1124, 1661, -0.1551719754934311
26, 841, 1652, 0.2719014286994934
27, 1112, 2096, 0.15792587399482727
28, 838, 2098, 0.6570662260055542
29, 1132, 2173, 0.17051956057548523
30, 834, 2160, 0.6876323819160461
31, 1056, 2252, -0.19228509068489075
32, 846, 2235, 0.329837828874588
0, 985, 311, -0.5212905406951904
1, 1005, 263, -0.4924168288707733
2, 1024, 260, -0.4924583435058594
3, 1042, 258, -0.4926162660121918
4, 955, 271, -0.47036293148994446
5, 940, 273, -0.47008997201919556
6, 927, 276, -0.47039473056793213
7, 1071, 274, -0.2660217881202698
8, 918, 292, -0.14761193096637726
9, 1029, 351, -0.44018951058387756
10, 959, 356, -0.4093589186668396
11, 1234, 540, -0.2164279967546463
12, 830, 504, 0.014410926029086113
13, 1298, 914, -0.18833817541599274
14, 511, 525, -0.320616751909256
15, 1301, 1201, -0.18373166024684906
16, 712, 216, -0.7749443650245667
17, 1302, 1309, -0.21315744519233704
18, 748, 133, -0.8710673451423645
19, 1267, 1322, -0.24935053288936615
20, 775, 136, -0.8013584017753601
21, 1256, 1284, -0.19993376731872559
22, 781, 169, -0.7680453658103943
23, 1124, 1164, -0.10262017697095871
24, 873, 1152, 0.10427331179380417
25, 1124, 1664, -0.12974607944488525
26, 838, 1660, 0.2937992811203003
27, 1112, 2106, 0.20027409493923187
28, 835, 2108, 0.6873395442962646
29, 1132, 2174, 0.21405354142189026
30, 832, 2170, 0.7195237874984741
31, 1054, 2255, -0.1511325091123581
32, 843, 2246, 0.3529968857765198
0, 985, 311, -0.5244625806808472
1, 1005, 263, -0.49778029322624207
2, 1024, 260, -0.4978344142436981
3, 1042, 258, -0.49809730052948
4, 955, 272, -0.47163406014442444
5, 940, 274, -0.4714558720588684
6, 927, 276, -0.4717880189418793
7, 1072, 275, -0.2762109935283661
8, 918, 293, -0.15569284558296204
9, 1029, 351, -0.4450834095478058
10, 959, 356, -0.4123489260673523
11, 1235, 541, -0.22919635474681854
12, 829, 504, 0.011028219014406204
13, 1298, 915, -0.19502635300159454
14, 510, 524, -0.30367422103881836
15, 1300, 1200, -0.1865212321281433
16, 712, 216, -0.7481245398521423
17, 1302, 1309, -0.21526046097278595
18, 748, 132, -0.8448782563209534
19, 1267, 1321, -0.2499759942293167
20, 775, 136, -0.7772020101547241
21, 1255, 1284, -0.20053575932979584
22, 780, 169, -0.7418452501296997
23, 1124, 1165, -0.10520190745592117
24, 873, 1153, 0.1068485751748085
25, 1123, 1666, -0.12099329382181168
26, 834, 1664, 0.3037051260471344
27, 1112, 2113, 0.20973044633865356
28, 833, 2112, 0.7001698017120361
29, 1133, 2176, 0.22328297793865204
30, 830, 2174, 0.7329405546188354
31, 1052, 2257, -0.14529848098754883
32, 840, 2252, 0.3650721311569214
0, 986, 311, -0.5354366898536682
1, 1006, 264, -0.5075265169143677
2, 1024, 260, -0.5075697898864746
3, 1042, 258, -0.5078116059303284
4, 955, 272, -0.48066940903663635
5, 940, 274, -0.48035159707069397
6, 927, 277, -0.48067137598991394
7, 1072, 275, -0.27673256397247314
8, 918, 293, -0.15992937982082367
9, 1029, 351, -0.45235711336135864
10, 959, 356, -0.41712942719459534
11, 1235, 540, -0.22506292164325714
12, 830, 504, -2.668390516191721e-05
13, 1298, 914, -0.18699663877487183
14, 511, 521, -0.3431292772293091
15, 1298, 1202, -0.187331885099411
16, 713, 211, -0.8406015038490295
17, 1298, 1310, -0.21607057750225067
18, 754, 127, -0.9411191940307617
19, 1265, 1317, -0.24786710739135742
20, 778, 131, -0.8736487030982971
21, 1253, 1280, -0.20098623633384705
22, 782, 164, -0.8349125385284424
23, 1124, 1165, -0.10405837744474411
24, 873, 1153, 0.10569527745246887
25, 1124, 1665, -0.12384757399559021
26, 834, 1664, 0.3077026605606079
27, 1119, 2111, 0.2180260866880417
28, 834, 2112, 0.7299996614456177
29, 1138, 2169, 0.23247185349464417
30, 831, 2174, 0.7653723359107971
31, 1056, 2253, -0.13649143278598785
32, 842, 2251, 0.3958483636379242
0, 987, 312, -0.5520643591880798
1, 1006, 264, -0.5224656462669373
2, 1024, 260, -0.5224780440330505
3, 1042, 258, -0.5226437449455261
4, 956, 273, -0.49744221568107605
5, 941, 275, -0.49708887934684753
6, 928, 278, -0.4974023103713989
7, 1072, 275, -0.2826317548751831
8, 918, 293, -0.1604415625333786
9, 1030, 351, -0.46591588854789734
10, 960, 356, -0.43203237652778625
11, 1235, 540, -0.22250007092952728
12, 830, 504, -0.005484763998538256
13, 1297, 914, -0.18284882605075836
14, 512, 521, -0.39460790157318115
15, 1296, 1202, -0.18741284310817719
16, 714, 210, -0.9178106188774109
17, 1295, 1309, -0.21595431864261627
18, 756, 127, -1.0222704410552979
19, 1263, 1314, -0.24633990228176117
20, 779, 131, -0.9594742059707642
21, 1252, 1278, -0.20067624747753143
22, 782, 164, -0.9136989116668701
23, 1124, 1165, -0.10259982198476791
24, 872, 1153, 0.1042407900094986
25, 1124, 1660, -0.12211412936449051
26, 833, 1661, 0.30373525619506836
27, 1119, 2105, 0.2240939885377884
28, 834, 2108, 0.7255774736404419
29, 1139, 2158, 0.2387528270483017
30, 831, 2170, 0.7603180408477783
31, 1056, 2245, -0.12842757999897003
32, 842, 2243, 0.391350656747818
0, 987, 312, -0.564778745174408
1, 1007, 264, -0.53642737865448
2, 1024, 261, -0.5364596247673035
3, 1042, 258, -0.5366040468215942
4, 956, 273, -0.5111011266708374
5, 941, 276, -0.5107514262199402
6, 928, 278, -0.5110461711883545
7, 1072, 275, -0.29811567068099976
8, 919, 293, -0.16677777469158173
9, 1030, 351, -0.4790498614311218
10, 961, 356, -0.4443102777004242
11, 1235, 540, -0.23071272671222687
12, 830, 503, -0.009689033962786198
13, 1296, 913, -0.18572701513767242
14, 512, 520, -0.39170029759407043
15, 1295, 1203, -0.18882349133491516
16, 721, 208, -0.9024787545204163
17, 1295, 1309, -0.21641097962856293
18, 766, 135, -1.0060988664627075
19, 1264, 1312, -0.24693536758422852
20, 792, 140, -0.9427223205566406
21, 1252, 1276, -0.201152503490448
22, 791, 170, -0.8983325958251953
23, 1124, 1164, -0.1050715297460556
24, 872, 1152, 0.10664861649274826
25, 1124, 1658, -0.11806914955377579
26, 832, 1659, 0.3260094225406647
27, 1119, 2102, 0.2274962216615677
28, 834, 2105, 0.7639875411987305
29, 1138, 2154, 0.2421160787343979
30, 831, 2165, 0.8009389042854309
31, 1056, 2241, -0.12689201533794403
32, 842, 2241, 0.43113648891448975
0, 987, 312, -0.56739741563797
1, 1007, 264, -0.5396408438682556
2, 1025, 261, -0.5396823287010193
3, 1042, 258, -0.5398262739181519
4, 957, 274, -0.5144322514533997
5, 941, 276, -0.5140880942344666
6, 929, 279, -0.5143777132034302
7, 1072, 275, -0.30363836884498596
8, 919, 293, -0.1697964072227478
9, 1030, 351, -0.4822947382926941
10, 961, 357, -0.4475945830345154
11, 1235, 540, -0.23314979672431946
12, 830, 503, -0.01105567254126072
13, 1294, 913, -0.18738386034965515
14, 512, 520, -0.3852810263633728
15, 1295, 1203, -0.193032905459404
16, 724, 208, -0.8864633440971375
17, 1296, 1308, -0.2210109680891037
18, 770, 139, -0.9893611669540405
19, 1264, 1311, -0.2515909969806671
20, 796, 144, -0.9264090657234192
21, 1252, 1275, -0.20524615049362183
22, 795, 173, -0.88243567943573
23, 1123, 1163, -0.10575473308563232
24, 871, 1152, 0.10730481147766113
25, 1122, 1655, -0.11634510010480881
26, 830, 1655, 0.32350975275039673
27, 1118, 2098, 0.2294115126132965
28, 833, 2099, 0.756324827671051
29, 1138, 2150, 0.2440177947282791
30, 831, 2159, 0.7927913069725037
31, 1054, 2235, -0.1254149228334427
32, 841, 2236, 0.4239504933357239
0, 988, 312, -0.5660102367401123
1, 1007, 263, -0.5388133525848389
2, 1025, 260, -0.5388510227203369
3, 1042, 258, -0.538988471031189
4, 957, 273, -0.5141026973724365
5, 942, 276, -0.5137810111045837
6, 929, 278, -0.5140793323516846
7, 1072, 275, -0.3064018785953522
8, 919, 293, -0.17401273548603058
9, 1030, 351, -0.48187655210494995
10, 961, 356, -0.4476465880870819
11, 1235, 540, -0.23206686973571777
12, 830, 502, -0.012708916328847408
13, 1292, 910, -0.18626074492931366
14, 512, 520, -0.3861890435218811
15, 1291, 1196, -0.20032544434070587
16, 725, 211, -0.8839079141616821
17, 1290, 1298, -0.22984452545642853
18, 771, 137, -0.9873591661453247
19, 1261, 1293, -0.25934281945228577
20, 795, 142, -0.9233877062797546
21, 1249, 1258, -0.21271099150180817
22, 795, 173, -0.878980815410614
23, 1123, 1159, -0.10475272685289383
24, 871, 1150, 0.10629604011774063
25, 1122, 1648, -0.11282037943601608
26, 830, 1649, 0.3326543867588043
27, 1119, 2091, 0.23054388165473938
28, 834, 2092, 0.7681247591972351
29, 1139, 2144, 0.2450534850358963
30, 832, 2151, 0.8051404356956482
31, 1055, 2227, -0.12409089505672455
32, 841, 2230, 0.4388335645198822
0, 988, 311, -0.5641382336616516
1, 1007, 263, -0.5368232727050781
2, 1025, 260, -0.5368607640266418
3, 1042, 257, -0.5370005965232849
4, 957, 273, -0.5126950740814209
5, 942, 275, -0.5123767852783203
6, 929, 278, -0.512671947479248
7, 1072, 275, -0.3057439923286438
8, 919, 293, -0.1742601841688156
9, 1030, 351, -0.4803689420223236
10, 961, 356, -0.44682103395462036
11, 1235, 539, -0.23176385462284088
12, 831, 502, -0.013776574283838272
13, 1290, 908, -0.1902972161769867
14, 513, 519, -0.3860078752040863
15, 1289, 1192, -0.2148316204547882
16, 726, 211, -0.8870105147361755
17, 1288, 1293, -0.24601750075817108
18, 771, 134, -0.9906924366950989
19, 1260, 1285, -0.2750500738620758
20, 795, 140, -0.9265104532241821
21, 1248, 1250, -0.2275255173444748
22, 796, 171, -0.8819087743759155
23, 1123, 1156, -0.10501975566148758
24, 871, 1148, 0.10652622580528259
25, 1122, 1644, -0.11524298787117004
26, 830, 1644, 0.33183977007865906
27, 1121, 2086, 0.2257458120584488
28, 836, 2088, 0.7640303373336792
29, 1140, 2141, 0.24006898701190948
30, 835, 2146, 0.8005734086036682
31, 1056, 2222, -0.12883898615837097
32, 843, 2226, 0.43566036224365234
0, 988, 311, -0.5272713303565979
1, 1007, 263, -0.5003141164779663
2, 1025, 260, -0.5003613829612732
3, 1043, 257, -0.5005200505256653
4, 957, 272, -0.4730684459209442
5, 942, 274, -0.47275882959365845
6, 929, 277, -0.473087877035141
7, 1073, 274, -0.28019988536834717
8, 919, 293, -0.1405024379491806
9, 1030, 350, -0.44881370663642883
10, 961, 355, -0.41172274947166443
11, 1235, 539, -0.23156045377254486
12, 832, 502, 0.025820216163992882
13, 1291, 908, -0.1919991374015808
14, 513, 520, -0.3350537419319153
15, 1289, 1194, -0.2146225869655609
16, 726, 211, -0.8225774765014648
17, 1288, 1296, -0.2401435524225235
18, 771, 133, -0.9176357984542847
19, 1261, 1288, -0.2675849497318268
20, 795, 137, -0.8454070687294006
21, 1249, 1253, -0.2252364158630371
22, 795, 168, -0.8147343993186951
23, 1123, 1156, -0.10947361588478088
24, 871, 1149, 0.11099764704704285
25, 1122, 1644, -0.13252635300159454
26, 830, 1645, 0.3438890278339386
27, 1123, 2088, 0.1677304208278656
28, 837, 2092, 0.7530723214149475
29, 1143, 2143, 0.17848548293113708
30, 837, 2151, 0.7870191931724548
31, 1058, 2225, -0.18941029906272888
32, 843, 2229, 0.4277251362800598
0, 988, 310, -0.5197536945343018
1, 1007, 262, -0.49292582273483276
2, 1025, 259, -0.4929746389389038
3, 1043, 256, -0.4931356608867645
4, 957, 271, -0.465395450592041
5, 942, 273, -0.46509692072868347
6, 929, 276, -0.4654286503791809
7, 1073, 274, -0.2743992209434509
8, 919, 292, -0.1346254050731659
9, 1030, 350, -0.4418072998523712
10, 961, 355, -0.4044025242328644
11, 1235, 538, -0.2309846431016922
12, 832, 502, 0.03387990966439247
13, 1291, 908, -0.19524040818214417
14, 514, 520, -0.32313165068626404
15, 1289, 1195, -0.21474318206310272
16, 725, 210, -0.8099489808082581
17, 1288, 1296, -0.24071656167507172
18, 770, 132, -0.9051175713539124
19, 1261, 1288, -0.2687623202800751
20, 794, 135, -0.8335303664207458
21, 1250, 1253, -0.22601962089538574
22, 795, 166, -0.8023717403411865
23, 1123, 1156, -0.11098472028970718
24, 870, 1149, 0.11251557618379593
25, 1121, 1644, -0.13690005242824554
26, 829, 1645, 0.3433005213737488
27, 1124, 2088, 0.16090358793735504
28, 837, 2093, 0.7462391257286072
29, 1144, 2144, 0.17178960144519806
30, 838, 2153, 0.779373824596405
31, 1059, 2226, -0.19543428719043732
32, 843, 2230, 0.42116424441337585
0, 988, 310, -0.4882965087890625
1, 1008, 262, -0.46042177081108093
2, 1025, 259, -0.4604884088039398
3, 1043, 256, -0.4606900215148926
4, 957, 270, -0.43288174271583557
5, 942, 272, -0.4325956702232361
6, 929, 275, -0.43293455243110657
7, 1073, 274, -0.24439023435115814
8, 919, 292, -0.10411586612462997
9, 1030, 350, -0.4115663468837738
10, 961, 354, -0.37407156825065613
11, 1235, 538, -0.21074087917804718
12, 832, 503, 0.05937613174319267
13, 1292, 909, -0.1877710372209549
14, 514, 519, -0.276979923248291
15, 1290, 1185, -0.1925532966852188
16, 725, 207, -0.7239278554916382
17, 1289, 1298, -0.2153135985136032
18, 768, 126, -0.8148013353347778
19, 1261, 1290, -0.24268127977848053
20, 794, 131, -0.7410997152328491
21, 1250, 1255, -0.20344923436641693
22, 794, 163, -0.7152348756790161
23, 1123, 1157, -0.11214827001094818
24, 872, 1151, 0.11371270567178726
25, 1125, 1648, -0.1492186337709427
26, 831, 1652, 0.3439076244831085
27, 1133, 2094, 0.14352969825267792
28, 843, 2103, 0.7434528470039368
29, 1152, 2151, 0.1549307405948639
30, 844, 2164, 0.7763357162475586
31, 1068, 2234, -0.21039189398288727
32, 850, 2239, 0.42045021057128906
0, 988, 310, -0.48944202065467834
1, 1008, 262, -0.4622233510017395
2, 1025, 259, -0.4622746407985687
3, 1043, 256, -0.46245259046554565
4, 957, 270, -0.4349881410598755
5, 942, 272, -0.4346822202205658
6, 929, 275, -0.43501415848731995
7, 1073, 274, -0.24809056520462036
8, 919, 291, -0.10960470885038376
9, 1030, 350, -0.41347238421440125
10, 961, 354, -0.37641629576683044
11, 1235, 538, -0.21149609982967377
12, 832, 503, 0.05032893642783165
13, 1292, 910, -0.1897478699684143
14, 514, 519, -0.29202502965927124
15, 1290, 1203, -0.19303011894226074
16, 725, 205, -0.744281530380249
17, 1289, 1312, -0.2171880155801773
18, 768, 124, -0.8369204998016357
19, 1261, 1306, -0.24546651542186737
20, 794, 130, -0.7654233574867249
21, 1250, 1270, -0.20452924072742462
22, 794, 162, -0.7364798784255981
23, 1123, 1158, -0.11173523217439651
24, 871, 1151, 0.11330477893352509
25, 1125, 1648, -0.14363987743854523
26, 831, 1653, 0.3413839638233185
27, 1133, 2095, 0.1614883840084076
28, 844, 2104, 0.7436888217926025
29, 1153, 2152, 0.17388224601745605
30, 844, 2165, 0.7768192887306213
31, 1070, 2235, -0.19026902318000793
32, 850, 2239, 0.4231480062007904
0, 988, 310, -0.4968370497226715
1, 1008, 262, -0.46921050548553467
2, 1025, 259, -0.46924304962158203
3, 1043, 256, -0.46941089630126953
4, 957, 270, -0.4434059262275696
5, 942, 272, -0.44310304522514343
6, 929, 275, -0.4434099793434143
7, 1073, 274, -0.2532193660736084
8, 919, 292, -0.11977528035640717
9, 1030, 350, -0.420048326253891
10, 961, 354, -0.3844647705554962
11, 1235, 538, -0.2133857160806656
12, 832, 503, 0.04073183611035347
13, 1292, 910, -0.18937158584594727
14, 514, 519, -0.31896787881851196
15, 1290, 1205, -0.1928311288356781
16, 725, 206, -0.8161048889160156
17, 1289, 1314, -0.2164454609155655
18, 766, 125, -0.9111331105232239
19, 1262, 1309, -0.24518431723117828
20, 791, 131, -0.8419367671012878
21, 1250, 1272, -0.20432592928409576
22, 792, 163, -0.8096588850021362
23, 1123, 1159, -0.1117938831448555
24, 871, 1152, 0.1133514940738678
25, 1127, 1648, -0.1442495435476303
26, 832, 1653, 0.34296590089797974
27, 1137, 2095, 0.166202113032341
28, 847, 2103, 0.7585335969924927
29, 1156, 2151, 0.17860950529575348
30, 848, 2164, 0.7931111454963684
31, 1073, 2235, -0.18643897771835327
32, 853, 2239, 0.4384271204471588
0, 988, 310, -0.5010905861854553
1, 1008, 262, -0.4729767441749573
2, 1025, 259, -0.47300198674201965
3, 1043, 256, -0.47316473722457886
4, 957, 271, -0.4483224153518677
5, 942, 273, -0.4480295181274414
6, 929, 276, -0.4483279585838318
7, 1072, 274, -0.25604021549224854
8, 919, 292, -0.12545059621334076
9, 1030, 350, -0.4239429235458374
10, 961, 355, -0.38940316438674927
11, 1235, 538, -0.2145373523235321
12, 831, 503, 0.034826286137104034
13, 1292, 910, -0.189100980758667
14, 515, 519, -0.33007678389549255
15, 1291, 1207, -0.19312845170497894
16, 725, 206, -0.8389148712158203
17, 1290, 1315, -0.21689216792583466
18, 765, 127, -0.935856282711029
19, 1262, 1310, -0.24599064886569977
20, 789, 132, -0.8681958317756653
21, 1251, 1274, -0.20475244522094727
22, 790, 163, -0.833166778087616
23, 1123, 1159, -0.11191220581531525
24, 871, 1152, 0.11346673220396042
25, 1127, 1648, -0.14311788976192474
26, 832, 1653, 0.34238576889038086
27, 1137, 2094, 0.16863249242305756
28, 848, 2103, 0.7593077421188354
29, 1156, 2151, 0.18087650835514069
30, 848, 2164, 0.7939104437828064
31, 1073, 2235, -0.18521307408809662
32, 853, 2239, 0.43761318922042847
0, 988, 311, -0.5061808228492737
1, 1007, 262, -0.4784730076789856
2, 1025, 259, -0.4785080552101135
3, 1042, 256, -0.47866979241371155
4, 957, 271, -0.4531725347042084
5, 942, 273, -0.4528728127479553
6, 929, 276, -0.4531830847263336
7, 1072, 274, -0.2596343755722046
8, 919, 292, -0.12484391778707504
9, 1029, 350, -0.42801526188850403
10, 961, 355, -0.39258143305778503
11, 1235, 538, -0.21475742757320404
12, 831, 503, 0.03372566029429436
13, 1292, 910, -0.1899118423461914
14, 516, 519, -0.33921104669570923
15, 1291, 1190, -0.1985149383544922
16, 725, 207, -0.8562725186347961
17, 1290, 1315, -0.22388672828674316
18, 764, 127, -0.9552614092826843
19, 1262, 1310, -0.25151440501213074
20, 789, 132, -0.888069748878479
21, 1251, 1274, -0.20958995819091797
22, 790, 164, -0.8508527874946594
23, 1123, 1159, -0.11278121173381805
24, 871, 1152, 0.11435654759407043
25, 1127, 1648, -0.14248457551002502
26, 832, 1653, 0.345238596200943
27, 1137, 2093, 0.1730470359325409
28, 848, 2103, 0.7766631245613098
29, 1157, 2149, 0.18723416328430176
30, 849, 2164, 0.8128453493118286
31, 1073, 2235, -0.17995721101760864
32, 853, 2238, 0.45445290207862854
0, 987, 311, -0.508951723575592
1, 1007, 262, -0.48147085309028625
2, 1025, 259, -0.48151102662086487
3, 1042, 256, -0.48167240619659424
4, 957, 271, -0.4557524621486664
5, 942, 273, -0.4554440677165985
6, 929, 276, -0.45575886964797974
7, 1072, 274, -0.2612314522266388
8, 919, 292, -0.1247616708278656
9, 1029, 350, -0.4303829073905945
10, 960, 355, -0.39423301815986633
11, 1235, 538, -0.2172044962644577
12, 831, 503, 0.03370748087763786
13, 1293, 910, -0.19393564760684967
14, 516, 520, -0.3402884602546692
15, 1292, 1184, -0.20293091237545013
16, 725, 207, -0.855190634727478
17, 1290, 1318, -0.22882670164108276
18, 764, 128, -0.9539734125137329
19, 1263, 1313, -0.2560800015926361
20, 789, 132, -0.8867828249931335
21, 1251, 1276, -0.21382655203342438
22, 790, 164, -0.8497501015663147
23, 1123, 1159, -0.11399740725755692
24, 871, 1152, 0.11559268087148666
25, 1128, 1649, -0.1413838118314743
26, 833, 1653, 0.3518427610397339
27, 1138, 2093, 0.17611193656921387
28, 848, 2103, 0.789097785949707
29, 1158, 2149, 0.1907883733510971
30, 849, 2163, 0.8257436752319336
31, 1073, 2235, -0.17910781502723694
32, 853, 2238, 0.46624961495399475
0, 987, 311, -0.5118768215179443
1, 1007, 262, -0.48302191495895386
2, 1024, 259, -0.4830628037452698
3, 1042, 256, -0.4832143187522888
4, 957, 272, -0.4566275179386139
5, 942, 274, -0.4563218355178833
6, 929, 276, -0.4566371738910675
7, 1072, 274, -0.26278191804885864
8, 919, 292, -0.12603923678398132
9, 1029, 351, -0.43066200613975525
10, 960, 355, -0.39465853571891785
11, 1235, 538, -0.21656779944896698
12, 831, 503, 0.03298189118504524
13, 1293, 911, -0.19873327016830444
14, 516, 520, -0.35633179545402527
15, 1291, 1182, -0.23258046805858612
16, 725, 207, -0.8883736729621887
17, 1290, 1314, -0.2648390233516693
18, 763, 128, -0.9902967810630798
19, 1262, 1312, -0.2907640039920807
20, 788, 133, -0.9250933527946472
21, 1251, 1276, -0.2435956597328186
22, 790, 164, -0.8837369084358215
23, 1123, 1159, -0.11459086090326309
24, 871, 1151, 0.11620546877384186
25, 1129, 1648, -0.14908012747764587
26, 835, 1653, 0.3486887812614441
27, 1140, 2092, 0.17683792114257812
28, 851, 2103, 0.7855101823806763
29, 1160, 2147, 0.1919751614332199
30, 852, 2163, 0.8220648169517517
31, 1075, 2235, -0.17787912487983704
32, 855, 2237, 0.46224245429039
0, 987, 311, -0.5126017332077026
1, 1007, 263, -0.4831688106060028
2, 1024, 259, -0.483207643032074
3, 1042, 257, -0.4833635687828064
4, 957, 272, -0.4574788510799408
5, 942, 274, -0.45717012882232666
6, 929, 277, -0.45748698711395264
7, 1072, 274, -0.2637788951396942
8, 919, 292, -0.1263657957315445
9, 1029, 351, -0.4310702681541443
10, 960, 355, -0.3956695795059204
11, 1235, 538, -0.21714374423027039
12, 831, 503, 0.033494431525468826
13, 1293, 911, -0.2103545367717743
14, 517, 521, -0.35941532254219055
15, 1290, 1180, -0.25471118092536926
16, 725, 207, -0.8898134827613831
17, 1291, 1313, -0.2895764410495758
18, 763, 128, -0.9915505647659302
19, 1261, 1313, -0.3151859641075134
20, 788, 133, -0.9268149733543396
21, 1250, 1276, -0.2658407986164093
22, 790, 165, -0.8852959275245667
23, 1123, 1159, -0.11570444703102112
24, 871, 1151, 0.11732804030179977
25, 1129, 1648, -0.15203635394573212
26, 837, 1653, 0.3476255238056183
27, 1141, 2091, 0.17831295728683472
28, 852, 2102, 0.7851022481918335
29, 1161, 2146, 0.19287966191768646
30, 853, 2163, 0.8214954137802124
31, 1076, 2234, -0.17721928656101227
32, 855, 2236, 0.46298739314079285
0, 987, 311, -0.5188262462615967
1, 1006, 263, -0.49282369017601013
2, 1024, 259, -0.4928728938102722
3, 1041, 257, -0.49303728342056274
4, 956, 272, -0.4640852212905884
5, 942, 274, -0.4637422263622284
6, 929, 277, -0.4640517234802246
7, 1072, 274, -0.27737128734588623
8, 919, 292, -0.1292044073343277
9, 1029, 351, -0.4395544230937958
10, 960, 356, -0.4004564583301544
11, 1235, 537, -0.2327095866203308
12, 831, 503, 0.03321536257863045
13, 1293, 911, -0.21593979001045227
14, 517, 521, -0.351287841796875
15, 1290, 1180, -0.24312050640583038
16, 725, 207, -0.8792020678520203
17, 1291, 1311, -0.27480462193489075
18, 762, 129, -0.980223536491394
19, 1261, 1316, -0.3016747236251831
20, 787, 134, -0.9149611592292786
21, 1250, 1279, -0.2544870674610138
22, 788, 165, -0.8741157650947571
23, 1123, 1159, -0.11652421951293945
24, 871, 1151, 0.11813332885503769
25, 1129, 1649, -0.14861266314983368
26, 837, 1652, 0.35521844029426575
27, 1141, 2091, 0.18580614030361176
28, 852, 2102, 0.7972083687782288
29, 1161, 2145, 0.20040203630924225
30, 853, 2163, 0.8341179490089417
31, 1076, 2234, -0.17115546762943268
32, 855, 2236, 0.474843829870224
0, 986, 312, -0.5284702181816101
1, 1006, 263, -0.5026412606239319
2, 1024, 260, -0.5026984810829163
3, 1041, 257, -0.5028599500656128
4, 956, 272, -0.47338613867759705
5, 942, 274, -0.47304046154022217
6, 929, 277, -0.47335079312324524
7, 1072, 274, -0.2833614647388458
8, 919, 292, -0.13450679183006287
9, 1029, 351, -0.4485974907875061
10, 960, 356, -0.40887725353240967
11, 1235, 537, -0.23715326189994812
12, 831, 503, 0.03288958966732025
13, 1293, 911, -0.21893246471881866
14, 517, 522, -0.3511604368686676
15, 1290, 1180, -0.2426343858242035
16, 725, 207, -0.8776618838310242
17, 1292, 1310, -0.2734779715538025
18, 762, 129, -0.9784108996391296
19, 1261, 1319, -0.3009254038333893
20, 786, 134, -0.912860095500946
21, 1250, 1280, -0.2539016902446747
22, 788, 165, -0.8728369474411011
23, 1123, 1159, -0.11672637611627579
24, 871, 1151, 0.11832933872938156
25, 1129, 1648, -0.14685945212841034
26, 837, 1652, 0.35441112518310547
27, 1141, 2091, 0.1917264759540558
28, 852, 2101, 0.7953776717185974
29, 1161, 2145, 0.20652556419372559
30, 853, 2162, 0.8320977091789246
31, 1076, 2234, -0.16553610563278198
32, 855, 2235, 0.4717375934123993
0, 986, 311, -0.5282742381095886
1, 1006, 263, -0.5027188062667847
2, 1024, 259, -0.5027821063995361
3, 1041, 256, -0.5029465556144714
4, 956, 272, -0.4732600748538971
5, 942, 274, -0.47291693091392517
6, 929, 276, -0.47322824597358704
7, 1072, 274, -0.2888146638870239
8, 919, 292, -0.13497094810009003
9, 1028, 351, -0.44939228892326355
10, 959, 356, -0.4089173972606659
11, 1235, 537, -0.24650298058986664
12, 831, 503, 0.03407573699951172
13, 1293, 910, -0.22652430832386017
14, 517, 523, -0.33763208985328674
15, 1291, 1179, -0.24078384041786194
16, 724, 207, -0.8613002896308899
17, 1292, 1318, -0.27006253600120544
18, 759, 129, -0.9587758779525757
19, 1261, 1320, -0.2976805567741394
20, 783, 134, -0.8917782306671143
21, 1250, 1282, -0.2518990933895111
22, 786, 165, -0.8559738993644714
23, 1123, 1158, -0.11854217946529388
24, 871, 1151, 0.12009011209011078
25, 1129, 1648, -0.1397223323583603
26, 837, 1651, 0.36618390679359436
27, 1140, 2091, 0.1905699223279953
28, 851, 2101, 0.8007336854934692
29, 1160, 2145, 0.204157292842865
30, 852, 2161, 0.8368204832077026
31, 1073, 2234, -0.16798703372478485
32, 853, 2235, 0.47813671827316284
0, 985, 311, -0.5281556248664856
1, 1006, 263, -0.5025197267532349
2, 1024, 259, -0.5025838017463684
3, 1041, 256, -0.502748429775238
4, 956, 272, -0.4732343852519989
5, 941, 274, -0.47289085388183594
6, 929, 276, -0.47320106625556946
7, 1072, 274, -0.2892274260520935
8, 919, 291, -0.13523997366428375
9, 1028, 351, -0.44929754734039307
10, 959, 356, -0.40890055894851685
11, 1235, 536, -0.24532251060009003
12, 831, 503, 0.03534531965851784
13, 1293, 908, -0.22501978278160095
14, 517, 523, -0.3325427770614624
15, 1291, 1176, -0.24219343066215515
16, 723, 208, -0.8584167957305908
17, 1292, 1318, -0.270928293466568
18, 757, 129, -0.9550971984863281
19, 1262, 1316, -0.298275887966156
20, 782, 134, -0.8879043459892273
21, 1250, 1279, -0.2531246542930603
22, 785, 165, -0.8528551459312439
23, 1122, 1156, -0.11904115229845047
24, 872, 1149, 0.12056711316108704
25, 1129, 1647, -0.139766663312912
26, 837, 1649, 0.36476945877075195
27, 1140, 2089, 0.184786856174469
28, 851, 2098, 0.7970453500747681
29, 1159, 2144, 0.19755972921848297
30, 852, 2159, 0.832902729511261
31, 1073, 2233, -0.17293831706047058
32, 853, 2233, 0.47471708059310913
0, 985, 311, -0.528009295463562
1, 1006, 263, -0.5025570392608643
2, 1024, 259, -0.5026229023933411
3, 1041, 256, -0.5027883052825928
4, 956, 271, -0.4732411503791809
5, 941, 274, -0.47290462255477905
6, 929, 276, -0.47321727871894836
7, 1072, 273, -0.2902064025402069
8, 919, 291, -0.13770337402820587
9, 1027, 351, -0.4494178593158722
10, 958, 356, -0.409015953540802
11, 1234, 536, -0.24344567954540253
12, 831, 502, 0.03431764617562294
13, 1293, 907, -0.2225334197282791
14, 516, 525, -0.33291587233543396
15, 1292, 1186, -0.2413138747215271
16, 721, 210, -0.8555734157562256
17, 1292, 1314, -0.2702946662902832
18, 755, 130, -0.9524227976799011
19, 1263, 1309, -0.297508180141449
20, 780, 134, -0.8857774138450623
21, 1251, 1272, -0.25241702795028687
22, 783, 166, -0.849850058555603
23, 1122, 1154, -0.11891493946313858
24, 872, 1147, 0.12044474482536316
25, 1127, 1646, -0.13588310778141022
26, 836, 1647, 0.362608939409256
27, 1137, 2089, 0.1849290281534195
28, 849, 2097, 0.7962561249732971
29, 1156, 2143, 0.19772034883499146
30, 850, 2157, 0.831638514995575
31, 1070, 2232, -0.1723962128162384
32, 850, 2232, 0.4740498960018158
0, 984, 311, -0.5271512269973755
1, 1006, 262, -0.5025104284286499
2, 1024, 259, -0.5025755167007446
3, 1041, 256, -0.5027406811714172
4, 956, 271, -0.472985178232193
5, 941, 273, -0.47265341877937317
6, 929, 276, -0.47296831011772156
7, 1072, 273, -0.2907196879386902
8, 919, 291, -0.1381104439496994
9, 1027, 351, -0.44936272501945496
10, 958, 356, -0.4087357521057129
11, 1234, 536, -0.24253509938716888
12, 831, 502, 0.03399747610092163
13, 1293, 906, -0.2213011234998703
14, 516, 527, -0.333574503660202
15, 1292, 1190, -0.24218247830867767
16, 720, 211, -0.8554900884628296
17, 1292, 1311, -0.27140727639198303
18, 753, 130, -0.9524920582771301
19, 1263, 1304, -0.29820019006729126
20, 778, 135, -0.8859260678291321
21, 1251, 1268, -0.25326529145240784
22, 782, 166, -0.8497785925865173
23, 1121, 1153, -0.11885080486536026
24, 872, 1146, 0.12037690728902817
25, 1126, 1645, -0.1342252641916275
26, 835, 1646, 0.3629101812839508
27, 1134, 2089, 0.18375264108181
28, 847, 2097, 0.7939102649688721
29, 1154, 2143, 0.19596436619758606
30, 848, 2157, 0.8295088410377502
31, 1067, 2231, -0.173741415143013
32, 847, 2232, 0.4714716374874115
0, 984, 311, -0.5578556060791016
1, 1006, 262, -0.531220555305481
2, 1024, 259, -0.5312526226043701
3, 1041, 256, -0.5313708782196045
4, 956, 271, -0.5022562146186829
5, 942, 273, -0.5019753575325012
6, 929, 276, -0.5022870898246765
7, 1072, 273, -0.30903974175453186
8, 919, 291, -0.1622466742992401
9, 1027, 351, -0.47767654061317444
10, 958, 355, -0.4383789896965027
11, 1234, 536, -0.2552211880683899
12, 830, 502, 0.019393526017665863
13, 1293, 905, -0.23343996703624725
14, 513, 544, -0.35722965002059937
15, 1292, 1184, -0.2681264281272888
16, 718, 222, -0.887214720249176
17, 1291, 1316, -0.30350974202156067
18, 753, 140, -0.9905895590782166
19, 1262, 1309, -0.3310793936252594
20, 778, 144, -0.924153745174408
21, 1250, 1272, -0.2801193594932556
22, 781, 176, -0.8819990158081055
23, 1122, 1153, -0.11889950186014175
24, 872, 1146, 0.12042731791734695
25, 1127, 1645, -0.1441168189048767
26, 836, 1646, 0.35103940963745117
27, 1137, 2088, 0.1925925463438034
28, 851, 2096, 0.7889040112495422
29, 1157, 2143, 0.2075245976448059
30, 851, 2156, 0.8249070644378662
31, 1072, 2231, -0.1651068478822708
32, 852, 2231, 0.46047988533973694
0, 984, 310, -0.5565967559814453
1, 1006, 262, -0.5307754278182983
2, 1024, 259, -0.5308077335357666
3, 1041, 256, -0.530929446220398
4, 956, 271, -0.501355767250061
5, 942, 273, -0.5010718703269958
6, 929, 276, -0.5013800263404846
7, 1072, 273, -0.3110826909542084
8, 919, 291, -0.1628265231847763
9, 1027, 351, -0.4777115285396576
10, 958, 355, -0.43786728382110596
11, 1234, 536, -0.25882330536842346
12, 829, 502, 0.018696602433919907
13, 1293, 905, -0.23642598092556
14, 511, 552, -0.35576140880584717
15, 1292, 1183, -0.26612699031829834
16, 717, 227, -0.8812552094459534
17, 1293, 1314, -0.30041027069091797
18, 752, 146, -0.9837380647659302
19, 1261, 1316, -0.3279900550842285
20, 777, 150, -0.9168671369552612
21, 1249, 1279, -0.277971476316452
22, 781, 181, -0.8759213089942932
23, 1122, 1152, -0.11894264817237854
24, 872, 1146, 0.12046971172094345
25, 1128, 1645, -0.1441950649023056
26, 837, 1646, 0.3468179404735565
27, 1139, 2088, 0.19503606855869293
28, 852, 2096, 0.7798186540603638
29, 1159, 2143, 0.21006722748279572
30, 852, 2156, 0.8152168393135071
31, 1075, 2232, -0.16324692964553833
32, 855, 2231, 0.44883590936660767
0, 984, 309, -0.5522726774215698
1, 1006, 261, -0.5271536707878113
2, 1024, 258, -0.5271899104118347
3, 1041, 255, -0.5273265242576599
4, 956, 270, -0.4980565011501312
5, 942, 272, -0.4977639615535736
6, 929, 274, -0.4980725944042206
7, 1073, 273, -0.3110676407814026
8, 919, 290, -0.1644865870475769
9, 1027, 350, -0.47424888610839844
10, 958, 354, -0.4346674680709839
11, 1234, 536, -0.2560079097747803
12, 826, 502, 0.008017096668481827
13, 1293, 903, -0.22219309210777283
14, 507, 590, -0.3559792935848236
15, 1292, 1181, -0.2286125123500824
16, 711, 259, -0.8683527708053589
17, 1295, 1309, -0.260213166475296
18, 750, 181, -0.9731429219245911
19, 1260, 1318, -0.2864845097064972
20, 775, 184, -0.9018746614456177
21, 1249, 1280, -0.24008245766162872
22, 779, 214, -0.8605363965034485
23, 1122, 1150, -0.11750341951847076
24, 870, 1144, 0.11895425617694855
25, 1123, 1645, -0.11407230794429779
26, 834, 1646, 0.3447323441505432
27, 1134, 2089, 0.23795543611049652
28, 849, 2095, 0.7722137570381165
29, 1154, 2145, 0.2533900737762451
30, 847, 2155, 0.8084268569946289
31, 1068, 2232, -0.11688929051160812
32, 853, 2231, 0.44286879897117615
0, 984, 309, -0.5425142049789429
1, 1007, 261, -0.5185471773147583
2, 1024, 258, -0.5185694694519043
3, 1042, 255, -0.5187273025512695
4, 956, 269, -0.4907029867172241
5, 942, 271, -0.4903963506221771
6, 929, 273, -0.49069175124168396
7, 1073, 273, -0.3070026934146881
8, 919, 289, -0.16409532725811005
9, 1027, 350, -0.4666992425918579
10, 958, 353, -0.42829206585884094
11, 1234, 535, -0.24695852398872375
12, 823, 502, 0.009103376418352127
13, 1293, 902, -0.20185460150241852
14, 504, 600, -0.3551272749900818
15, 1293, 1181, -0.2011709064245224
16, 709, 269, -0.8451260924339294
17, 1296, 1305, -0.23135823011398315
18, 750, 190, -0.9494435787200928
19, 1260, 1319, -0.2574790120124817
20, 774, 194, -0.8763889074325562
21, 1248, 1281, -0.21269533038139343
22, 778, 224, -0.8363170623779297
23, 1122, 1149, -0.11581870913505554
24, 869, 1143, 0.11723243445158005
25, 1121, 1645, -0.10196134448051453
26, 833, 1645, 0.34311074018478394
27, 1131, 2089, 0.24564261734485626
28, 845, 2094, 0.7638024091720581
29, 1151, 2146, 0.26059845089912415
30, 843, 2154, 0.7999446392059326
31, 1064, 2232, -0.10849319398403168
32, 851, 2231, 0.4356561303138733
0, 985, 308, -0.613435685634613
1, 1009, 260, -0.5871162414550781
2, 1027, 257, -0.5871630907058716
3, 1045, 255, -0.5872639417648315
4, 957, 268, -0.5665509700775146
5, 942, 270, -0.5663227438926697
6, 929, 273, -0.5666242837905884
7, 1075, 273, -0.357439249753952
8, 919, 289, -0.24908824265003204
9, 1027, 349, -0.5300028324127197
10, 958, 352, -0.5011786818504333
11, 1234, 533, -0.2644507586956024
12, 819, 504, -0.08238840848207474
13, 1293, 897, -0.20384801924228668
14, 504, 673, -0.43350446224212646
15, 1293, 1175, -0.22807683050632477
16, 706, 354, -0.952924370765686
17, 1298, 1279, -0.2657715976238251
18, 749, 279, -1.0616929531097412
19, 1261, 1312, -0.29657113552093506
20, 774, 275, -1.0072568655014038
21, 1249, 1276, -0.2432413399219513
22, 776, 302, -0.9489513039588928
23, 1121, 1149, -0.10306072980165482
24, 867, 1143, 0.10439123213291168
25, 1121, 1645, -0.07257001847028732
26, 833, 1646, 0.33571869134902954
27, 1131, 2089, 0.3240358233451843
28, 848, 2092, 0.7748184204101562
29, 1151, 2146, 0.3429620563983917
30, 845, 2150, 0.8150928020477295
31, 1066, 2231, -0.027776997536420822
32, 858, 2231, 0.44285088777542114
0, 986, 307, -0.6296818256378174
1, 1011, 260, -0.6029144525527954
2, 1029, 257, -0.6029602289199829
3, 1047, 254, -0.6030622720718384
4, 957, 268, -0.5832384824752808
5, 942, 270, -0.5830121636390686
6, 929, 272, -0.5833059549331665
7, 1076, 273, -0.37047138810157776
8, 920, 289, -0.26664963364601135
9, 1028, 349, -0.5452603101730347
10, 958, 352, -0.5177028775215149
11, 1234, 531, -0.272673100233078
12, 816, 505, -0.1013689786195755
13, 1293, 895, -0.20507270097732544
14, 505, 686, -0.45425471663475037
15, 1294, 1172, -0.2364327758550644
16, 704, 368, -0.9731494188308716
17, 1299, 1271, -0.2754468023777008
18, 748, 292, -1.083017110824585
19, 1264, 1311, -0.3074946105480194
20, 774, 288, -1.0291250944137573
21, 1250, 1275, -0.2525154650211334
22, 776, 314, -0.9695504307746887
23, 1121, 1149, -0.09726216644048691
24, 866, 1142, 0.09859029203653336
25, 1121, 1645, -0.0552714467048645
26, 833, 1646, 0.33449888229370117
27, 1131, 2090, 0.3417239785194397
28, 848, 2091, 0.7792848348617554
29, 1151, 2146, 0.36039650440216064
30, 845, 2149, 0.8201436996459961
31, 1066, 2231, -0.011012043803930283
32, 860, 2231, 0.44523629546165466
0, 992, 306, -0.6610328555107117
1, 1016, 259, -0.6308449506759644
2, 1034, 257, -0.6308737397193909
3, 1052, 254, -0.6308785676956177
4, 963, 265, -0.6204367876052856
5, 947, 267, -0.6202552914619446
6, 934, 269, -0.6205822825431824
7, 1077, 273, -0.38447391986846924
8, 920, 288, -0.32320690155029297
9, 1032, 349, -0.5713261365890503
10, 962, 352, -0.5557892322540283
11, 1232, 531, -0.27090319991111755
12, 801, 519, -0.18637587130069733
13, 1293, 895, -0.1934797614812851
14, 510, 755, -0.5358482003211975
15, 1290, 1172, -0.26527437567710876
16, 705, 470, -1.0780277252197266
17, 1294, 1289, -0.30961304903030396
18, 761, 418, -1.1920685768127441
19, 1260, 1309, -0.33843082189559937
20, 785, 395, -1.1513582468032837
21, 1245, 1273, -0.28164225816726685
22, 782, 413, -1.077862024307251
23, 1121, 1153, -0.06357508152723312
24, 864, 1145, 0.06500907242298126
25, 1129, 1648, -0.03228779882192612
26, 835, 1657, 0.28416308760643005
27, 1135, 2092, 0.40206587314605713
28, 850, 2096, 0.7580382227897644
29, 1151, 2149, 0.42427191138267517
30, 847, 2152, 0.8003583550453186
31, 1087, 2237, 0.055010534822940826
32, 875, 2239, 0.41722729802131653
0, 996, 304, -0.6625505685806274
1, 1020, 257, -0.6301090717315674
2, 1038, 255, -0.6301180124282837
3, 1056, 254, -0.6300910115242004
4, 968, 262, -0.6223248839378357
5, 950, 263, -0.6221468448638916
6, 937, 265, -0.6224793791770935
7, 1078, 272, -0.37729257345199585
8, 921, 287, -0.32812559604644775
9, 1035, 348, -0.5706617832183838
10, 965, 352, -0.5586481690406799
11, 1230, 531, -0.2453555315732956
12, 794, 526, -0.2070094645023346
13, 1293, 895, -0.1598365753889084
14, 512, 766, -0.5636220574378967
15, 1290, 1169, -0.26063185930252075
16, 705, 479, -1.107784628868103
17, 1295, 1294, -0.30253055691719055
18, 766, 429, -1.2255505323410034
19, 1260, 1304, -0.32922986149787903
20, 791, 407, -1.1859036684036255
21, 1246, 1268, -0.27866336703300476
22, 785, 423, -1.108129620552063
23, 1122, 1156, -0.044143591076135635
24, 864, 1147, 0.045720864087343216
25, 1137, 1650, -0.016139382496476173
26, 835, 1662, 0.2441401183605194
27, 1140, 2092, 0.4179515838623047
28, 851, 2098, 0.7147036194801331
29, 1151, 2149, 0.4399835765361786
30, 847, 2153, 0.755723774433136
31, 1103, 2240, 0.06877794861793518
32, 887, 2241, 0.36564871668815613
0, 997, 303, -0.6898186802864075
1, 1022, 256, -0.6641142964363098
2, 1039, 255, -0.6640861630439758
3, 1057, 253, -0.6640648245811462
4, 970, 259, -0.6582869291305542
5, 952, 260, -0.6580352783203125
6, 938, 261, -0.6583194136619568
7, 1079, 271, -0.42375749349594116
8, 922, 283, -0.3872847557067871
9, 1035, 347, -0.5991274118423462
10, 966, 350, -0.5900636911392212
11, 1229, 531, -0.2662810683250427
12, 788, 523, -0.24911753833293915
13, 1293, 901, -0.1703658550977707
14, 523, 815, -0.549596905708313
15, 1290, 1186, -0.2628304660320282
16, 707, 637, -1.090482234954834
17, 1322, 1335, -0.3042895495891571
18, 776, 645, -1.1948039531707764
19, 1284, 1328, -0.3352038562297821
20, 803, 596, -1.170875072479248
21, 1263, 1291, -0.2802257835865021
22, 792, 593, -1.092429518699646
23, 1120, 1156, -0.042790770530700684
24, 859, 1147, 0.04427680745720863
25, 1134, 1650, 0.03396932780742645
26, 829, 1661, 0.2533736526966095
27, 1127, 2092, 0.45346662402153015
28, 839, 2094, 0.7028013467788696
29, 1135, 2149, 0.473475843667984
30, 835, 2149, 0.7413036227226257
31, 1093, 2240, 0.11541328579187393
32, 875, 2241, 0.36332112550735474
0, 997, 302, -0.708842396736145
1, 1022, 255, -0.6833846569061279
2, 1039, 254, -0.6833516955375671
3, 1057, 253, -0.6833165287971497
4, 970, 256, -0.6770093441009521
5, 953, 257, -0.6767577528953552
6, 939, 259, -0.6770409345626831
7, 1080, 270, -0.4409602880477905
8, 923, 281, -0.4011441171169281
9, 1034, 346, -0.6171036958694458
10, 966, 349, -0.6072849035263062
11, 1229, 532, -0.277362197637558
12, 786, 521, -0.2613416314125061
13, 1294, 904, -0.1761484593153
14, 529, 823, -0.5605419278144836
15, 1290, 1194, -0.2717426121234894
16, 709, 648, -1.109452486038208
17, 1336, 1351, -0.3137906491756439
18, 780, 658, -1.2146248817443848
19, 1297, 1342, -0.34787222743034363
20, 808, 609, -1.1926326751708984
21, 1274, 1303, -0.28983449935913086
22, 796, 606, -1.1118836402893066
23, 1120, 1156, -0.04119383171200752
24, 857, 1148, 0.04269682615995407
25, 1134, 1651, 0.04740430414676666
26, 826, 1661, 0.2543545365333557
27, 1122, 2092, 0.47871118783950806
28, 833, 2094, 0.7096549272537231
29, 1128, 2149, 0.4997765123844147
30, 829, 2148, 0.7485787272453308
31, 1087, 2240, 0.13799172639846802
32, 869, 2240, 0.3681052029132843
0, 997, 299, -0.7713898420333862
1, 1023, 253, -0.7494009733200073
2, 1041, 253, -0.749386191368103
3, 1058, 252, -0.7494761943817139
4, 972, 255, -0.7452669739723206
5, 954, 255, -0.7449495792388916
6, 940, 257, -0.7452651858329773
7, 1080, 269, -0.5052439570426941
8, 924, 280, -0.4752766191959381
9, 1035, 344, -0.6752244234085083
10, 967, 346, -0.6675354838371277
11, 1230, 532, -0.3038041293621063
12, 787, 520, -0.30975115299224854
13, 1294, 903, -0.16051648557186127
14, 584, 810, -0.4296117126941681
15, 1307, 1193, -0.2893548011779785
16, 709, 836, -0.8492282032966614
17, 1336, 1325, -0.34142085909843445
18, 778, 893, -0.9376922845840454
19, 1301, 1311, -0.3910088539123535
20, 807, 835, -0.9686216115951538
21, 1279, 1269, -0.3137541115283966
22, 795, 816, -0.8662161231040955
23, 1118, 1158, -0.03437404707074165
24, 851, 1151, 0.03589892387390137
25, 1139, 1646, 0.07257699966430664
26, 832, 1653, 0.2672528326511383
27, 1125, 2073, 0.5269911289215088
28, 834, 2074, 0.7583917379379272
29, 1129, 2128, 0.5529552698135376
30, 830, 2132, 0.8027240037918091
31, 1086, 2232, 0.1968633234500885
32, 869, 2219, 0.42444485425949097
0, 998, 298, -0.7770939469337463
1, 1023, 253, -0.7553788423538208
2, 1041, 252, -0.7553685903549194
3, 1059, 251, -0.7554811239242554
4, 972, 253, -0.7504987716674805
5, 955, 254, -0.7501752376556396
6, 940, 256, -0.7504928112030029
7, 1081, 268, -0.5122861266136169
8, 924, 279, -0.4786671996116638
9, 1035, 343, -0.6812976002693176
10, 967, 345, -0.6725339293479919
11, 1230, 532, -0.31405022740364075
12, 786, 520, -0.3115048408508301
13, 1294, 903, -0.16297048330307007
14, 597, 808, -0.4081431031227112
15, 1311, 1193, -0.30125004053115845
16, 709, 848, -0.8314841985702515
17, 1334, 1314, -0.3555518686771393
18, 777, 906, -0.9207016825675964
19, 1300, 1300, -0.40610435605049133
20, 806, 848, -0.9473990797996521
21, 1279, 1258, -0.32625171542167664
22, 795, 829, -0.8476998805999756
23, 1117, 1159, -0.034778546541929245
24, 847, 1154, 0.03626595810055733
25, 1141, 1644, 0.07654272019863129
26, 836, 1650, 0.27294090390205383
27, 1127, 2066, 0.540004312992096
28, 834, 2068, 0.787688672542572
29, 1130, 2121, 0.567097544670105
30, 831, 2127, 0.8330122232437134
31, 1086, 2228, 0.2108449935913086
32, 869, 2212, 0.45648664236068726
0, 1000, 295, -0.8463501334190369
1, 1026, 251, -0.8138445615768433
2, 1044, 251, -0.8140392303466797
3, 1061, 251, -0.8141419887542725
4, 974, 252, -0.8135601282119751
5, 956, 252, -0.8135351538658142
6, 941, 253, -0.8140231966972351
7, 1083, 268, -0.5366708636283875
8, 924, 277, -0.5245239734649658
9, 1036, 341, -0.7376643419265747
10, 967, 342, -0.7357381582260132
11, 1230, 534, -0.3108779489994049
12, 778, 521, -0.3201570212841034
13, 1293, 902, -0.16345392167568207
14, 623, 841, -0.3144705891609192
15, 1309, 1151, -0.37951913475990295
16, 732, 1026, -0.6608791351318359
17, 1335, 1285, -0.4462675452232361
18, 780, 1120, -0.7442955374717712
19, 1307, 1278, -0.5089367628097534
20, 821, 1080, -0.7967374920845032
21, 1286, 1236, -0.4111679196357727
22, 811, 1047, -0.6859195232391357
23, 1118, 1161, -0.04067420959472656
24, 849, 1147, 0.042194318026304245
25, 1157, 1653, -0.042439211159944534
26, 856, 1651, 0.1932515799999237
27, 1160, 2068, 0.4755236804485321
28, 875, 2069, 0.696387529373169
29, 1164, 2123, 0.5030759572982788
30, 871, 2129, 0.737826406955719
31, 1121, 2231, 0.1447608470916748
32, 926, 2213, 0.3644295334815979
0, 1001, 292, -0.8642746210098267
1, 1027, 250, -0.8320507407188416
2, 1045, 249, -0.8322643041610718
3, 1062, 249, -0.8323848843574524
4, 974, 250, -0.831903874874115
5, 957, 250, -0.8319233059883118
6, 941, 251, -0.8324351906776428
7, 1084, 268, -0.5532116293907166
8, 924, 276, -0.5425351858139038
9, 1037, 338, -0.7548086047172546
10, 968, 340, -0.7532519698143005
11, 1230, 535, -0.3185228109359741
12, 773, 522, -0.33358511328697205
13, 1293, 902, -0.16592833399772644
14, 627, 849, -0.32404825091362
15, 1308, 1141, -0.3875836431980133
16, 742, 1040, -0.6777475476264954
17, 1323, 1243, -0.45153024792671204
18, 782, 1136, -0.7610034942626953
19, 1312, 1273, -0.514907717704773
20, 828, 1097, -0.8103030920028687
21, 1291, 1231, -0.41888922452926636
22, 819, 1062, -0.7015687227249146
23, 1120, 1165, -0.0414486788213253
24, 851, 1145, 0.042949069291353226
25, 1172, 1665, -0.05711750686168671
26, 870, 1651, 0.1875918060541153
27, 1183, 2075, 0.4697622060775757
28, 899, 2068, 0.6881329417228699
29, 1189, 2129, 0.5019267201423645
30, 896, 2130, 0.7290452718734741
31, 1144, 2244, 0.14755769073963165
32, 956, 2211, 0.3593634366989136
0, 1000, 291, -0.7159428000450134
1, 1027, 249, -0.6906381249427795
2, 1045, 249, -0.6907376050949097
3, 1062, 249, -0.6910219192504883
4, 974, 249, -0.6962471008300781
5, 957, 250, -0.6962100267410278
6, 941, 251, -0.6965903043746948
7, 1084, 268, -0.4677067697048187
8, 924, 275, -0.48804333806037903
9, 1037, 337, -0.6265782713890076
10, 967, 339, -0.6315488219261169
11, 1232, 537, -0.2980393171310425
12, 773, 523, -0.2857236862182617
13, 1293, 905, -0.15880325436592102
14, 649, 841, -0.1765204519033432
15, 1310, 1146, -0.34110963344573975
16, 704, 1072, -0.36687353253364563
17, 1325, 1250, -0.401309072971344
18, 681, 1181, -0.4185197949409485
19, 1317, 1276, -0.48421207070350647
20, 741, 1142, -0.4754028916358948
21, 1295, 1235, -0.3808992803096771
22, 751, 1090, -0.39362674951553345
23, 1121, 1177, -0.04398108646273613
24, 852, 1158, 0.0454818494617939
25, 1157, 1681, 0.04130472615361214
26, 841, 1675, 0.15698297321796417
27, 1144, 2114, 0.5044031143188477
28, 845, 2110, 0.5194772481918335
29, 1148, 2177, 0.5331519842147827
30, 845, 2178, 0.5468403100967407
31, 1089, 2276, 0.2112155556678772
32, 876, 2252, 0.19241929054260254
0, 1000, 291, -0.753007173538208
1, 1026, 249, -0.7295817732810974
2, 1045, 249, -0.7296789288520813
3, 1062, 249, -0.7299453020095825
4, 974, 249, -0.7310964465141296
5, 956, 250, -0.7310201525688171
6, 941, 251, -0.7313944101333618
7, 1084, 268, -0.49728232622146606
8, 923, 275, -0.488864541053772
9, 1037, 337, -0.6602723002433777
10, 966, 339, -0.6595489382743835
11, 1232, 538, -0.3214229941368103
12, 773, 524, -0.3096822500228882
13, 1292, 906, -0.17903980612754822
14, 657, 847, -0.2138037383556366
15, 1313, 1148, -0.3354773223400116
16, 697, 1102, -0.4149708151817322
17, 1330, 1256, -0.39075830578804016
18, 677, 1214, -0.47093823552131653
19, 1331, 1276, -0.45330628752708435
20, 721, 1195, -0.5299012660980225
21, 1307, 1236, -0.3671465516090393
22, 745, 1129, -0.44247618317604065
23, 1123, 1180, -0.04518682509660721
24, 852, 1166, 0.04669196158647537
25, 1152, 1688, 0.03974009305238724
26, 833, 1687, 0.1737947016954422
27, 1135, 2126, 0.5161334872245789
28, 835, 2124, 0.5794724225997925
29, 1139, 2189, 0.5459077954292297
30, 835, 2193, 0.6121079325675964
31, 1077, 2288, 0.21240368485450745
32, 864, 2268, 0.24712689220905304
0, 999, 291, -0.6826515197753906
1, 1026, 249, -0.6634884476661682
2, 1045, 249, -0.663578987121582
3, 1062, 249, -0.6638550162315369
4, 973, 249, -0.6647453904151917
5, 955, 249, -0.6646158695220947
6, 940, 251, -0.6649585366249084
7, 1084, 269, -0.44834235310554504
8, 922, 274, -0.4573768973350525
9, 1036, 338, -0.5945050120353699
10, 963, 339, -0.5925400853157043
11, 1233, 539, -0.2893548607826233
12, 770, 524, -0.28808701038360596
13, 1289, 905, -0.16094736754894257
14, 667, 840, -0.11872421205043793
15, 1313, 1151, -0.33320415019989014
16, 681, 1073, -0.30527082085609436
17, 1334, 1250, -0.38384467363357544
18, 666, 1156, -0.3566771149635315
19, 1327, 1252, -0.4375644326210022
20, 702, 1135, -0.4181653559207916
21, 1304, 1214, -0.3589024245738983
22, 721, 1093, -0.3345487415790558
23, 1118, 1184, -0.04422162100672722
24, 839, 1166, 0.04575298726558685
25, 1117, 1686, 0.03565376251935959
26, 792, 1683, 0.16295768320560455
27, 1095, 2124, 0.5031469464302063
28, 783, 2120, 0.5404713749885559
29, 1098, 2187, 0.5347769260406494
30, 782, 2187, 0.5693814158439636
31, 1036, 2285, 0.1764521300792694
32, 811, 2265, 0.21337316930294037
0, 998, 292, -0.6075870394706726
1, 1026, 250, -0.588307797908783
2, 1045, 249, -0.588436484336853
3, 1062, 249, -0.5887224078178406
4, 972, 250, -0.5885766744613647
5, 955, 250, -0.5884150266647339
6, 939, 251, -0.5887816548347473
7, 1085, 270, -0.37721383571624756
8, 922, 274, -0.3688798248767853
9, 1035, 340, -0.5217013955116272
10, 962, 340, -0.5184082388877869
11, 1233, 539, -0.23325859010219574
12, 770, 524, -0.21729017794132233
13, 1289, 905, -0.12649987637996674
14, 676, 837, -0.09693620353937149
15, 1317, 1151, -0.2855287492275238
16, 666, 1089, -0.2952186167240143
17, 1342, 1251, -0.3389635682106018
18, 641, 1169, -0.3477071523666382
19, 1326, 1249, -0.3938142657279968
20, 670, 1145, -0.41017675399780273
21, 1303, 1212, -0.3142751455307007
22, 702, 1113, -0.3259897232055664
23, 1117, 1189, -0.04518160596489906
24, 835, 1167, 0.04671653360128403
25, 1107, 1688, 0.017946520820260048
26, 783, 1682, 0.14734198153018951
27, 1086, 2133, 0.380312979221344
28, 774, 2125, 0.47288137674331665
29, 1091, 2198, 0.39988720417022705
30, 773, 2194, 0.49658074975013733
31, 1026, 2292, 0.0806310623884201
32, 800, 2270, 0.15277352929115295
0, 998, 293, -0.7237686514854431
1, 1026, 250, -0.6974864602088928
2, 1045, 250, -0.6977429986000061
3, 1062, 250, -0.6980471014976501
4, 972, 250, -0.6982554793357849
5, 954, 250, -0.6979879140853882
6, 939, 251, -0.6983939409255981
7, 1085, 270, -0.4424034357070923
8, 921, 274, -0.43395185470581055
9, 1035, 340, -0.6208762526512146
10, 961, 340, -0.6187669038772583
11, 1233, 543, -0.2338290959596634
12, 767, 525, -0.24260586500167847
13, 1287, 909, -0.13794249296188354
14, 685, 866, -0.14675618708133698
15, 1316, 1152, -0.3211764097213745
16, 666, 1135, -0.3899962604045868
17, 1342, 1252, -0.3864295184612274
18, 650, 1236, -0.45684894919395447
19, 1324, 1251, -0.448757141828537
20, 682, 1217, -0.5275298953056335
21, 1301, 1213, -0.354939341545105
22, 701, 1164, -0.42507192492485046
23, 1116, 1202, -0.048643242567777634
24, 826, 1179, 0.05059695243835449
25, 1098, 1708, -0.04122050479054451
26, 774, 1698, 0.15243664383888245
27, 1072, 2148, 0.3972785174846649
28, 764, 2140, 0.5455887317657471
29, 1076, 2211, 0.42092978954315186
30, 762, 2210, 0.5760934352874756
31, 1014, 2304, 0.07326560467481613
32, 792, 2283, 0.20380297303199768
0, 998, 296, -0.7870594263076782
1, 1027, 251, -0.7605641484260559
2, 1046, 251, -0.7608124613761902
3, 1062, 251, -0.7610836029052734
4, 972, 251, -0.7612341642379761
5, 954, 251, -0.7609969973564148
6, 939, 252, -0.7614057660102844
7, 1085, 270, -0.4942336976528168
8, 920, 274, -0.48433253169059753
9, 1035, 343, -0.6799989938735962
10, 961, 343, -0.6778460741043091
11, 1233, 544, -0.2725856900215149
12, 765, 526, -0.27445176243782043
13, 1285, 909, -0.14526288211345673
14, 687, 871, -0.16980385780334473
15, 1316, 1153, -0.35720252990722656
16, 665, 1132, -0.4267176389694214
17, 1342, 1250, -0.4257303774356842
18, 651, 1222, -0.4971997141838074
19, 1323, 1255, -0.49039456248283386
20, 681, 1200, -0.5708232522010803
21, 1300, 1217, -0.3924865126609802
22, 694, 1145, -0.463540643453598
23, 1115, 1207, -0.051469188183546066
24, 822, 1184, 0.05367082729935646
25, 1095, 1715, -0.052498266100883484
26, 773, 1705, 0.1568349450826645
27, 1071, 2155, 0.40463533997535706
28, 765, 2148, 0.5672282576560974
29, 1074, 2218, 0.4292636215686798
30, 762, 2218, 0.5989345908164978
31, 1014, 2309, 0.06758499890565872
32, 794, 2290, 0.2136225700378418
