0, 1037, 278, -0.7727766633033752
1, 1063, 230, -0.7432137131690979
2, 1083, 231, -0.7434141635894775
3, 1099, 232, -0.7436085343360901
4, 1006, 225, -0.7515227794647217
5, 983, 225, -0.7515920400619507
6, 964, 224, -0.7520295977592468
7, 1117, 253, -0.4874928891658783
8, 931, 241, -0.5200003981590271
9, 1061, 332, -0.6710172295570374
10, 993, 334, -0.6803825497627258
11, 1262, 542, -0.2858237326145172
12, 778, 527, -0.33728256821632385
13, 1320, 897, -0.16429291665554047
14, 696, 890, -0.25503528118133545
15, 1377, 1150, -0.3773488700389862
16, 649, 1149, -0.48784318566322327
17, 1432, 1259, -0.43782129883766174
18, 634, 1239, -0.5542864203453064
19, 1409, 1260, -0.5035565495491028
20, 662, 1222, -0.6276002526283264
21, 1376, 1228, -0.4120550751686096
22, 680, 1192, -0.5234546661376953
23, 1172, 1202, -0.018885694444179535
24, 857, 1202, 0.020352473482489586
25, 1160, 1697, 0.09691383689641953
26, 853, 1694, 0.099234938621521
27, 1152, 2135, 0.5638862252235413
28, 848, 2137, 0.475523442029953
29, 1154, 2206, 0.5929028391838074
30, 845, 2212, 0.5037041306495667
31, 1111, 2293, 0.2822554409503937
32, 882, 2282, 0.15334157645702362
0, 1035, 279, -0.8678943514823914
1, 1062, 231, -0.837507963180542
2, 1079, 232, -0.8376533389091492
3, 1096, 234, -0.8378438949584961
4, 1005, 229, -0.8467792272567749
5, 982, 229, -0.847000241279602
6, 963, 229, -0.8474433422088623
7, 1116, 256, -0.5674616098403931
8, 930, 248, -0.606559693813324
9, 1061, 332, -0.7593013048171997
10, 991, 334, -0.7706916332244873
11, 1261, 538, -0.3413845896720886
12, 777, 526, -0.39825838804244995
13, 1319, 897, -0.20952096581459045
14, 695, 888, -0.310957133769989
15, 1377, 1149, -0.4267432391643524
16, 649, 1149, -0.5316048860549927
17, 1433, 1259, -0.48371759057044983
18, 632, 1237, -0.5953848958015442
19, 1413, 1260, -0.5516431927680969
20, 658, 1222, -0.6654730439186096
21, 1379, 1228, -0.46169158816337585
22, 676, 1191, -0.5652465224266052
23, 1179, 1202, -0.018925227224826813
24, 869, 1203, 0.020373856648802757
25, 1169, 1691, 0.042951084673404694
26, 865, 1680, 0.08828641474246979
27, 1178, 2126, 0.5634633302688599
28, 874, 2119, 0.48201557993888855
29, 1182, 2195, 0.5940620303153992
30, 872, 2191, 0.5124837756156921
31, 1145, 2282, 0.2883276641368866
32, 914, 2263, 0.17647002637386322
0, 1034, 280, -0.867811381816864
1, 1061, 233, -0.8378349542617798
2, 1077, 234, -0.8380061388015747
3, 1094, 235, -0.8381837010383606
4, 1003, 232, -0.8466187715530396
5, 981, 232, -0.8468148112297058
6, 963, 232, -0.8472732305526733
7, 1115, 258, -0.5688628554344177
8, 930, 251, -0.6048386096954346
9, 1060, 332, -0.7597073912620544
10, 990, 334, -0.7702017426490784
11, 1260, 535, -0.3472544550895691
12, 777, 525, -0.3943476676940918
13, 1319, 897, -0.21868818998336792
14, 695, 886, -0.3077384829521179
15, 1375, 1148, -0.4450241029262543
16, 650, 1149, -0.5372040271759033
17, 1430, 1260, -0.5063068866729736
18, 632, 1236, -0.602935791015625
19, 1411, 1261, -0.5740700960159302
20, 657, 1221, -0.6753067374229431
21, 1377, 1230, -0.4803130030632019
22, 675, 1191, -0.5720046758651733
23, 1183, 1202, -0.020431142300367355
24, 874, 1203, 0.021803559735417366
25, 1174, 1690, 0.04640128090977669
26, 870, 1679, 0.09630270302295685
27, 1186, 2126, 0.5649462938308716
28, 880, 2120, 0.5045697093009949
29, 1191, 2195, 0.5980961322784424
30, 879, 2192, 0.5358240008354187
31, 1153, 2282, 0.2896885573863983
32, 919, 2264, 0.19639532268047333
0, 1032, 281, -0.8666020631790161
1, 1060, 235, -0.8379055261611938
2, 1075, 235, -0.8380649089813232
3, 1093, 236, -0.8382419943809509
4, 1003, 234, -0.8469498157501221
5, 981, 234, -0.847117006778717
6, 962, 235, -0.8475748896598816
7, 1115, 259, -0.5718716382980347
8, 929, 254, -0.6083970665931702
9, 1060, 332, -0.7595452666282654
10, 989, 335, -0.7702004909515381
11, 1259, 534, -0.3482479155063629
12, 777, 525, -0.40220263600349426
13, 1319, 898, -0.21178510785102844
14, 695, 885, -0.311253160238266
15, 1375, 1153, -0.42971155047416687
16, 650, 1152, -0.5369579792022705
17, 1432, 1269, -0.4898001253604889
18, 632, 1239, -0.6012086868286133
19, 1413, 1273, -0.557058572769165
20, 656, 1223, -0.6742340326309204
21, 1378, 1241, -0.46487051248550415
22, 675, 1193, -0.5717231631278992
23, 1187, 1204, -0.020514581352472305
24, 874, 1206, 0.021865379065275192
25, 1179, 1706, 0.049373652786016464
26, 870, 1700, 0.09509601444005966
27, 1188, 2150, 0.5549052357673645
28, 878, 2151, 0.49179455637931824
29, 1192, 2218, 0.5873466730117798
30, 877, 2223, 0.5211197137832642
31, 1152, 2310, 0.26707443594932556
32, 917, 2297, 0.16529801487922668
0, 1031, 282, -0.8745524883270264
1, 1059, 236, -0.8460895419120789
2, 1074, 236, -0.846256673336029
3, 1092, 237, -0.8464587330818176
4, 1002, 236, -0.8536666035652161
5, 980, 236, -0.8538306951522827
6, 962, 236, -0.8542714715003967
7, 1114, 260, -0.5777536630630493
8, 929, 256, -0.6075370907783508
9, 1059, 333, -0.7660238742828369
10, 988, 335, -0.7746556997299194
11, 1259, 532, -0.3521078824996948
12, 778, 524, -0.39639219641685486
13, 1319, 897, -0.22526440024375916
14, 696, 884, -0.3037756681442261
15, 1374, 1150, -0.45223236083984375
16, 649, 1152, -0.5312491655349731
17, 1431, 1267, -0.5136696100234985
18, 631, 1241, -0.596950352191925
19, 1413, 1271, -0.5828663110733032
20, 655, 1225, -0.6706513166427612
21, 1378, 1240, -0.48838120698928833
22, 674, 1195, -0.5665625929832458
23, 1185, 1205, -0.02262570522725582
24, 874, 1206, 0.023963309824466705
25, 1176, 1705, 0.04329746216535568
26, 869, 1697, 0.09207475185394287
27, 1186, 2149, 0.5488521456718445
28, 878, 2150, 0.48920920491218567
29, 1191, 2217, 0.5814714431762695
30, 876, 2223, 0.518514096736908
31, 1149, 2308, 0.2591577172279358
32, 915, 2296, 0.16119402647018433
0, 1028, 283, -0.8575029969215393
1, 1058, 236, -0.8285935521125793
2, 1072, 237, -0.8287678956985474
3, 1090, 238, -0.8289640545845032
4, 999, 237, -0.8366279006004333
5, 978, 237, -0.836772620677948
6, 960, 237, -0.8372136950492859
7, 1114, 261, -0.5633354187011719
8, 928, 257, -0.597810685634613
9, 1058, 333, -0.7507653832435608
10, 986, 335, -0.7603107690811157
11, 1258, 532, -0.34511393308639526
12, 778, 523, -0.39403387904167175
13, 1320, 897, -0.2171158492565155
14, 698, 881, -0.2990417778491974
15, 1364, 1150, -0.45008164644241333
16, 658, 1145, -0.527570366859436
17, 1417, 1268, -0.5143648386001587
18, 631, 1231, -0.594894528388977
19, 1397, 1271, -0.5838751196861267
20, 655, 1214, -0.6695393919944763
21, 1365, 1239, -0.48649075627326965
22, 674, 1184, -0.5630990862846375
23, 1182, 1205, -0.02259385772049427
24, 873, 1205, 0.02393382042646408
25, 1167, 1705, 0.05445340648293495
26, 864, 1692, 0.08886931836605072
27, 1173, 2148, 0.571012556552887
28, 869, 2146, 0.4894866347312927
29, 1177, 2214, 0.6042936444282532
30, 868, 2217, 0.5191360116004944
31, 1134, 2306, 0.28307783603668213
32, 900, 2291, 0.1621575802564621
0, 1028, 283, -0.8710834383964539
1, 1057, 237, -0.8419492244720459
2, 1071, 237, -0.8421227931976318
3, 1089, 238, -0.8422867059707642
4, 999, 237, -0.8502461910247803
5, 978, 238, -0.8504318594932556
6, 959, 238, -0.8509054183959961
7, 1113, 262, -0.5738067626953125
8, 928, 259, -0.6064750552177429
9, 1058, 333, -0.7633021473884583
10, 985, 335, -0.7725915312767029
11, 1258, 532, -0.3503263294696808
12, 779, 523, -0.4042956531047821
13, 1320, 897, -0.2303561568260193
14, 700, 881, -0.31507164239883423
15, 1358, 1151, -0.47560200095176697
16, 664, 1141, -0.5506154894828796
17, 1409, 1274, -0.5417658686637878
18, 636, 1229, -0.6213579177856445
19, 1389, 1275, -0.6101522445678711
20, 658, 1211, -0.6957502365112305
21, 1358, 1243, -0.5116509199142456
22, 677, 1181, -0.5864716172218323
23, 1182, 1191, -0.02241421863436699
24, 873, 1205, 0.023705357685685158
25, 1166, 1707, 0.08974670618772507
26, 864, 1694, 0.10426918417215347
27, 1173, 2148, 0.624798595905304
28, 868, 2145, 0.5366542339324951
29, 1175, 2214, 0.6602813005447388
30, 868, 2217, 0.5700183510780334
31, 1134, 2306, 0.3389476537704468
32, 898, 2291, 0.21012790501117706
0, 1027, 283, -0.900147020816803
1, 1056, 237, -0.8710492849349976
2, 1070, 237, -0.871212363243103
3, 1088, 238, -0.8713667392730713
4, 998, 238, -0.879634439945221
5, 977, 238, -0.8798159956932068
6, 959, 239, -0.880293071269989
7, 1113, 263, -0.6003960967063904
8, 927, 260, -0.6343153715133667
9, 1057, 333, -0.7909573316574097
10, 985, 335, -0.8007871508598328
11, 1258, 532, -0.3690580725669861
12, 779, 523, -0.42691949009895325
13, 1320, 899, -0.2543124258518219
14, 702, 881, -0.3389792740345001
15, 1360, 1185, -0.4965795874595642
16, 668, 1141, -0.5757019519805908
17, 1408, 1287, -0.5620730519294739
18, 637, 1229, -0.6465645432472229
19, 1386, 1288, -0.6289055347442627
20, 659, 1211, -0.7213676571846008
21, 1355, 1254, -0.5321835279464722
22, 677, 1181, -0.6120579242706299
23, 1182, 1188, -0.022392557933926582
24, 872, 1206, 0.023684237152338028
25, 1165, 1715, 0.08415007591247559
26, 862, 1697, 0.07952876389026642
27, 1166, 2155, 0.6076000928878784
28, 863, 2150, 0.5159295797348022
29, 1166, 2221, 0.6414153575897217
30, 863, 2222, 0.5506452918052673
31, 1128, 2313, 0.33415085077285767
32, 891, 2294, 0.17158322036266327
0, 1026, 283, -0.9021978378295898
1, 1056, 237, -0.8727025985717773
2, 1070, 237, -0.8728665113449097
3, 1087, 238, -0.8730281591415405
4, 998, 238, -0.880646824836731
5, 977, 239, -0.8808291554450989
6, 959, 239, -0.8813048601150513
7, 1113, 263, -0.6014453768730164
8, 927, 260, -0.6324687600135803
9, 1057, 333, -0.7930123209953308
10, 984, 335, -0.8019750714302063
11, 1258, 533, -0.3716706931591034
12, 779, 523, -0.42408812046051025
13, 1320, 901, -0.25923970341682434
14, 703, 881, -0.33741581439971924
15, 1358, 1182, -0.49863573908805847
16, 673, 1139, -0.5758154392242432
17, 1409, 1296, -0.5639509558677673
18, 641, 1228, -0.647097647190094
19, 1387, 1297, -0.6311361789703369
20, 662, 1209, -0.7214492559432983
21, 1356, 1263, -0.5343214869499207
22, 680, 1180, -0.6121689677238464
23, 1182, 1187, -0.022741563618183136
24, 870, 1208, 0.02403165213763714
25, 1161, 1721, 0.07816252112388611
26, 858, 1702, 0.07024938613176346
27, 1159, 2161, 0.599855363368988
28, 855, 2156, 0.5002703070640564
29, 1159, 2227, 0.6331247687339783
30, 856, 2228, 0.5339252948760986
31, 1121, 2319, 0.3218647837638855
32, 883, 2300, 0.1517225205898285
0, 1026, 283, -0.8934348821640015
1, 1056, 237, -0.8624742031097412
2, 1070, 237, -0.8626509308815002
3, 1088, 238, -0.8628028035163879
4, 998, 238, -0.8712295293807983
5, 977, 239, -0.8713655471801758
6, 959, 239, -0.871842086315155
7, 1113, 263, -0.5895026326179504
8, 927, 260, -0.622252345085144
9, 1057, 333, -0.7836757302284241
10, 984, 335, -0.7935898900032043
11, 1258, 533, -0.3633822500705719
12, 779, 524, -0.4222368597984314
13, 1320, 905, -0.24738287925720215
14, 703, 883, -0.3475281894207001
15, 1359, 1188, -0.4831114709377289
16, 675, 1145, -0.5974258184432983
17, 1412, 1315, -0.549376904964447
18, 656, 1239, -0.6724926233291626
19, 1389, 1318, -0.6166883707046509
20, 682, 1221, -0.7485517263412476
21, 1358, 1282, -0.5190659761428833
22, 697, 1189, -0.634579062461853
23, 1184, 1188, -0.02259002812206745
24, 870, 1215, 0.023909982293844223
25, 1163, 1731, 0.08305367827415466
26, 857, 1721, 0.07263568043708801
27, 1159, 2178, 0.616461992263794
28, 853, 2182, 0.511969268321991
29, 1159, 2246, 0.650006115436554
30, 853, 2257, 0.5458247661590576
31, 1121, 2340, 0.3176365792751312
32, 883, 2329, 0.15320470929145813
0, 1026, 283, -0.895122230052948
1, 1056, 237, -0.864213228225708
2, 1070, 237, -0.8643737435340881
3, 1087, 238, -0.8645419478416443
4, 997, 238, -0.8738290071487427
5, 977, 239, -0.8739792108535767
6, 958, 239, -0.8744529485702515
7, 1112, 263, -0.5918955206871033
8, 927, 260, -0.6299523711204529
9, 1057, 333, -0.7860748767852783
10, 984, 335, -0.7972490191459656
11, 1258, 533, -0.36472734808921814
12, 779, 524, -0.43132099509239197
13, 1319, 910, -0.2416895180940628
14, 703, 884, -0.3567141890525818
15, 1358, 1190, -0.4738388657569885
16, 692, 1142, -0.5910741686820984
17, 1413, 1326, -0.5368955731391907
18, 677, 1238, -0.6618424654006958
19, 1390, 1329, -0.6028465628623962
20, 702, 1218, -0.7333328127861023
21, 1358, 1292, -0.5080134272575378
22, 714, 1186, -0.6253936290740967
23, 1184, 1188, -0.02095743827521801
24, 870, 1218, 0.022239534184336662
25, 1163, 1734, 0.0825137197971344
26, 856, 1724, 0.07629969716072083
27, 1159, 2179, 0.6124742031097412
28, 851, 2180, 0.5105819702148438
29, 1159, 2246, 0.6464429497718811
30, 852, 2254, 0.5432901382446289
31, 1121, 2341, 0.3193967938423157
32, 882, 2328, 0.1659044474363327
0, 1024, 283, -0.8884954452514648
1, 1054, 237, -0.8579979538917542
2, 1069, 237, -0.8581629991531372
3, 1085, 238, -0.8583312630653381
4, 996, 238, -0.8672177791595459
5, 976, 238, -0.8673652410507202
6, 958, 239, -0.8678352236747742
7, 1111, 263, -0.588507890701294
8, 927, 259, -0.6243740320205688
9, 1056, 332, -0.7800176739692688
10, 983, 334, -0.7906606793403625
11, 1258, 533, -0.3623652458190918
12, 778, 522, -0.42536023259162903
13, 1319, 910, -0.21718694269657135
14, 691, 864, -0.35351991653442383
15, 1357, 1189, -0.4368962049484253
16, 697, 1115, -0.5861625671386719
17, 1413, 1323, -0.49824097752571106
18, 679, 1217, -0.6542936563491821
19, 1390, 1325, -0.5688707232475281
20, 703, 1194, -0.7195853590965271
21, 1358, 1289, -0.4721969962120056
22, 731, 1137, -0.6152551174163818
23, 1182, 1187, -0.020296704024076462
24, 870, 1214, 0.02140936069190502
25, 1158, 1733, 0.1342581808567047
26, 846, 1723, 0.13756462931632996
27, 1150, 2177, 0.6723620295524597
28, 845, 2179, 0.5782312750816345
29, 1150, 2242, 0.7077860236167908
30, 848, 2245, 0.6119251251220703
31, 1112, 2338, 0.37905216217041016
32, 874, 2325, 0.24078164994716644
0, 1022, 282, -0.7309285998344421
1, 1053, 236, -0.7031469345092773
2, 1067, 237, -0.7032672762870789
3, 1083, 238, -0.703497588634491
4, 994, 237, -0.709513247013092
5, 975, 238, -0.7096422910690308
6, 957, 239, -0.7100575566291809
7, 1109, 263, -0.44895118474960327
8, 927, 259, -0.4760165810585022
9, 1054, 331, -0.6284791827201843
10, 981, 333, -0.6363019943237305
11, 1257, 532, -0.2381828874349594
12, 778, 515, -0.2905466854572296
13, 1319, 898, -0.09904122352600098
14, 678, 812, -0.18951895833015442
15, 1354, 1159, -0.3217882215976715
16, 708, 1031, -0.3657020032405853
17, 1396, 1286, -0.3800831139087677
18, 703, 1104, -0.42515721917152405
19, 1372, 1276, -0.4487442374229431
20, 732, 1087, -0.4746580719947815
21, 1344, 1240, -0.35541263222694397
22, 748, 1057, -0.3879341781139374
23, 1178, 1183, -0.015842972323298454
24, 874, 1164, 0.016609307378530502
25, 1156, 1683, 0.1401776522397995
26, 848, 1669, 0.1358325183391571
27, 1151, 2105, 0.6972275972366333
28, 854, 2108, 0.5829238295555115
29, 1152, 2162, 0.738824725151062
30, 858, 2169, 0.6184196472167969
31, 1112, 2266, 0.44684037566185
32, 880, 2255, 0.28532782196998596
0, 1019, 281, -0.8105943202972412
1, 1049, 236, -0.7807610630989075
2, 1065, 236, -0.7808359861373901
3, 1080, 238, -0.7808073163032532
4, 992, 237, -0.7836601138114929
5, 973, 238, -0.7838256359100342
6, 955, 239, -0.7843478322029114
7, 1107, 262, -0.5039085149765015
8, 926, 259, -0.5045384764671326
9, 1052, 330, -0.7011498212814331
10, 980, 332, -0.7048723697662354
11, 1256, 530, -0.25659802556037903
12, 779, 513, -0.29602858424186707
13, 1319, 892, -0.14450980722904205
14, 665, 819, -0.3242933452129364
15, 1352, 1148, -0.3701789081096649
16, 731, 1006, -0.6441289186477661
17, 1374, 1271, -0.42976489663124084
18, 758, 1074, -0.7296936511993408
19, 1353, 1259, -0.4984966218471527
20, 789, 1040, -0.7782055735588074
21, 1327, 1221, -0.4048648178577423
22, 787, 1015, -0.6679648160934448
23, 1178, 1167, -0.01566161960363388
24, 877, 1168, 0.01644798368215561
25, 1165, 1671, 0.1240704283118248
26, 855, 1662, 0.1274774819612503
27, 1164, 2093, 0.6732496619224548
28, 865, 2096, 0.5750262141227722
29, 1165, 2148, 0.7126570343971252
30, 867, 2156, 0.6110761165618896
31, 1124, 2255, 0.3975851237773895
32, 901, 2246, 0.2536140978336334
0, 1013, 282, -0.8212248682975769
1, 1045, 236, -0.7916003465652466
2, 1062, 237, -0.7917138934135437
3, 1076, 238, -0.7917729020118713
4, 987, 238, -0.7967397570610046
5, 968, 239, -0.7968952059745789
6, 950, 239, -0.7974000573158264
7, 1103, 262, -0.518973171710968
8, 926, 259, -0.5351861715316772
9, 1049, 330, -0.7127903699874878
10, 976, 333, -0.7187821865081787
11, 1254, 528, -0.28351789712905884
12, 780, 513, -0.3338695466518402
13, 1318, 893, -0.1974141001701355
14, 660, 827, -0.41445988416671753
15, 1221, 1099, -0.4514068067073822
16, 747, 951, -0.8236949443817139
17, 1193, 1189, -0.5186313986778259
18, 779, 986, -0.9189524054527283
19, 1174, 1147, -0.5553339123725891
20, 795, 937, -0.9478374719619751
21, 1171, 1111, -0.47084540128707886
22, 792, 925, -0.8418351411819458
23, 1171, 1164, -0.01406128890812397
24, 877, 1154, 0.014976094476878643
25, 1165, 1666, 0.12265677750110626
26, 851, 1662, 0.1441509872674942
27, 1164, 2094, 0.5666868686676025
28, 863, 2098, 0.5624929666519165
29, 1166, 2151, 0.5901414752006531
30, 863, 2159, 0.5992888808250427
31, 1124, 2253, 0.24784593284130096
32, 901, 2246, 0.2506978213787079
0, 1007, 282, -0.8260241746902466
1, 1039, 236, -0.7949444651603699
2, 1057, 237, -0.7950210571289062
3, 1071, 238, -0.7951825857162476
4, 982, 238, -0.8020766973495483
5, 964, 239, -0.8022528886795044
6, 946, 240, -0.8027130365371704
7, 1098, 262, -0.5231502056121826
8, 926, 259, -0.5475400686264038
9, 1043, 330, -0.7178261876106262
10, 972, 334, -0.7253707647323608
11, 1252, 522, -0.2941177189350128
12, 782, 514, -0.34556278586387634
13, 1318, 888, -0.17064712941646576
14, 657, 847, -0.47325101494789124
15, 1233, 1111, -0.41050976514816284
16, 756, 898, -0.9171160459518433
17, 1269, 1211, -0.46991997957229614
18, 807, 897, -1.0162991285324097
19, 1246, 1184, -0.5257197022438049
20, 815, 831, -1.0413033962249756
21, 1229, 1148, -0.4372749328613281
22, 804, 827, -0.9332314729690552
23, 1171, 1131, -0.01003795862197876
24, 876, 1141, 0.010986297391355038
25, 1166, 1656, 0.11811285465955734
26, 851, 1657, 0.13966140151023865
27, 1164, 2090, 0.5357266068458557
28, 863, 2094, 0.5586103796958923
29, 1166, 2149, 0.556918740272522
30, 862, 2154, 0.5971719622612
31, 1124, 2248, 0.20909170806407928
32, 905, 2242, 0.22186142206192017
0, 996, 287, -0.8108680844306946
1, 1028, 240, -0.7874451875686646
2, 1047, 239, -0.7875548005104065
3, 1063, 239, -0.7875956892967224
4, 973, 242, -0.7880980968475342
5, 957, 242, -0.7882047891616821
6, 940, 243, -0.7886723875999451
7, 1091, 261, -0.5260733962059021
8, 925, 260, -0.5252963304519653
9, 1032, 333, -0.7068472504615784
10, 964, 337, -0.7061497569084167
11, 1249, 515, -0.2897566854953766
12, 785, 513, -0.33637726306915283
13, 1318, 874, -0.16603270173072815
14, 651, 858, -0.5002886652946472
15, 1236, 1107, -0.4018500745296478
16, 769, 825, -0.9958400726318359
17, 1272, 1213, -0.45684629678726196
18, 828, 800, -1.1000124216079712
19, 1261, 1192, -0.5180260539054871
20, 832, 729, -1.1102488040924072
21, 1242, 1157, -0.4308575987815857
22, 821, 733, -1.0069502592086792
23, 1171, 1114, -0.006517462898045778
24, 878, 1127, 0.00748544093221426
25, 1167, 1649, 0.11565535515546799
26, 851, 1648, 0.11068394035100937
27, 1166, 2086, 0.5384822487831116
28, 864, 2088, 0.47558069229125977
29, 1170, 2144, 0.5613833665847778
30, 862, 2146, 0.5031856894493103
31, 1126, 2242, 0.2222631573677063
32, 912, 2238, 0.12624117732048035
0, 989, 293, -0.8084264993667603
1, 1020, 242, -0.7859403491020203
2, 1039, 241, -0.7860656976699829
3, 1056, 240, -0.78606778383255
4, 967, 244, -0.784626305103302
5, 950, 245, -0.7847541570663452
6, 935, 245, -0.785221517086029
7, 1085, 261, -0.5250586867332458
8, 924, 261, -0.5135301947593689
9, 1023, 337, -0.7037057280540466
10, 958, 340, -0.7006999254226685
11, 1243, 512, -0.28690239787101746
12, 785, 512, -0.3345452845096588
13, 1318, 875, -0.1696895807981491
14, 653, 886, -0.5899288058280945
15, 1242, 1112, -0.40298035740852356
16, 793, 735, -1.1566849946975708
17, 1282, 1221, -0.4616432189941406
18, 852, 686, -1.2687548398971558
19, 1268, 1202, -0.5206468105316162
20, 849, 631, -1.2638143301010132
21, 1250, 1167, -0.43479999899864197
22, 841, 643, -1.1634761095046997
23, 1169, 1107, -0.0060924356803298
24, 878, 1119, 0.007054010406136513
25, 1168, 1650, 0.09498690813779831
26, 852, 1649, 0.09963169693946838
27, 1170, 2087, 0.5392931699752808
28, 868, 2091, 0.47727733850479126
29, 1176, 2145, 0.5641937851905823
30, 865, 2149, 0.5057150721549988
31, 1132, 2244, 0.22646692395210266
32, 917, 2241, 0.13149972259998322
0, 985, 293, -0.7487341165542603
1, 1016, 242, -0.7237572073936462
2, 1036, 241, -0.7238717675209045
3, 1054, 240, -0.7237967848777771
4, 962, 245, -0.722113311290741
5, 944, 246, -0.7221059203147888
6, 930, 247, -0.7225226759910583
7, 1083, 259, -0.4631449282169342
8, 920, 262, -0.4486303925514221
9, 1022, 338, -0.6463395357131958
10, 953, 342, -0.6426356434822083
11, 1240, 511, -0.24869151413440704
12, 785, 509, -0.30680951476097107
13, 1318, 879, -0.1691121757030487
14, 654, 900, -0.6090568900108337
15, 1287, 1125, -0.39307576417922974
16, 813, 685, -1.1895716190338135
17, 1348, 1250, -0.44656509160995483
18, 858, 630, -1.3021143674850464
19, 1325, 1232, -0.49745216965675354
20, 855, 574, -1.2930611371994019
21, 1295, 1197, -0.419953852891922
22, 850, 589, -1.195619821548462
23, 1169, 1102, -0.005146255251020193
24, 878, 1117, 0.006193688604980707
25, 1176, 1653, 0.09508833289146423
26, 858, 1651, 0.11769212782382965
27, 1178, 2090, 0.5307929515838623
28, 876, 2091, 0.4965935945510864
29, 1185, 2149, 0.5531561970710754
30, 871, 2152, 0.525440514087677
31, 1142, 2247, 0.20902889966964722
32, 924, 2242, 0.14203539490699768
0, 981, 292, -0.6911294460296631
1, 1014, 240, -0.661392331123352
2, 1034, 239, -0.6614816188812256
3, 1052, 239, -0.6613954901695251
4, 958, 244, -0.6596413850784302
5, 940, 245, -0.6595818400382996
6, 926, 246, -0.659997284412384
7, 1081, 257, -0.40419450402259827
8, 915, 261, -0.38729795813560486
9, 1019, 338, -0.5937286615371704
10, 948, 342, -0.5894733667373657
11, 1237, 511, -0.22230137884616852
12, 785, 507, -0.2693769335746765
13, 1318, 888, -0.16505824029445648
14, 656, 906, -0.5841580629348755
15, 1314, 1147, -0.3685000538825989
16, 821, 645, -1.1427503824234009
17, 1372, 1273, -0.42017942667007446
18, 864, 569, -1.2553240060806274
19, 1342, 1258, -0.46538689732551575
20, 859, 523, -1.2396246194839478
21, 1310, 1221, -0.3930611312389374
22, 855, 539, -1.1473307609558105
23, 1168, 1100, -0.0053863744251430035
24, 877, 1111, 0.006385086104273796
25, 1177, 1654, 0.09089652448892593
26, 859, 1652, 0.13358671963214874
27, 1178, 2092, 0.5009445548057556
28, 875, 2092, 0.5073155760765076
29, 1185, 2151, 0.5199024081230164
30, 870, 2153, 0.5353516936302185
31, 1142, 2250, 0.17000846564769745
32, 923, 2244, 0.14972493052482605
0, 978, 289, -0.5999670624732971
1, 1011, 238, -0.563978910446167
2, 1032, 236, -0.5640764832496643
3, 1050, 236, -0.5639886856079102
4, 953, 242, -0.5635966062545776
5, 936, 242, -0.5635153651237488
6, 921, 244, -0.5639398097991943
7, 1079, 256, -0.30609357357025146
8, 907, 260, -0.2918531596660614
9, 1017, 337, -0.5057476758956909
10, 943, 341, -0.5026912093162537
11, 1234, 512, -0.1609276384115219
12, 779, 507, -0.20802459120750427
13, 1319, 889, -0.13639222085475922
14, 659, 905, -0.5598976016044617
15, 1327, 1159, -0.31225523352622986
16, 838, 554, -1.0813876390457153
17, 1381, 1286, -0.36423587799072266
18, 876, 461, -1.196315884590149
19, 1344, 1273, -0.4005623161792755
20, 872, 424, -1.1668847799301147
21, 1312, 1234, -0.3346852660179138
22, 868, 453, -1.0829148292541504
23, 1168, 1104, -0.006937132216989994
24, 876, 1117, 0.008310403674840927
25, 1180, 1660, 0.06105179339647293
26, 861, 1670, 0.15061737596988678
27, 1180, 2106, 0.44796186685562134
28, 875, 2114, 0.5322662591934204
29, 1188, 2167, 0.4649335443973541
30, 870, 2175, 0.5622543096542358
31, 1144, 2263, 0.11151830852031708
32, 924, 2267, 0.18076665699481964
0, 975, 284, -0.5190100073814392
1, 1009, 234, -0.48010650277137756
2, 1030, 233, -0.48021119832992554
3, 1049, 233, -0.4801788330078125
4, 951, 238, -0.480960488319397
5, 933, 239, -0.48080772161483765
6, 918, 240, -0.48123303055763245
7, 1077, 254, -0.2236519753932953
8, 903, 258, -0.21451406180858612
9, 1015, 333, -0.4258412718772888
10, 940, 338, -0.42438212037086487
11, 1231, 512, -0.08878181129693985
12, 776, 507, -0.16119326651096344
13, 1320, 889, -0.08379605412483215
14, 665, 902, -0.5347633361816406
15, 1337, 1163, -0.2640875279903412
16, 842, 544, -1.0482096672058105
17, 1388, 1293, -0.3155636191368103
18, 883, 441, -1.1624712944030762
19, 1347, 1281, -0.34996071457862854
20, 878, 410, -1.1343445777893066
21, 1315, 1243, -0.2863670289516449
22, 872, 441, -1.050521731376648
23, 1166, 1106, -0.007066486869007349
24, 871, 1117, 0.0084761381149292
25, 1180, 1661, 0.038346271961927414
26, 861, 1672, 0.14705830812454224
27, 1179, 2110, 0.3984678089618683
28, 874, 2115, 0.49352654814720154
29, 1187, 2171, 0.4128860533237457
30, 867, 2176, 0.521350622177124
31, 1141, 2265, 0.06292276084423065
32, 923, 2268, 0.14905214309692383
0, 973, 279, -0.5215635895729065
1, 1008, 231, -0.4818630814552307
2, 1029, 229, -0.482032835483551
3, 1047, 229, -0.48201969265937805
4, 949, 235, -0.4830462634563446
5, 931, 236, -0.48289087414741516
6, 916, 237, -0.4833216369152069
7, 1075, 253, -0.22188761830329895
8, 900, 257, -0.21328331530094147
9, 1014, 331, -0.4271319806575775
10, 938, 335, -0.4259778559207916
11, 1229, 511, -0.08857130259275436
12, 776, 507, -0.15653258562088013
13, 1320, 889, -0.0821259543299675
14, 671, 889, -0.5321779847145081
15, 1342, 1161, -0.2566622793674469
16, 851, 526, -1.052971363067627
17, 1387, 1290, -0.30781474709510803
18, 896, 433, -1.1685841083526611
19, 1346, 1278, -0.34263551235198975
20, 891, 401, -1.138290286064148
21, 1315, 1240, -0.27828988432884216
22, 884, 430, -1.0549339056015015
23, 1166, 1105, -0.007893380708992481
24, 870, 1117, 0.009533550590276718
25, 1180, 1662, 0.020017681643366814
26, 861, 1672, 0.1452023983001709
27, 1179, 2110, 0.36990705132484436
28, 874, 2115, 0.49787983298301697
29, 1187, 2171, 0.3835076689720154
30, 867, 2175, 0.5265212059020996
31, 1141, 2264, 0.03449171036481857
32, 923, 2267, 0.15156324207782745
0, 973, 277, -0.5522388815879822
1, 1008, 229, -0.5126410126686096
2, 1029, 227, -0.5128075480461121
3, 1047, 227, -0.5127942562103271
4, 949, 233, -0.5153321027755737
5, 931, 234, -0.5152555108070374
6, 916, 235, -0.5156921148300171
7, 1074, 251, -0.24642692506313324
8, 899, 255, -0.2453153431415558
9, 1014, 329, -0.4547376036643982
10, 938, 333, -0.45548054575920105
11, 1229, 509, -0.10151698440313339
12, 775, 507, -0.17840324342250824
13, 1326, 886, -0.09297170490026474
14, 674, 881, -0.5479244589805603
15, 1343, 1161, -0.28409865498542786
16, 853, 520, -1.0740115642547607
17, 1383, 1277, -0.33911648392677307
18, 898, 429, -1.1922990083694458
19, 1338, 1262, -0.37579959630966187
20, 894, 394, -1.1619236469268799
21, 1309, 1226, -0.3065970540046692
22, 887, 423, -1.0754600763320923
23, 1166, 1102, -0.007935117930173874
24, 870, 1116, 0.009583213366568089
25, 1183, 1662, 0.03505408763885498
26, 865, 1672, 0.14222100377082825
27, 1183, 2111, 0.4057454466819763
28, 878, 2115, 0.5012232065200806
29, 1191, 2171, 0.4216935336589813
30, 870, 2175, 0.5303216576576233
31, 1146, 2265, 0.0768137276172638
32, 927, 2267, 0.15499888360500336
0, 973, 276, -0.53155916929245
1, 1009, 227, -0.49149420857429504
2, 1029, 226, -0.49163416028022766
3, 1047, 227, -0.4915946424007416
4, 950, 231, -0.49278706312179565
5, 932, 232, -0.4927177131175995
6, 916, 232, -0.49314719438552856
7, 1075, 250, -0.2337816208600998
8, 900, 254, -0.2260105311870575
9, 1014, 328, -0.4389265179634094
10, 938, 332, -0.43772995471954346
11, 1229, 510, -0.10562597215175629
12, 774, 508, -0.16825146973133087
13, 1336, 886, -0.10385194420814514
14, 674, 881, -0.5381379723548889
15, 1327, 1133, -0.2926172614097595
16, 850, 524, -1.0524590015411377
17, 1342, 1246, -0.34705397486686707
18, 890, 434, -1.1679654121398926
19, 1302, 1247, -0.37716689705848694
20, 887, 398, -1.13773512840271
21, 1281, 1210, -0.3121466338634491
22, 882, 429, -1.0531564950942993
23, 1166, 1104, -0.00809401459991932
24, 870, 1117, 0.009748769924044609
25, 1182, 1663, 0.040779050439596176
26, 864, 1672, 0.13733473420143127
27, 1178, 2111, 0.41507571935653687
28, 876, 2115, 0.48478230834007263
29, 1186, 2171, 0.4318787157535553
30, 867, 2175, 0.5130553841590881
31, 1143, 2265, 0.09433727711439133
32, 925, 2267, 0.14734895527362823
0, 974, 276, -0.5509939193725586
1, 1009, 227, -0.5104373693466187
2, 1030, 226, -0.5106070637702942
3, 1047, 227, -0.5105182528495789
4, 951, 231, -0.5072394013404846
5, 932, 231, -0.5070883631706238
6, 917, 232, -0.5075136423110962
7, 1076, 250, -0.24740131199359894
8, 900, 253, -0.2180236428976059
9, 1014, 328, -0.45684143900871277
10, 939, 332, -0.4499410092830658
11, 1231, 513, -0.11462625861167908
12, 776, 509, -0.13322223722934723
13, 1337, 887, -0.12650252878665924
14, 673, 882, -0.5035253167152405
15, 1299, 1120, -0.3512879014015198
16, 844, 535, -1.0457643270492554
17, 1296, 1239, -0.41389453411102295
18, 887, 449, -1.1655824184417725
19, 1261, 1229, -0.43186062574386597
20, 887, 411, -1.1337065696716309
21, 1251, 1161, -0.36574146151542664
22, 878, 442, -1.0474804639816284
23, 1163, 1119, -0.01342112198472023
24, 867, 1118, 0.01525095570832491
25, 1166, 1668, 0.03326566517353058
26, 854, 1672, 0.14447100460529327
27, 1149, 2113, 0.40427371859550476
28, 850, 2114, 0.5003787279129028
29, 1157, 2173, 0.4196954369544983
30, 840, 2174, 0.5288113951683044
31, 1106, 2265, 0.0656978115439415
32, 890, 2266, 0.15231133997440338
0, 974, 277, -0.6218138337135315
1, 1010, 227, -0.5793141722679138
2, 1031, 226, -0.579590380191803
3, 1048, 227, -0.5793687105178833
4, 952, 231, -0.5732911825180054
5, 934, 231, -0.573333740234375
6, 918, 232, -0.5737449526786804
7, 1081, 251, -0.29534676671028137
8, 903, 252, -0.2240152359008789
9, 1015, 328, -0.5206374526023865
10, 939, 333, -0.5113791227340698
11, 1234, 520, -0.14746741950511932
12, 777, 511, -0.16824187338352203
13, 1341, 864, -0.21315844357013702
14, 672, 886, -0.5353114008903503
15, 1292, 1047, -0.5071894526481628
16, 841, 554, -1.1601494550704956
17, 1271, 1136, -0.5809497833251953
18, 879, 467, -1.2889186143875122
19, 1237, 1108, -0.6007811427116394
20, 879, 427, -1.2589768171310425
21, 1238, 1073, -0.5212242603302002
22, 875, 456, -1.1632612943649292
23, 1163, 1179, -0.015929866582155228
24, 867, 1126, 0.017637336626648903
25, 1158, 1676, 0.029684752225875854
26, 839, 1672, 0.14568808674812317
27, 1136, 2115, 0.4478147327899933
28, 836, 2111, 0.5410957336425781
29, 1139, 2175, 0.4725017249584198
30, 828, 2168, 0.5741621255874634
31, 1100, 2265, 0.13636165857315063
32, 882, 2265, 0.21438701450824738
0, 977, 280, -0.6473760008811951
1, 1013, 229, -0.6075170636177063
2, 1033, 228, -0.6078174710273743
3, 1049, 229, -0.6075772047042847
4, 956, 232, -0.6051862239837646
5, 938, 232, -0.605282187461853
6, 921, 233, -0.6057131886482239
7, 1085, 253, -0.3135596811771393
8, 908, 253, -0.2676642835140228
9, 1020, 330, -0.5402600169181824
10, 946, 335, -0.5354816913604736
11, 1235, 525, -0.15007725358009338
12, 782, 510, -0.1724042445421219
13, 1341, 862, -0.19875892996788025
14, 671, 886, -0.5239322185516357
15, 1274, 995, -0.5191590189933777
16, 837, 568, -1.1295521259307861
17, 1250, 1071, -0.595478892326355
18, 870, 484, -1.2551474571228027
19, 1225, 1033, -0.6190488338470459
20, 872, 443, -1.2306041717529297
21, 1228, 1002, -0.5350295901298523
22, 868, 468, -1.1332334280014038
23, 1161, 1192, -0.016771191731095314
24, 865, 1129, 0.018417924642562866
25, 1152, 1677, 0.0312754325568676
26, 830, 1672, 0.11963354051113129
27, 1132, 2115, 0.45042937994003296
28, 835, 2107, 0.4853312373161316
29, 1134, 2176, 0.47554847598075867
30, 829, 2164, 0.5138195157051086
31, 1101, 2264, 0.14352314174175262
32, 881, 2259, 0.1562376618385315
0, 984, 280, -0.5906656980514526
1, 1020, 229, -0.5496491193771362
2, 1040, 229, -0.5498804450035095
3, 1054, 230, -0.5496261715888977
4, 964, 232, -0.5524083375930786
5, 947, 232, -0.5523425936698914
6, 930, 233, -0.5526615381240845
7, 1092, 253, -0.25846922397613525
8, 914, 253, -0.25687557458877563
9, 1026, 330, -0.48317962884902954
10, 952, 335, -0.484891802072525
11, 1235, 525, -0.09365160763263702
12, 785, 503, -0.11991194635629654
13, 1352, 834, -0.25810208916664124
14, 667, 886, -0.45382145047187805
15, 1279, 903, -0.7717220187187195
16, 831, 580, -1.0959645509719849
17, 1248, 954, -0.8779581189155579
18, 857, 498, -1.2160991430282593
19, 1225, 906, -0.8894921541213989
20, 858, 459, -1.195410966873169
21, 1229, 888, -0.7874005436897278
22, 857, 483, -1.1006560325622559
23, 1155, 1153, -0.016730764880776405
24, 859, 1122, 0.018354972824454308
25, 1138, 1659, 0.033156100660562515
26, 815, 1647, 0.11382728070020676
27, 1116, 2103, 0.39649277925491333
28, 820, 2086, 0.42861244082450867
29, 1118, 2162, 0.41014179587364197
30, 812, 2141, 0.45080503821372986
31, 1083, 2248, 0.06851637363433838
32, 870, 2237, 0.08032871782779694
0, 997, 280, -0.6006636023521423
1, 1029, 230, -0.5602478384971619
2, 1047, 229, -0.5604556798934937
3, 1061, 230, -0.5602967739105225
4, 974, 232, -0.5616094470024109
5, 956, 233, -0.5616390109062195
6, 939, 233, -0.5621137022972107
7, 1096, 253, -0.2784299850463867
8, 917, 255, -0.26896733045578003
9, 1035, 330, -0.49605411291122437
10, 964, 335, -0.4962458908557892
11, 1236, 515, -0.10968054085969925
12, 786, 498, -0.13865569233894348
13, 1380, 835, -0.3456183671951294
14, 662, 887, -0.45080503821372986
15, 1283, 853, -0.8641911149024963
16, 811, 585, -1.0851807594299316
17, 1248, 846, -0.9711565375328064
18, 829, 503, -1.2137858867645264
19, 1233, 787, -0.9660516977310181
20, 834, 468, -1.1940886974334717
21, 1235, 782, -0.8717602491378784
22, 839, 491, -1.0914818048477173
23, 1154, 1136, -0.0173609908670187
24, 859, 1116, 0.01899760030210018
25, 1141, 1629, 0.03736669197678566
26, 818, 1626, 0.145609050989151
27, 1121, 2075, 0.4004935324192047
28, 824, 2064, 0.4475078582763672
29, 1124, 2133, 0.4153291583061218
30, 816, 2118, 0.4629579186439514
31, 1088, 2221, 0.07885564118623734
32, 873, 2214, 0.11113560199737549
0, 1006, 281, -0.6998002529144287
1, 1034, 230, -0.6693148016929626
2, 1052, 230, -0.6694852709770203
3, 1065, 230, -0.6693761348724365
4, 980, 233, -0.6694477200508118
5, 963, 233, -0.6694519519805908
6, 946, 233, -0.6696894764900208
7, 1098, 253, -0.39512237906455994
8, 920, 255, -0.3894568383693695
9, 1041, 330, -0.5950138568878174
10, 973, 335, -0.5941544771194458
11, 1237, 505, -0.21203544735908508
12, 787, 492, -0.17028924822807312
13, 1386, 837, -0.4441151022911072
14, 661, 886, -0.46289220452308655
15, 1284, 813, -1.018463373184204
16, 773, 613, -1.1039624214172363
17, 1254, 777, -1.1322784423828125
18, 799, 529, -1.2176101207733154
19, 1240, 723, -1.125892162322998
20, 802, 502, -1.20943284034729
21, 1239, 725, -1.025989294052124
22, 807, 525, -1.112890601158142
23, 1154, 1121, -0.01798432506620884
24, 860, 1108, 0.019569512456655502
25, 1141, 1613, 0.057480208575725555
26, 819, 1614, 0.1439441740512848
27, 1128, 2061, 0.4092116951942444
28, 835, 2055, 0.4620085656642914
29, 1133, 2119, 0.42356613278388977
30, 828, 2110, 0.4838200509548187
31, 1097, 2209, 0.09527330845594406
32, 889, 2205, 0.1242285966873169
0, 1012, 282, -0.713851273059845
1, 1039, 231, -0.6872764229774475
2, 1055, 230, -0.687372088432312
3, 1070, 230, -0.6872519254684448
4, 986, 233, -0.6872643828392029
5, 968, 233, -0.6873800158500671
6, 952, 234, -0.6876605749130249
7, 1101, 253, -0.4262000620365143
8, 923, 255, -0.4215897023677826
9, 1047, 331, -0.6121289134025574
10, 981, 335, -0.6112145185470581
11, 1240, 501, -0.2359667271375656
12, 787, 491, -0.20702287554740906
13, 1385, 860, -0.47508811950683594
14, 659, 892, -0.46566978096961975
15, 1285, 766, -1.0513595342636108
16, 756, 643, -1.078142762184143
17, 1249, 706, -1.1606587171554565
18, 784, 573, -1.1719163656234741
19, 1243, 664, -1.1506658792495728
20, 787, 536, -1.1736177206039429
21, 1242, 671, -1.0576376914978027
22, 790, 557, -1.0889838933944702
23, 1155, 1112, -0.016139669343829155
24, 861, 1103, 0.017590122297406197
25, 1144, 1609, 0.06824388355016708
26, 819, 1608, 0.11733870953321457
27, 1137, 2057, 0.40997621417045593
28, 842, 2051, 0.4117027819156647
29, 1142, 2116, 0.42499059438705444
30, 834, 2108, 0.4316155016422272
31, 1108, 2204, 0.11501410603523254
32, 900, 2201, 0.0778646245598793
0, 1014, 281, -0.6521156430244446
1, 1043, 230, -0.6289783716201782
2, 1059, 230, -0.6289886832237244
3, 1074, 230, -0.6287364363670349
4, 988, 233, -0.624600350856781
5, 970, 233, -0.624756395816803
6, 953, 234, -0.6250544786453247
7, 1106, 253, -0.4237671196460724
8, 925, 255, -0.3793375790119171
9, 1049, 330, -0.5619010925292969
10, 981, 334, -0.555719256401062
11, 1244, 501, -0.22221197187900543
12, 789, 490, -0.1784261167049408
13, 1389, 872, -0.45825040340423584
14, 657, 896, -0.44043219089508057
15, 1285, 718, -1.0177489519119263
16, 754, 646, -1.0108214616775513
17, 1250, 647, -1.119365930557251
18, 778, 579, -1.1010799407958984
19, 1244, 607, -1.0955796241760254
20, 782, 543, -1.0901718139648438
21, 1242, 621, -1.0186352729797363
22, 787, 565, -1.016103982925415
23, 1154, 1111, -0.013926122337579727
24, 861, 1099, 0.015334298834204674
25, 1145, 1609, 0.06807407736778259
26, 822, 1605, 0.10498220473527908
27, 1137, 2057, 0.40349122881889343
28, 842, 2049, 0.3937091827392578
29, 1143, 2117, 0.41914495825767517
30, 834, 2106, 0.413353830575943
31, 1108, 2204, 0.10303749144077301
32, 900, 2199, 0.06331884115934372
0, 1015, 281, -0.5835234522819519
1, 1045, 230, -0.5546795725822449
2, 1060, 230, -0.5547351837158203
3, 1076, 230, -0.5544757843017578
4, 990, 232, -0.5513978600502014
5, 971, 233, -0.5514465570449829
6, 955, 233, -0.5517584681510925
7, 1108, 253, -0.3324218988418579
8, 926, 255, -0.3054683804512024
9, 1050, 330, -0.49685701727867126
10, 982, 333, -0.4917449355125427
11, 1246, 502, -0.19114051759243011
12, 790, 491, -0.14632363617420197
13, 1389, 878, -0.4435039162635803
14, 657, 901, -0.4037818908691406
15, 1266, 672, -0.9644174575805664
16, 754, 649, -0.9233488440513611
17, 1242, 611, -1.058144211769104
18, 774, 584, -1.0068618059158325
19, 1238, 572, -1.0256844758987427
20, 778, 549, -0.990634024143219
21, 1234, 587, -0.9611968398094177
22, 784, 571, -0.9269716739654541
23, 1154, 1109, -0.011729970574378967
24, 864, 1097, 0.013095919974148273
25, 1152, 1605, 0.06609580665826797
26, 827, 1602, 0.10763532668352127
27, 1144, 2051, 0.40568169951438904
28, 847, 2043, 0.40191450715065
29, 1152, 2110, 0.4219840466976166
30, 837, 2100, 0.42260032892227173
31, 1113, 2196, 0.10469838976860046
32, 904, 2191, 0.0761682465672493
0, 1016, 281, -0.5979622602462769
1, 1045, 230, -0.5689974427223206
2, 1061, 230, -0.5690774321556091
3, 1076, 230, -0.5688610076904297
4, 990, 232, -0.5672036409378052
5, 972, 233, -0.567225456237793
6, 955, 233, -0.5675579905509949
7, 1109, 253, -0.3335234820842743
8, 927, 255, -0.31080013513565063
9, 1050, 330, -0.5074355006217957
10, 982, 332, -0.5040513873100281
11, 1247, 502, -0.18892018496990204
12, 790, 491, -0.15464939177036285
13, 1387, 880, -0.4299796223640442
14, 657, 902, -0.38332462310791016
15, 1261, 669, -0.9554619193077087
16, 750, 679, -0.8840711116790771
17, 1240, 611, -1.0523391962051392
18, 769, 618, -0.9671670794487
19, 1235, 572, -1.0258864164352417
20, 773, 578, -0.9629533886909485
21, 1230, 588, -0.9549484848976135
22, 780, 598, -0.8912643790245056
23, 1155, 1106, -0.007633285131305456
24, 864, 1092, 0.009001103229820728
25, 1153, 1599, 0.06643995642662048
26, 828, 1595, 0.08670172840356827
27, 1145, 2044, 0.4090202748775482
28, 848, 2034, 0.3644973039627075
29, 1153, 2103, 0.42540600895881653
30, 838, 2091, 0.38276976346969604
31, 1114, 2189, 0.10612507909536362
32, 906, 2183, 0.03531329706311226
0, 1015, 281, -0.6308835744857788
1, 1045, 230, -0.6083289384841919
2, 1061, 230, -0.6082990765571594
3, 1076, 230, -0.6080420613288879
4, 990, 232, -0.6066805124282837
5, 972, 232, -0.6067143678665161
6, 955, 233, -0.607026994228363
7, 1109, 253, -0.3772968351840973
8, 928, 255, -0.3661562502384186
9, 1050, 329, -0.5422871112823486
10, 981, 332, -0.539845883846283
11, 1247, 502, -0.20645728707313538
12, 790, 492, -0.1886586844921112
13, 1386, 880, -0.44066184759140015
14, 657, 905, -0.4065079092979431
15, 1263, 697, -0.9835725426673889
16, 745, 723, -0.9381476640701294
17, 1244, 638, -1.0864769220352173
18, 762, 666, -1.029006838798523
19, 1236, 594, -1.0700880289077759
20, 765, 619, -1.0267215967178345
21, 1230, 608, -0.9872877597808838
22, 774, 634, -0.9466262459754944
23, 1155, 1104, -0.006560410838574171
24, 865, 1090, 0.007977576926350594
25, 1153, 1593, 0.06645520031452179
26, 829, 1590, 0.08463429659605026
27, 1145, 2037, 0.4094635844230652
28, 848, 2027, 0.3697308599948883
29, 1152, 2097, 0.425737589597702
30, 838, 2084, 0.3883923590183258
31, 1113, 2182, 0.10703625530004501
32, 906, 2174, 0.042835358530282974
0, 1015, 281, -0.6546786427497864
1, 1045, 230, -0.6354734897613525
2, 1061, 230, -0.6354693174362183
3, 1076, 230, -0.6352779865264893
4, 990, 232, -0.6351668238639832
5, 971, 232, -0.6351807117462158
6, 954, 233, -0.635492205619812
7, 1108, 253, -0.4088984727859497
8, 928, 255, -0.4055491089820862
9, 1050, 329, -0.5658287405967712
10, 981, 332, -0.5651364922523499
11, 1249, 502, -0.22123093903064728
12, 791, 493, -0.20850808918476105
13, 1385, 882, -0.4137376844882965
14, 658, 905, -0.38039544224739075
15, 1262, 728, -0.923150360584259
16, 732, 787, -0.8935800790786743
17, 1243, 673, -1.0209695100784302
18, 757, 745, -0.9793645143508911
19, 1234, 634, -1.0096995830535889
20, 763, 683, -0.9903672933578491
21, 1229, 644, -0.9273737668991089
22, 771, 689, -0.9053324460983276
23, 1154, 1104, -0.0030151705723255873
24, 866, 1090, 0.004367529414594173
25, 1153, 1589, 0.073060043156147
26, 829, 1585, 0.055483680218458176
27, 1143, 2029, 0.40120750665664673
28, 848, 2020, 0.29610675573349
29, 1149, 2087, 0.41656944155693054
30, 838, 2076, 0.31005194783210754
31, 1109, 2175, 0.11039187759160995
32, 906, 2167, -0.01661188341677189
0, 1014, 281, -0.6951759457588196
1, 1045, 231, -0.6749541163444519
2, 1061, 230, -0.6750180125236511
3, 1075, 230, -0.6749126315116882
4, 989, 232, -0.6757153868675232
5, 971, 232, -0.6756700873374939
6, 954, 233, -0.6759436130523682
7, 1107, 253, -0.43841150403022766
8, 929, 255, -0.43963268399238586
9, 1049, 329, -0.6017347574234009
10, 981, 331, -0.6024934649467468
11, 1249, 501, -0.23666033148765564
12, 792, 495, -0.21912945806980133
13, 1384, 879, -0.3915163576602936
14, 659, 902, -0.34262457489967346
15, 1264, 749, -0.8976154923439026
16, 729, 862, -0.8628648519515991
17, 1243, 691, -0.9975128769874573
18, 755, 831, -0.9542809724807739
19, 1234, 664, -0.9966281056404114
20, 761, 776, -0.9776649475097656
21, 1229, 672, -0.9039930701255798
22, 766, 780, -0.8797521591186523
23, 1154, 1104, -0.003354559186846018
24, 868, 1091, 0.004721667151898146
25, 1150, 1582, 0.07521410286426544
26, 829, 1577, 0.05423106998205185
27, 1132, 2019, 0.40449604392051697
28, 844, 2010, 0.30089035630226135
29, 1136, 2074, 0.4203403890132904
30, 835, 2064, 0.3156976103782654
31, 1096, 2165, 0.12023993581533432
32, 899, 2156, -0.018223324790596962
0, 1014, 281, -0.688579797744751
1, 1045, 231, -0.6637027263641357
2, 1061, 230, -0.6638075709342957
3, 1075, 230, -0.6636917591094971
4, 989, 232, -0.6658926010131836
5, 971, 232, -0.6658628582954407
6, 954, 233, -0.6661844849586487
7, 1105, 253, -0.416416198015213
8, 929, 255, -0.4226125180721283
9, 1049, 329, -0.5919979214668274
10, 981, 331, -0.5944328904151917
11, 1249, 502, -0.2333296686410904
12, 792, 502, -0.21307195723056793
13, 1381, 878, -0.31399816274642944
14, 659, 901, -0.3359375596046448
15, 1281, 821, -0.8316795825958252
16, 731, 886, -0.8748810887336731
17, 1245, 786, -0.9386555552482605
18, 758, 871, -0.9699834585189819
19, 1237, 724, -0.9501816034317017
20, 763, 822, -0.9949344396591187
21, 1236, 722, -0.84401935338974
22, 767, 820, -0.8930409550666809
23, 1154, 1110, -0.0029460617806762457
24, 869, 1102, 0.004321664106100798
25, 1150, 1585, 0.09254307299852371
26, 830, 1580, 0.06257224082946777
27, 1131, 2024, 0.452782541513443
28, 841, 2016, 0.33475032448768616
29, 1134, 2081, 0.4713558256626129
30, 833, 2071, 0.3524797558784485
31, 1094, 2171, 0.16604828834533691
32, 897, 2163, 0.010710068978369236
0, 1014, 281, -0.7212122678756714
1, 1045, 231, -0.691731870174408
2, 1061, 230, -0.6918725967407227
3, 1075, 230, -0.6917169094085693
4, 989, 232, -0.6935983896255493
5, 971, 232, -0.693590521812439
6, 954, 233, -0.6939824223518372
7, 1104, 253, -0.42667970061302185
8, 929, 255, -0.4304429590702057
9, 1049, 328, -0.6188497543334961
10, 981, 331, -0.6205624938011169
11, 1249, 508, -0.22375017404556274
12, 792, 508, -0.2213323414325714
13, 1374, 881, -0.31998664140701294
14, 660, 901, -0.36254292726516724
15, 1281, 841, -0.8357147574424744
16, 734, 890, -0.9168463945388794
17, 1245, 822, -0.9410197138786316
18, 760, 883, -1.0254666805267334
19, 1237, 752, -0.9518882036209106
20, 764, 837, -1.064473032951355
21, 1236, 746, -0.8477057814598083
22, 769, 833, -0.9455106854438782
23, 1154, 1115, -0.003503644373267889
24, 869, 1111, 0.0049230316653847694
25, 1150, 1594, 0.1021418422460556
26, 830, 1589, 0.09372105449438095
27, 1131, 2027, 0.4867972731590271
28, 837, 2020, 0.4221001863479614
29, 1134, 2083, 0.5060965418815613
30, 830, 2077, 0.44490811228752136
31, 1091, 2177, 0.17963609099388123
32, 892, 2168, 0.08588586747646332
0, 1015, 281, -0.7121199369430542
1, 1045, 231, -0.6830881834030151
2, 1061, 230, -0.6832321286201477
3, 1075, 230, -0.6830849051475525
4, 989, 232, -0.6853818893432617
5, 971, 232, -0.6853782534599304
6, 954, 233, -0.6857472062110901
7, 1104, 253, -0.420960009098053
8, 929, 255, -0.4272436499595642
9, 1050, 328, -0.6110280752182007
10, 981, 330, -0.6133280396461487
11, 1249, 508, -0.21847480535507202
12, 792, 511, -0.21914450824260712
13, 1370, 881, -0.32151564955711365
14, 662, 898, -0.35254716873168945
15, 1282, 850, -0.8366583585739136
16, 736, 890, -0.9059711694717407
17, 1246, 831, -0.9517813324928284
18, 762, 889, -1.0082991123199463
19, 1238, 762, -0.9652475714683533
20, 765, 842, -1.0458914041519165
21, 1236, 756, -0.8530762791633606
22, 769, 837, -0.9293045401573181
23, 1154, 1119, -0.0036035599187016487
24, 870, 1116, 0.005030362401157618
25, 1151, 1597, 0.10775092244148254
26, 830, 1591, 0.10086171329021454
27, 1130, 2028, 0.49193650484085083
28, 837, 2022, 0.4254954159259796
29, 1133, 2084, 0.5115550756454468
30, 829, 2079, 0.4481622576713562
31, 1090, 2179, 0.19125041365623474
32, 892, 2170, 0.09662208706140518
0, 1016, 281, -0.7025135159492493
1, 1045, 231, -0.6729461550712585
2, 1061, 230, -0.6732384562492371
3, 1074, 230, -0.6731491684913635
4, 989, 232, -0.6792929768562317
5, 971, 232, -0.6792477965354919
6, 955, 233, -0.6797008514404297
7, 1103, 253, -0.4074699580669403
8, 929, 255, -0.4216168522834778
9, 1051, 328, -0.5993063449859619
10, 982, 330, -0.6073383688926697
11, 1249, 508, -0.20523014664649963
12, 791, 511, -0.20290498435497284
13, 1367, 882, -0.3216811716556549
14, 662, 894, -0.3326980173587799
15, 1280, 844, -0.8488644361495972
16, 732, 891, -0.8890723586082458
17, 1243, 826, -0.9662226438522339
18, 763, 886, -0.9888837337493896
19, 1233, 760, -0.9762589931488037
20, 767, 837, -1.0212291479110718
21, 1232, 755, -0.864618718624115
22, 770, 833, -0.91023850440979
23, 1154, 1119, -0.0039229486137628555
24, 870, 1116, 0.005349754821509123
25, 1150, 1598, 0.10372164845466614
26, 829, 1592, 0.10011304914951324
27, 1128, 2030, 0.4778420627117157
28, 835, 2023, 0.41855448484420776
29, 1131, 2087, 0.496606707572937
30, 827, 2080, 0.440411776304245
31, 1089, 2180, 0.17832159996032715
32, 891, 2171, 0.08902523666620255
0, 1018, 281, -0.7051287293434143
1, 1045, 231, -0.6785455942153931
2, 1061, 230, -0.6787155866622925
3, 1074, 230, -0.6786043047904968
4, 990, 232, -0.6832007169723511
5, 972, 232, -0.6831666231155396
6, 955, 233, -0.68353271484375
7, 1103, 253, -0.4214549660682678
8, 929, 255, -0.4374407231807709
9, 1052, 327, -0.6045621037483215
10, 983, 330, -0.6104522943496704
11, 1247, 507, -0.2142620086669922
12, 790, 511, -0.21561983227729797
13, 1367, 881, -0.32215553522109985
14, 663, 893, -0.3445131182670593
15, 1280, 841, -0.8401575088500977
16, 733, 884, -0.8886598944664001
17, 1243, 822, -0.9512211084365845
18, 764, 878, -0.9840105175971985
19, 1232, 759, -0.9612993001937866
20, 768, 828, -1.0119291543960571
21, 1232, 752, -0.8532626628875732
22, 771, 824, -0.907319962978363
23, 1154, 1119, -0.004001734312623739
24, 870, 1116, 0.005435930099338293
25, 1150, 1598, 0.1003759428858757
26, 829, 1593, 0.1029476448893547
27, 1126, 2031, 0.47064724564552307
28, 835, 2024, 0.41418570280075073
29, 1128, 2087, 0.48907187581062317
30, 827, 2080, 0.4356364607810974
31, 1088, 2180, 0.17353659868240356
32, 890, 2171, 0.089457668364048
0, 1017, 281, -0.7480249404907227
1, 1045, 231, -0.7239006161689758
2, 1061, 231, -0.7239901423454285
3, 1074, 231, -0.7238839864730835
4, 990, 233, -0.7266899943351746
5, 972, 233, -0.7266848683357239
6, 955, 234, -0.7269877195358276
7, 1103, 253, -0.46675199270248413
8, 929, 256, -0.4763304889202118
9, 1052, 328, -0.6465486288070679
10, 983, 330, -0.6499245762825012
11, 1246, 507, -0.24786075949668884
12, 790, 511, -0.24547360837459564
13, 1369, 881, -0.3539018929004669
14, 663, 895, -0.349753737449646
15, 1280, 839, -0.8847759962081909
16, 734, 883, -0.8985291123390198
17, 1240, 821, -0.9950942993164062
18, 764, 871, -0.9947405457496643
19, 1229, 754, -1.0031698942184448
20, 770, 820, -1.0315619707107544
21, 1231, 748, -0.8968387246131897
22, 772, 818, -0.9207749962806702
23, 1153, 1121, -0.004732821602374315
24, 870, 1116, 0.00615872023627162
25, 1149, 1599, 0.10185618698596954
26, 828, 1594, 0.1029951423406601
27, 1124, 2031, 0.4767742156982422
28, 834, 2023, 0.4127819836139679
29, 1126, 2088, 0.496320903301239
30, 827, 2079, 0.43418458104133606
31, 1086, 2180, 0.18438486754894257
32, 888, 2170, 0.08882853388786316
0, 1018, 282, -0.7347766757011414
1, 1045, 232, -0.7111642360687256
2, 1061, 232, -0.7112565636634827
3, 1074, 232, -0.7111508250236511
4, 990, 233, -0.7129663825035095
5, 972, 233, -0.7129586935043335
6, 955, 234, -0.7132605910301208
7, 1103, 253, -0.4577271342277527
8, 929, 256, -0.4627898335456848
9, 1052, 328, -0.634658932685852
10, 983, 331, -0.6366947293281555
11, 1246, 506, -0.2457352578639984
12, 790, 511, -0.23743322491645813
13, 1369, 881, -0.3636573553085327
14, 663, 893, -0.3519011437892914
15, 1278, 838, -0.8994125127792358
16, 734, 885, -0.8966399431228638
17, 1238, 817, -1.0102699995040894
18, 765, 871, -0.993018388748169
19, 1227, 747, -1.0173522233963013
20, 770, 822, -1.0238693952560425
21, 1229, 743, -0.9113472700119019
22, 772, 821, -0.9165465235710144
23, 1153, 1122, -0.006220384035259485
24, 870, 1116, 0.007638297509402037
25, 1148, 1599, 0.10272276401519775
26, 828, 1594, 0.10475624352693558
27, 1123, 2031, 0.47687965631484985
28, 834, 2022, 0.41146939992904663
29, 1125, 2087, 0.4967115521430969
30, 827, 2078, 0.4327208399772644
31, 1085, 2179, 0.18665140867233276
32, 888, 2170, 0.08867072314023972
0, 1018, 283, -0.7128309607505798
1, 1045, 232, -0.6882556080818176
2, 1061, 232, -0.688355028629303
3, 1074, 232, -0.6883099675178528
4, 990, 234, -0.6882103085517883
5, 972, 234, -0.6882013082504272
6, 955, 234, -0.6884740591049194
7, 1103, 253, -0.43792396783828735
8, 930, 256, -0.435891330242157
9, 1052, 328, -0.6139119267463684
10, 983, 331, -0.6139855980873108
11, 1246, 506, -0.2349195033311844
12, 790, 511, -0.20610089600086212
13, 1371, 878, -0.34138914942741394
14, 662, 879, -0.3155810534954071
15, 1278, 837, -0.8627421259880066
16, 735, 887, -0.8453118205070496
17, 1238, 815, -0.9746367335319519
18, 765, 886, -0.9397497773170471
19, 1227, 747, -0.9828164577484131
20, 772, 837, -0.9670476317405701
21, 1229, 743, -0.8744620084762573
22, 773, 832, -0.8641777038574219
23, 1153, 1123, -0.007946109399199486
24, 871, 1118, 0.009371629916131496
25, 1148, 1599, 0.10145442932844162
26, 829, 1594, 0.10466639697551727
27, 1123, 2031, 0.47686606645584106
28, 835, 2021, 0.4105691611766815
29, 1125, 2087, 0.49729296565055847
30, 828, 2077, 0.4316827654838562
31, 1085, 2178, 0.19131873548030853
32, 888, 2168, 0.08879808336496353
0, 1018, 283, -0.6693148016929626
1, 1045, 232, -0.6420583128929138
2, 1061, 232, -0.6422582864761353
3, 1074, 232, -0.6422024369239807
4, 990, 234, -0.6417598724365234
5, 972, 234, -0.6416624784469604
6, 955, 234, -0.6419767737388611
7, 1103, 253, -0.38938993215560913
8, 930, 256, -0.38442298769950867
9, 1052, 328, -0.5717460513114929
10, 983, 331, -0.5709529519081116
11, 1246, 505, -0.20710739493370056
12, 790, 511, -0.16948078572750092
13, 1371, 877, -0.33145034313201904
14, 660, 866, -0.29767119884490967
15, 1276, 837, -0.8623805642127991
16, 728, 884, -0.8443683981895447
17, 1236, 815, -0.975113034248352
18, 765, 898, -0.9424225687980652
19, 1226, 748, -0.9829433560371399
20, 773, 842, -0.9702989459037781
21, 1228, 744, -0.874446451663971
22, 774, 833, -0.8648665547370911
23, 1153, 1125, -0.00993405096232891
24, 872, 1123, 0.011493992991745472
25, 1150, 1600, 0.1007591262459755
26, 830, 1595, 0.1411145180463791
27, 1125, 2031, 0.4814416766166687
28, 838, 2021, 0.4888523817062378
29, 1127, 2088, 0.5021113753318787
30, 830, 2077, 0.5153034925460815
31, 1088, 2179, 0.18681912124156952
32, 893, 2168, 0.16700929403305054
0, 1018, 282, -0.7034757137298584
1, 1045, 232, -0.6677085757255554
2, 1061, 232, -0.667941153049469
3, 1074, 232, -0.6678256988525391
4, 990, 233, -0.6671659350395203
5, 972, 234, -0.6670678853988647
6, 955, 234, -0.6674501895904541
7, 1103, 253, -0.3911762535572052
8, 930, 256, -0.3915826082229614
9, 1052, 328, -0.5994861721992493
10, 983, 331, -0.5983543395996094
11, 1247, 509, -0.2075350433588028
12, 790, 512, -0.17746037244796753
13, 1371, 867, -0.33465269207954407
14, 659, 859, -0.31977272033691406
15, 1280, 843, -0.8843068480491638
16, 726, 892, -0.9345910549163818
17, 1237, 842, -1.0008255243301392
18, 765, 930, -1.0440179109573364
19, 1226, 774, -1.0100247859954834
20, 784, 869, -1.0732457637786865
21, 1228, 763, -0.8981309533119202
22, 778, 853, -0.9573890566825867
23, 1152, 1128, -0.013138380832970142
24, 873, 1134, 0.014777845703065395
25, 1151, 1613, 0.10882442444562912
26, 830, 1608, 0.1626916229724884
27, 1126, 2041, 0.5236714482307434
28, 835, 2031, 0.5472250580787659
29, 1128, 2100, 0.5457143187522888
30, 828, 2090, 0.5768067240715027
31, 1087, 2190, 0.20874851942062378
32, 891, 2179, 0.21454472839832306
0, 1017, 282, -0.7581290602684021
1, 1045, 232, -0.7147714495658875
2, 1061, 232, -0.7149657011032104
3, 1074, 232, -0.714715838432312
4, 989, 233, -0.7174755334854126
5, 971, 233, -0.7175232172012329
6, 954, 234, -0.7179336547851562
7, 1103, 254, -0.4138966202735901
8, 930, 256, -0.4246481657028198
9, 1052, 328, -0.6475345492362976
10, 983, 331, -0.6507039666175842
11, 1249, 513, -0.220757395029068
12, 789, 514, -0.22168153524398804
13, 1371, 845, -0.3541264832019806
14, 657, 855, -0.36114078760147095
15, 1292, 868, -0.9142593145370483
16, 733, 909, -0.950431764125824
17, 1237, 908, -1.035489559173584
18, 778, 974, -1.064250111579895
19, 1222, 837, -1.0539544820785522
20, 816, 918, -1.0921046733856201
21, 1228, 821, -0.9329493641853333
22, 809, 892, -0.9719585180282593
23, 1153, 1129, -0.016152089461684227
24, 866, 1153, 0.017844397574663162
25, 1160, 1630, 0.1501239836215973
26, 833, 1628, 0.14842525124549866
27, 1138, 2053, 0.6124647855758667
28, 838, 2050, 0.516713559627533
29, 1140, 2114, 0.6383498311042786
30, 833, 2111, 0.543897271156311
31, 1097, 2207, 0.2977452576160431
32, 893, 2198, 0.1777474731206894
0, 1018, 282, -0.6598201394081116
1, 1045, 232, -0.6230169534683228
2, 1061, 232, -0.6231715679168701
3, 1074, 232, -0.6229323148727417
4, 989, 233, -0.6319324970245361
5, 971, 233, -0.6320129036903381
6, 954, 234, -0.6324784755706787
7, 1103, 254, -0.35663682222366333
8, 930, 257, -0.3935171365737915
9, 1053, 328, -0.5578947067260742
10, 983, 331, -0.5700337886810303
11, 1250, 517, -0.1740933209657669
12, 786, 516, -0.2211853712797165
13, 1370, 830, -0.28386056423187256
14, 656, 849, -0.28538283705711365
15, 1300, 921, -0.7864087820053101
16, 740, 937, -0.7301965951919556
17, 1239, 982, -0.9005958437919617
18, 779, 1016, -0.8302549719810486
19, 1219, 928, -0.930644154548645
20, 831, 980, -0.8629570603370667
21, 1227, 904, -0.8093426823616028
22, 827, 949, -0.7500669956207275
23, 1157, 1115, -0.008565902709960938
24, 866, 1135, 0.010435721836984158
25, 1169, 1628, 0.1232486143708229
26, 840, 1626, 0.032103732228279114
27, 1153, 2053, 0.4892430305480957
28, 840, 2049, 0.30119356513023376
29, 1155, 2114, 0.5074079036712646
30, 836, 2111, 0.3168613016605377
31, 1107, 2208, 0.1965770423412323
32, 894, 2197, -0.02355230785906315
0, 1018, 282, -0.7804183959960938
1, 1046, 232, -0.746181070804596
2, 1062, 233, -0.7462970614433289
3, 1076, 233, -0.7462629675865173
4, 990, 233, -0.7489072680473328
5, 971, 233, -0.7491281628608704
6, 954, 234, -0.7495419383049011
7, 1104, 255, -0.4812585115432739
8, 929, 257, -0.49180078506469727
9, 1054, 329, -0.675838828086853
10, 983, 331, -0.6794947385787964
11, 1255, 522, -0.2820950448513031
12, 784, 520, -0.26256263256073
13, 1372, 826, -0.3069898784160614
14, 656, 850, -0.27143990993499756
15, 1298, 960, -0.7653539776802063
16, 757, 996, -0.6636346578598022
17, 1239, 1033, -0.8670970797538757
18, 793, 1089, -0.7537094354629517
19, 1205, 1007, -0.9047731161117554
20, 849, 1060, -0.7865993976593018
21, 1212, 983, -0.7867283225059509
22, 847, 1033, -0.681369960308075
23, 1167, 1108, -0.00864212866872549
24, 870, 1120, 0.010470929555594921
25, 1185, 1597, -0.07798680663108826
26, 855, 1584, -0.08958768099546432
27, 1177, 2027, 0.2622763216495514
28, 867, 2024, 0.126236692070961
29, 1178, 2088, 0.2800334692001343
30, 866, 2093, 0.13532330095767975
31, 1132, 2184, -0.02021828293800354
32, 916, 2166, -0.1800580471754074
0, 1018, 281, -0.7985953688621521
1, 1046, 232, -0.7643029689788818
2, 1062, 233, -0.7644082903862
3, 1076, 233, -0.7644502520561218
4, 990, 233, -0.7678308486938477
5, 971, 233, -0.7680803537368774
6, 954, 234, -0.7684946656227112
7, 1104, 255, -0.4984765648841858
8, 929, 257, -0.5133699178695679
9, 1054, 329, -0.6937106847763062
10, 983, 331, -0.6983868479728699
11, 1257, 528, -0.3006988763809204
12, 783, 523, -0.29134443402290344
13, 1369, 830, -0.26845452189445496
14, 660, 847, -0.2822794020175934
15, 1297, 1016, -0.5563236474990845
16, 755, 1014, -0.6347389817237854
17, 1250, 1106, -0.633470356464386
18, 778, 1101, -0.7217849493026733
19, 1206, 1067, -0.679176390171051
20, 846, 1078, -0.7552695870399475
21, 1213, 1034, -0.578701913356781
22, 844, 1048, -0.6541435122489929
23, 1165, 1116, -0.009390342980623245
24, 869, 1124, 0.01098045613616705
25, 1182, 1597, -0.011421219445765018
26, 853, 1583, -0.0005078173126094043
27, 1162, 2020, 0.44316890835762024
28, 855, 2020, 0.2934306859970093
29, 1158, 2078, 0.486374169588089
30, 858, 2089, 0.32163408398628235
31, 1117, 2183, 0.2084057480096817
32, 882, 2165, 0.047929152846336365
0, 1018, 279, -0.7474358081817627
1, 1046, 232, -0.7155218124389648
2, 1062, 232, -0.7157449722290039
3, 1076, 232, -0.7161445021629333
4, 989, 233, -0.7140130996704102
5, 971, 233, -0.7143800258636475
6, 954, 234, -0.7148175835609436
7, 1104, 255, -0.4882188141345978
8, 929, 257, -0.4790779650211334
9, 1054, 328, -0.655966579914093
10, 983, 330, -0.6519156694412231
11, 1259, 528, -0.28147390484809875
12, 783, 523, -0.23365508019924164
13, 1368, 827, -0.24162237346172333
14, 660, 837, -0.09499857574701309
15, 1308, 1038, -0.5433758497238159
16, 737, 1037, -0.331857830286026
17, 1301, 1126, -0.6235889196395874
18, 736, 1127, -0.39429280161857605
19, 1254, 1095, -0.6762779355049133
20, 802, 1106, -0.43569740653038025
21, 1246, 1063, -0.5690334439277649
22, 809, 1070, -0.3518405556678772
23, 1167, 1129, -0.019091177731752396
24, 871, 1132, 0.020314665511250496
25, 1180, 1617, 0.01779249496757984
26, 855, 1597, 0.09953305125236511
27, 1160, 2028, 0.5600147247314453
28, 857, 2025, 0.498360812664032
29, 1158, 2086, 0.6021919250488281
30, 859, 2093, 0.5295423865318298
31, 1116, 2191, 0.32764047384262085
32, 883, 2171, 0.2362157553434372
0, 1018, 279, -0.7477115988731384
1, 1046, 231, -0.7148817777633667
2, 1062, 232, -0.7151203155517578
3, 1076, 232, -0.7153773903846741
4, 989, 233, -0.7157139182090759
5, 971, 233, -0.7159885168075562
6, 954, 234, -0.7164357304573059
7, 1104, 255, -0.4668159484863281
8, 929, 257, -0.4662266969680786
9, 1054, 327, -0.6495432257652283
10, 983, 330, -0.6487205624580383
11, 1260, 529, -0.2742319107055664
12, 783, 524, -0.23619458079338074
13, 1367, 829, -0.2148134708404541
14, 668, 840, -0.07137271761894226
15, 1309, 1054, -0.5098724961280823
16, 735, 1078, -0.2540947496891022
17, 1304, 1181, -0.5910608172416687
18, 735, 1184, -0.317225843667984
19, 1266, 1116, -0.6477136611938477
20, 783, 1144, -0.37216445803642273
21, 1256, 1080, -0.5389974117279053
22, 794, 1104, -0.2784280478954315
23, 1169, 1140, -0.023670772090554237
24, 871, 1138, 0.024847982451319695
25, 1180, 1659, 0.07144336402416229
26, 854, 1639, 0.12177134305238724
27, 1159, 2069, 0.6293193101882935
28, 856, 2061, 0.5498648285865784
29, 1159, 2128, 0.6687408089637756
30, 857, 2125, 0.5833361744880676
31, 1115, 2229, 0.3602199852466583
32, 883, 2215, 0.24601787328720093
0, 1018, 277, -0.758102297782898
1, 1046, 231, -0.7220956087112427
2, 1062, 232, -0.722390353679657
3, 1077, 232, -0.7225297689437866
4, 989, 233, -0.7267735600471497
5, 971, 233, -0.7268946766853333
6, 954, 234, -0.727368950843811
7, 1104, 255, -0.4579066336154938
8, 929, 257, -0.4671526551246643
9, 1054, 327, -0.65317702293396
10, 983, 330, -0.6571004986763
11, 1260, 529, -0.2707304060459137
12, 782, 526, -0.249582439661026
13, 1365, 831, -0.17571724951267242
14, 682, 853, -0.11058440804481506
15, 1311, 1074, -0.4656740427017212
16, 756, 1086, -0.29978153109550476
17, 1311, 1203, -0.5485645532608032
18, 754, 1188, -0.369139701128006
19, 1266, 1147, -0.6096269488334656
20, 789, 1143, -0.42652449011802673
21, 1256, 1095, -0.49809837341308594
22, 797, 1107, -0.326241672039032
23, 1171, 1195, -0.02387230657041073
24, 864, 1198, 0.025260696187615395
25, 1178, 1693, 0.07093194127082825
26, 854, 1682, 0.07873883843421936
27, 1162, 2115, 0.571580708026886
28, 856, 2120, 0.4922505021095276
29, 1164, 2177, 0.6027776002883911
30, 856, 2190, 0.5172818303108215
31, 1120, 2275, 0.29552212357521057
32, 884, 2268, 0.17396871745586395
0, 1018, 277, -0.7611417174339294
1, 1046, 231, -0.7254989147186279
2, 1063, 232, -0.7258442640304565
3, 1077, 232, -0.7260326743125916
4, 990, 233, -0.729268491268158
5, 971, 233, -0.7293405532836914
6, 954, 234, -0.7298222184181213
7, 1104, 255, -0.4556574821472168
8, 929, 257, -0.463019460439682
9, 1054, 327, -0.6543480157852173
10, 983, 330, -0.6569833159446716
11, 1260, 530, -0.26538217067718506
12, 781, 526, -0.24685600399971008
13, 1365, 835, -0.18943645060062408
14, 692, 866, -0.11222897469997406
15, 1312, 1086, -0.48092615604400635
16, 748, 1093, -0.3397386968135834
17, 1314, 1215, -0.568801760673523
18, 739, 1202, -0.41836827993392944
19, 1274, 1184, -0.6292184591293335
20, 766, 1160, -0.48520031571388245
21, 1254, 1093, -0.5141894221305847
22, 773, 1126, -0.37318190932273865
23, 1168, 1222, -0.02707040123641491
24, 848, 1218, 0.028812695294618607
25, 1161, 1715, 0.06028248369693756
26, 841, 1690, 0.06098908931016922
27, 1150, 2139, 0.5698475241661072
28, 832, 2134, 0.47593703866004944
29, 1152, 2205, 0.6021403670310974
30, 830, 2209, 0.5052934885025024
31, 1105, 2299, 0.2732297480106354
32, 863, 2280, 0.15128010511398315
0, 1020, 277, -0.7658349275588989
1, 1048, 231, -0.7306114435195923
2, 1064, 231, -0.7309674024581909
3, 1079, 232, -0.7311947345733643
4, 990, 232, -0.7354394793510437
5, 972, 233, -0.7355009317398071
6, 954, 233, -0.7359997630119324
7, 1105, 255, -0.45800065994262695
8, 929, 257, -0.4684833884239197
9, 1055, 327, -0.6577625870704651
10, 983, 329, -0.6613327860832214
11, 1260, 531, -0.2629426121711731
12, 779, 529, -0.25380975008010864
13, 1360, 850, -0.18927621841430664
14, 709, 887, -0.11677639931440353
15, 1311, 1128, -0.48128825426101685
16, 760, 1112, -0.3369032144546509
17, 1309, 1234, -0.569257915019989
18, 750, 1221, -0.41293054819107056
19, 1270, 1206, -0.6269404292106628
20, 770, 1180, -0.4761806130409241
21, 1254, 1160, -0.5139567255973816
22, 778, 1143, -0.3680022656917572
23, 1173, 1208, -0.02820558100938797
24, 846, 1231, 0.030094504356384277
25, 1157, 1735, 0.06008828431367874
26, 835, 1712, 0.07613308727741241
27, 1141, 2163, 0.580073356628418
28, 815, 2157, 0.5033230185508728
29, 1143, 2231, 0.613930344581604
30, 811, 2234, 0.5347849130630493
31, 1093, 2325, 0.2794771194458008
32, 848, 2305, 0.17087171971797943
0, 1020, 277, -0.7783645391464233
1, 1048, 231, -0.7443236112594604
2, 1064, 231, -0.7446869015693665
3, 1080, 232, -0.7448737621307373
4, 990, 232, -0.7485238313674927
5, 972, 233, -0.7485458254814148
6, 954, 233, -0.7490781545639038
7, 1106, 255, -0.4710552394390106
8, 929, 257, -0.4782277047634125
9, 1055, 327, -0.6704927086830139
10, 982, 329, -0.6732093691825867
11, 1262, 537, -0.272940456867218
12, 779, 531, -0.2735649049282074
13, 1345, 881, -0.19658592343330383
14, 712, 899, -0.14691972732543945
15, 1311, 1175, -0.4882914423942566
16, 752, 1141, -0.3923014998435974
17, 1314, 1278, -0.5734642148017883
18, 741, 1239, -0.4689130187034607
19, 1280, 1260, -0.6351926326751709
20, 761, 1201, -0.5351648330688477
21, 1261, 1218, -0.5232084393501282
22, 767, 1163, -0.425428569316864
23, 1173, 1206, -0.030973229557275772
24, 842, 1231, 0.032885584980249405
25, 1152, 1742, 0.04610534384846687
26, 823, 1724, 0.12324678897857666
27, 1135, 2172, 0.592332661151886
28, 806, 2167, 0.582662045955658
29, 1136, 2238, 0.6287453770637512
30, 802, 2241, 0.6181542277336121
31, 1086, 2335, 0.2832339406013489
32, 840, 2319, 0.23937776684761047
0, 1019, 277, -0.805374026298523
1, 1048, 231, -0.7736367583274841
2, 1064, 231, -0.7739741802215576
3, 1080, 232, -0.7741043567657471
4, 989, 232, -0.7768279314041138
5, 970, 233, -0.7767812609672546
6, 952, 234, -0.7773213982582092
7, 1106, 255, -0.5021923184394836
8, 928, 257, -0.5046014189720154
9, 1054, 327, -0.6984729170799255
10, 980, 329, -0.6999481320381165
11, 1263, 539, -0.30059102177619934
12, 779, 531, -0.30611035227775574
13, 1336, 911, -0.20484744012355804
14, 712, 897, -0.18942072987556458
15, 1320, 1220, -0.4699972867965698
16, 741, 1137, -0.4394913911819458
17, 1336, 1327, -0.5491196513175964
18, 720, 1244, -0.5189058780670166
19, 1307, 1316, -0.6147085428237915
20, 743, 1211, -0.5561110973358154
21, 1284, 1274, -0.5059712529182434
22, 752, 1174, -0.4638094902038574
23, 1173, 1212, -0.03236495703458786
24, 841, 1229, 0.034215047955513
25, 1152, 1746, 0.051962580531835556
26, 821, 1733, 0.12308406829833984
27, 1134, 2185, 0.5968944430351257
28, 805, 2185, 0.5591947436332703
29, 1135, 2250, 0.6303660273551941
30, 803, 2259, 0.5922748446464539
31, 1084, 2349, 0.27671346068382263
32, 840, 2334, 0.20465026795864105
0, 1018, 277, -0.8409646153450012
1, 1048, 231, -0.809726357460022
2, 1064, 231, -0.8100348711013794
3, 1080, 232, -0.8101669549942017
4, 988, 233, -0.8135345578193665
5, 970, 233, -0.813522219657898
6, 951, 234, -0.8140614032745361
7, 1106, 255, -0.532802164554596
8, 928, 257, -0.5389386415481567
9, 1054, 327, -0.7315207719802856
10, 979, 329, -0.7339540719985962
11, 1263, 539, -0.3187938928604126
12, 779, 530, -0.3335932791233063
13, 1329, 913, -0.2120303362607956
14, 715, 896, -0.22622425854206085
15, 1327, 1209, -0.48235881328582764
16, 740, 1138, -0.4637649655342102
17, 1348, 1312, -0.561436116695404
18, 722, 1241, -0.5416035056114197
19, 1322, 1301, -0.6281965970993042
20, 746, 1208, -0.6172168254852295
21, 1298, 1262, -0.5190449953079224
22, 754, 1172, -0.5031482577323914
23, 1173, 1210, -0.03313944861292839
24, 845, 1209, 0.03494907543063164
25, 1155, 1745, 0.05595564842224121
26, 823, 1736, 0.12423010915517807
27, 1139, 2186, 0.5999395251274109
28, 806, 2192, 0.554919958114624
29, 1140, 2250, 0.6328723430633545
30, 803, 2264, 0.5874502658843994
31, 1088, 2351, 0.27468469738960266
32, 843, 2340, 0.19399529695510864
0, 1017, 277, -0.8147262334823608
1, 1048, 231, -0.7825329303741455
2, 1064, 231, -0.7828218936920166
3, 1080, 232, -0.7829349637031555
4, 988, 233, -0.7861531972885132
5, 969, 233, -0.7861730456352234
6, 951, 234, -0.7866762280464172
7, 1106, 255, -0.5099958777427673
8, 928, 257, -0.5167957544326782
9, 1054, 327, -0.7073895931243896
10, 978, 329, -0.7101579308509827
11, 1263, 539, -0.30403953790664673
12, 779, 530, -0.30929234623908997
13, 1326, 914, -0.19989173114299774
14, 714, 896, -0.22094376385211945
15, 1333, 1222, -0.4394166171550751
16, 733, 1144, -0.457295686006546
17, 1358, 1324, -0.5126038789749146
18, 707, 1246, -0.5349491834640503
19, 1332, 1320, -0.5786601901054382
20, 731, 1217, -0.6072775721549988
21, 1306, 1282, -0.4749656617641449
22, 742, 1184, -0.49396955966949463
23, 1174, 1213, -0.032934002578258514
24, 846, 1221, 0.03469289839267731
25, 1155, 1752, 0.020818471908569336
26, 824, 1737, 0.07266507297754288
27, 1139, 2199, 0.5229915380477905
28, 808, 2202, 0.455481618642807
29, 1142, 2266, 0.5526265501976013
30, 806, 2278, 0.48265010118484497
31, 1088, 2363, 0.2007393091917038
32, 846, 2352, 0.0964072048664093
0, 1017, 277, -0.8229532837867737
1, 1048, 231, -0.791021466255188
2, 1064, 231, -0.7912731766700745
3, 1080, 232, -0.7914784550666809
4, 988, 233, -0.7969282865524292
5, 969, 233, -0.7969935536384583
6, 951, 234, -0.7974832057952881
7, 1106, 255, -0.5150306820869446
8, 928, 257, -0.5355574488639832
9, 1054, 327, -0.7129740118980408
10, 978, 329, -0.7191159129142761
11, 1261, 536, -0.2971763610839844
12, 779, 530, -0.33501583337783813
13, 1324, 908, -0.16022180020809174
14, 712, 895, -0.26115578413009644
15, 1347, 1186, -0.3868041932582855
16, 730, 1140, -0.49918481707572937
17, 1412, 1292, -0.45224496722221375
18, 709, 1238, -0.5727787017822266
19, 1396, 1288, -0.5240547060966492
20, 735, 1211, -0.6466572284698486
21, 1361, 1254, -0.4241904020309448
22, 745, 1179, -0.5351011157035828
23, 1174, 1224, -0.030463876202702522
24, 850, 1225, 0.0320807546377182
25, 1158, 1746, 0.02261037565767765
26, 838, 1731, 0.0638442412018776
27, 1154, 2189, 0.5288079380989075
28, 832, 2190, 0.46144095063209534
29, 1156, 2255, 0.5555846691131592
30, 829, 2264, 0.49048760533332825
31, 1109, 2352, 0.2202354520559311
32, 869, 2337, 0.11456934362649918
0, 1017, 278, -0.667779266834259
1, 1048, 232, -0.6357055902481079
2, 1064, 232, -0.6360282897949219
3, 1080, 232, -0.6362912058830261
4, 988, 233, -0.6445372104644775
5, 969, 234, -0.6444567441940308
6, 951, 235, -0.6449629664421082
7, 1106, 255, -0.3732452094554901
8, 928, 257, -0.4040871858596802
9, 1053, 327, -0.5634860992431641
10, 978, 330, -0.5725047588348389
11, 1259, 532, -0.16312235593795776
12, 779, 530, -0.264689177274704
13, 1323, 907, -0.05215870961546898
14, 715, 894, -0.20755666494369507
15, 1364, 1170, -0.27814188599586487
16, 720, 1168, -0.42301905155181885
17, 1433, 1274, -0.33772900700569153
18, 689, 1267, -0.4914780855178833
19, 1415, 1271, -0.40580666065216064
20, 719, 1255, -0.564240574836731
21, 1383, 1237, -0.31546923518180847
22, 733, 1218, -0.45829400420188904
23, 1177, 1224, -0.018578074872493744
24, 864, 1223, 0.020252946764230728
25, 1180, 1741, 0.03998982906341553
26, 870, 1740, 0.05283317342400551
27, 1198, 2190, 0.4850086569786072
28, 881, 2207, 0.3800557851791382
29, 1205, 2259, 0.5077641010284424
30, 878, 2284, 0.4018878638744354
31, 1156, 2352, 0.18165256083011627
32, 923, 2347, 0.03804480656981468
