0, 1007, 250, -0.7348340153694153
1, 1040, 203, -0.7004350423812866
2, 1058, 203, -0.7006949782371521
3, 1078, 204, -0.7008962631225586
4, 980, 206, -0.7025620341300964
5, 958, 208, -0.7025520205497742
6, 940, 211, -0.7029802203178406
7, 1109, 227, -0.44354867935180664
8, 914, 235, -0.4442651569843292
9, 1045, 304, -0.6354361176490784
10, 970, 309, -0.6357461214065552
11, 1269, 543, -0.26179689168930054
12, 768, 524, -0.27136796712875366
13, 1325, 922, -0.19030353426933289
14, 689, 895, -0.19241061806678772
15, 1349, 1140, -0.47144001722335815
16, 670, 1151, -0.46001604199409485
17, 1416, 1248, -0.551030695438385
18, 660, 1231, -0.5380828976631165
19, 1387, 1241, -0.6168850064277649
20, 689, 1207, -0.6094555258750916
21, 1358, 1205, -0.5083664655685425
22, 701, 1174, -0.4968163073062897
23, 1140, 1174, -0.023626578971743584
24, 856, 1173, 0.025526579469442368
25, 1140, 1706, 0.08251158148050308
26, 827, 1696, 0.09010856598615646
27, 1127, 2133, 0.6111711263656616
28, 814, 2137, 0.5159604549407959
29, 1131, 2206, 0.6455729603767395
30, 809, 2217, 0.5485676527023315
31, 1076, 2296, 0.31834888458251953
32, 850, 2286, 0.17951104044914246
0, 1010, 252, -0.8918183445930481
1, 1042, 206, -0.856863796710968
2, 1060, 206, -0.8571873307228088
3, 1078, 207, -0.8573845624923706
4, 980, 209, -0.8615388870239258
5, 960, 211, -0.8613673448562622
6, 941, 215, -0.8618651628494263
7, 1108, 231, -0.5692865252494812
8, 916, 242, -0.5793724656105042
9, 1049, 306, -0.7797602415084839
10, 973, 311, -0.7834327220916748
11, 1268, 541, -0.3460463881492615
12, 767, 524, -0.3750745952129364
13, 1325, 917, -0.23068031668663025
14, 692, 895, -0.2973436117172241
15, 1354, 1169, -0.4831515848636627
16, 663, 1167, -0.5834564566612244
17, 1436, 1291, -0.5621952414512634
18, 649, 1265, -0.668740451335907
19, 1414, 1290, -0.6348105072975159
20, 678, 1243, -0.7564249038696289
21, 1379, 1257, -0.5234214663505554
22, 694, 1208, -0.6281200647354126
23, 1141, 1191, -0.03108530305325985
24, 851, 1187, 0.03314879164099693
25, 1141, 1722, 0.06513062119483948
26, 827, 1716, 0.09042232483625412
27, 1128, 2165, 0.6062438488006592
28, 812, 2171, 0.5330840349197388
29, 1132, 2233, 0.6376209259033203
30, 807, 2248, 0.5672920942306519
31, 1078, 2328, 0.25935930013656616
32, 849, 2314, 0.16534747183322906
0, 1010, 254, -0.8690139055252075
1, 1042, 208, -0.8346740007400513
2, 1060, 209, -0.8349933624267578
3, 1078, 210, -0.835199773311615
4, 981, 211, -0.8382194638252258
5, 960, 213, -0.8380151391029358
6, 941, 217, -0.8385074734687805
7, 1108, 234, -0.549979031085968
8, 917, 244, -0.5549673438072205
9, 1049, 307, -0.7578609585762024
10, 973, 312, -0.7599985599517822
11, 1266, 539, -0.3318808674812317
12, 766, 523, -0.35524269938468933
13, 1325, 914, -0.22189047932624817
14, 692, 892, -0.27690425515174866
15, 1355, 1183, -0.47083473205566406
16, 658, 1168, -0.5600081086158752
17, 1438, 1306, -0.549056351184845
18, 647, 1263, -0.6445857286453247
19, 1417, 1307, -0.6250828504562378
20, 676, 1240, -0.729779839515686
21, 1381, 1272, -0.5126427412033081
22, 692, 1206, -0.6034537553787231
23, 1142, 1198, -0.03501340374350548
24, 847, 1192, 0.03713851422071457
25, 1141, 1728, 0.056538160890340805
26, 825, 1723, 0.09479472041130066
27, 1128, 2173, 0.5996411442756653
28, 811, 2178, 0.5419389009475708
29, 1132, 2239, 0.6301590204238892
30, 806, 2255, 0.5762656927108765
31, 1078, 2335, 0.24772581458091736
32, 846, 2320, 0.16511668264865875
0, 1010, 254, -0.8490745425224304
1, 1042, 209, -0.8153938055038452
2, 1060, 210, -0.8156905770301819
3, 1077, 211, -0.8159008026123047
4, 980, 212, -0.8178646564483643
5, 960, 214, -0.8176422119140625
6, 941, 217, -0.8181222677230835
7, 1106, 236, -0.5358051657676697
8, 918, 245, -0.5360478162765503
9, 1049, 307, -0.7400753498077393
10, 972, 312, -0.7407220602035522
11, 1264, 538, -0.32365843653678894
12, 765, 523, -0.3422926962375641
13, 1325, 912, -0.2181539684534073
14, 692, 887, -0.2619282305240631
15, 1356, 1187, -0.45505908131599426
16, 653, 1167, -0.5382989048957825
17, 1416, 1299, -0.531555712223053
18, 644, 1261, -0.6213359832763672
19, 1394, 1308, -0.6063538193702698
20, 673, 1239, -0.7046495079994202
21, 1385, 1276, -0.49632784724235535
22, 690, 1205, -0.5808881521224976
23, 1142, 1202, -0.037725780159235
24, 844, 1194, 0.03990643471479416
25, 1140, 1732, 0.05558231845498085
26, 822, 1727, 0.10816530883312225
27, 1127, 2179, 0.5948752164840698
28, 806, 2183, 0.5578721165657043
29, 1130, 2245, 0.6250914931297302
30, 801, 2260, 0.5924578905105591
31, 1077, 2340, 0.24407228827476501
32, 841, 2325, 0.17407876253128052
0, 1010, 254, -0.8543475270271301
1, 1042, 210, -0.820709764957428
2, 1060, 211, -0.8210039734840393
3, 1077, 212, -0.8212337493896484
4, 980, 212, -0.8233606219291687
5, 960, 214, -0.8231351375579834
6, 941, 217, -0.8236133456230164
7, 1105, 237, -0.5394147038459778
8, 918, 245, -0.5404146909713745
9, 1049, 307, -0.744472861289978
10, 972, 312, -0.7454096674919128
11, 1262, 535, -0.32606205344200134
12, 764, 522, -0.3437654674053192
13, 1324, 909, -0.21528387069702148
14, 693, 885, -0.2645765244960785
15, 1357, 1187, -0.45095381140708923
16, 652, 1167, -0.5398372411727905
17, 1404, 1295, -0.5269695520401001
18, 644, 1260, -0.623627245426178
19, 1383, 1303, -0.6012253165245056
20, 671, 1238, -0.7090972065925598
21, 1387, 1275, -0.4918445944786072
22, 688, 1204, -0.5836145281791687
23, 1142, 1203, -0.03887370973825455
24, 843, 1195, 0.04105384647846222
25, 1140, 1733, 0.05141862481832504
26, 821, 1727, 0.10643258690834045
27, 1127, 2179, 0.5918735861778259
28, 805, 2183, 0.5526396036148071
29, 1131, 2245, 0.6223751902580261
30, 800, 2260, 0.5868700742721558
31, 1077, 2340, 0.24322772026062012
32, 840, 2325, 0.17262977361679077
0, 1010, 254, -0.849092423915863
1, 1041, 211, -0.8159828782081604
2, 1060, 212, -0.8162657022476196
3, 1076, 213, -0.8164973855018616
4, 980, 213, -0.8186113238334656
5, 960, 215, -0.8183948993682861
6, 941, 218, -0.8188682794570923
7, 1103, 239, -0.5356504321098328
8, 918, 245, -0.5365083813667297
9, 1049, 308, -0.7393521070480347
10, 972, 312, -0.7402117252349854
11, 1261, 534, -0.3222186267375946
12, 763, 522, -0.3406911790370941
13, 1324, 907, -0.20952178537845612
14, 693, 883, -0.2605080306529999
15, 1357, 1187, -0.4359193444252014
16, 651, 1166, -0.532842755317688
17, 1398, 1292, -0.5098952054977417
18, 644, 1259, -0.6155683994293213
19, 1405, 1305, -0.583384096622467
20, 671, 1237, -0.6994287967681885
21, 1388, 1273, -0.4762040674686432
22, 688, 1203, -0.5757943391799927
23, 1142, 1204, -0.03947561979293823
24, 842, 1195, 0.04162774980068207
25, 1140, 1734, 0.053136780858039856
26, 821, 1730, 0.10791628062725067
27, 1127, 2181, 0.5924785137176514
28, 805, 2187, 0.5537211894989014
29, 1131, 2247, 0.6233554482460022
30, 799, 2264, 0.5879378914833069
31, 1077, 2343, 0.2521674633026123
32, 839, 2329, 0.1734054684638977
0, 1010, 254, -0.8491730093955994
1, 1042, 211, -0.8159933090209961
2, 1060, 212, -0.8162944316864014
3, 1076, 213, -0.8165267705917358
4, 980, 213, -0.8182605504989624
5, 960, 215, -0.8180254101753235
6, 941, 218, -0.8184906244277954
7, 1103, 239, -0.5341618657112122
8, 918, 245, -0.532863974571228
9, 1050, 308, -0.7386050820350647
10, 972, 312, -0.7388521432876587
11, 1261, 532, -0.3209502398967743
12, 762, 521, -0.3364475965499878
13, 1324, 904, -0.20877201855182648
14, 694, 881, -0.25566181540489197
15, 1357, 1187, -0.44075241684913635
16, 651, 1166, -0.5288845300674438
17, 1396, 1291, -0.5162866711616516
18, 642, 1258, -0.612362802028656
19, 1410, 1304, -0.5886368155479431
20, 669, 1236, -0.6967362761497498
21, 1387, 1271, -0.48069560527801514
22, 687, 1202, -0.5719982385635376
23, 1143, 1204, -0.041403837502002716
24, 842, 1196, 0.043593648821115494
25, 1142, 1736, 0.05293884500861168
26, 822, 1731, 0.11848998069763184
27, 1129, 2182, 0.5983951687812805
28, 805, 2189, 0.5849260091781616
29, 1132, 2249, 0.6303014755249023
30, 800, 2267, 0.6217585206031799
31, 1078, 2346, 0.25704771280288696
32, 840, 2331, 0.20299002528190613
0, 1010, 253, -0.8408879041671753
1, 1042, 210, -0.8084123134613037
2, 1060, 211, -0.8087643980979919
3, 1076, 212, -0.8090707659721375
4, 980, 212, -0.8077095150947571
5, 960, 214, -0.8073425889015198
6, 941, 216, -0.8077806234359741
7, 1103, 239, -0.52195143699646
8, 918, 244, -0.5096929669380188
9, 1050, 306, -0.7276792526245117
10, 972, 310, -0.7242958545684814
11, 1261, 531, -0.30818626284599304
12, 762, 520, -0.3114169239997864
13, 1325, 902, -0.19095437228679657
14, 694, 878, -0.21876247227191925
15, 1358, 1187, -0.4252088963985443
16, 651, 1166, -0.4954603314399719
17, 1422, 1295, -0.5012614130973816
18, 641, 1258, -0.5785817503929138
19, 1413, 1303, -0.5716722011566162
20, 669, 1235, -0.663532555103302
21, 1386, 1269, -0.4644714891910553
22, 687, 1202, -0.5390896201133728
23, 1144, 1204, -0.04442732781171799
24, 842, 1197, 0.04663647338747978
25, 1142, 1741, 0.05302313715219498
26, 822, 1736, 0.1176762655377388
27, 1129, 2192, 0.598654568195343
28, 805, 2199, 0.5754662752151489
29, 1132, 2261, 0.6306303143501282
30, 800, 2279, 0.6112543940544128
31, 1078, 2355, 0.25621023774147034
32, 840, 2342, 0.19849880039691925
0, 1010, 253, -0.8332597613334656
1, 1042, 210, -0.8022698163986206
2, 1061, 211, -0.8025916218757629
3, 1076, 213, -0.8029001951217651
4, 980, 212, -0.8010619878768921
5, 960, 214, -0.8006318211555481
6, 941, 216, -0.8010585308074951
7, 1103, 239, -0.5148053765296936
8, 918, 244, -0.502581775188446
9, 1050, 306, -0.719240128993988
10, 972, 310, -0.7156730890274048
11, 1261, 529, -0.30169951915740967
12, 762, 518, -0.30672913789749146
13, 1326, 901, -0.1809760183095932
14, 693, 877, -0.21280784904956818
15, 1358, 1188, -0.4198717474937439
16, 651, 1166, -0.4876377284526825
17, 1431, 1298, -0.49651283025741577
18, 642, 1257, -0.5701242685317993
19, 1413, 1304, -0.5673801302909851
20, 671, 1235, -0.6530927419662476
21, 1386, 1269, -0.4591056704521179
22, 688, 1202, -0.5298858284950256
23, 1145, 1205, -0.045073430985212326
24, 842, 1198, 0.04727066680788994
25, 1143, 1744, 0.05367952212691307
26, 822, 1742, 0.1485373079776764
27, 1129, 2194, 0.6078150868415833
28, 805, 2203, 0.6222687363624573
29, 1132, 2263, 0.6417742371559143
30, 800, 2282, 0.6602058410644531
31, 1077, 2360, 0.26358136534690857
32, 840, 2348, 0.24852703511714935
0, 1010, 253, -0.8455092310905457
1, 1042, 210, -0.8142549395561218
2, 1061, 211, -0.8145177960395813
3, 1076, 213, -0.8147639632225037
4, 980, 212, -0.8162795901298523
5, 960, 213, -0.815966010093689
6, 941, 216, -0.8163843750953674
7, 1103, 239, -0.5341857075691223
8, 918, 244, -0.5322405099868774
9, 1050, 306, -0.7349434494972229
10, 972, 310, -0.7348540425300598
11, 1261, 529, -0.32125622034072876
12, 761, 519, -0.34368932247161865
13, 1328, 901, -0.197980597615242
14, 692, 879, -0.24537526071071625
15, 1361, 1190, -0.423478901386261
16, 648, 1172, -0.5099877119064331
17, 1439, 1307, -0.4981166422367096
18, 641, 1269, -0.5891352891921997
19, 1414, 1312, -0.5699860453605652
20, 671, 1250, -0.6706433892250061
21, 1386, 1275, -0.461032509803772
22, 688, 1215, -0.5507236123085022
23, 1145, 1210, -0.04552360624074936
24, 843, 1198, 0.04772428423166275
25, 1143, 1750, 0.03509268909692764
26, 821, 1753, 0.16668978333473206
27, 1129, 2201, 0.5964440703392029
28, 806, 2208, 0.6556277871131897
29, 1133, 2269, 0.6311249136924744
30, 801, 2284, 0.6956562399864197
31, 1077, 2367, 0.2531953454017639
32, 842, 2356, 0.2870851159095764
0, 1010, 253, -0.839104950428009
1, 1042, 210, -0.8132666945457458
2, 1061, 211, -0.8134371638298035
3, 1076, 213, -0.8137143850326538
4, 980, 212, -0.8151913285255432
5, 960, 213, -0.81479811668396
6, 941, 216, -0.8151710629463196
7, 1103, 239, -0.5303238034248352
8, 918, 243, -0.5291392803192139
9, 1050, 306, -0.7297090888023376
10, 971, 309, -0.7292484641075134
11, 1261, 527, -0.318349689245224
12, 761, 518, -0.3386574983596802
13, 1329, 899, -0.18416588008403778
14, 685, 878, -0.24418598413467407
15, 1363, 1190, -0.406400591135025
16, 648, 1172, -0.5009463429450989
17, 1440, 1306, -0.47870969772338867
18, 646, 1269, -0.577136218547821
19, 1414, 1310, -0.547954261302948
20, 680, 1249, -0.654364824295044
21, 1385, 1274, -0.4436780512332916
22, 688, 1214, -0.5388314127922058
23, 1146, 1210, -0.04526529833674431
24, 843, 1198, 0.04744391515851021
25, 1143, 1751, 0.0296357199549675
26, 818, 1754, 0.15441007912158966
27, 1129, 2202, 0.5638629198074341
28, 805, 2209, 0.6283405423164368
29, 1132, 2270, 0.5959873795509338
30, 800, 2284, 0.6666820645332336
31, 1075, 2369, 0.2275511771440506
32, 840, 2358, 0.2570072412490845
0, 1010, 253, -0.9174485802650452
1, 1042, 210, -0.8855486512184143
2, 1061, 211, -0.8858000040054321
3, 1076, 213, -0.8860486745834351
4, 979, 212, -0.8882548809051514
5, 959, 213, -0.888231635093689
6, 940, 216, -0.8886973857879639
7, 1103, 240, -0.5885655283927917
8, 918, 243, -0.5896485447883606
9, 1050, 306, -0.7994305491447449
10, 969, 309, -0.800606906414032
11, 1261, 526, -0.3569355309009552
12, 760, 518, -0.36323949694633484
13, 1330, 896, -0.21738167107105255
14, 678, 877, -0.25622501969337463
15, 1367, 1189, -0.4641929864883423
16, 648, 1172, -0.5349113345146179
17, 1441, 1307, -0.5391381978988647
18, 648, 1273, -0.6117273569107056
19, 1414, 1311, -0.6143149137496948
20, 677, 1264, -0.694088876247406
21, 1385, 1274, -0.5023406744003296
22, 688, 1219, -0.5739322900772095
23, 1146, 1211, -0.04960968345403671
24, 845, 1202, 0.05164363607764244
25, 1148, 1750, -0.015767190605401993
26, 819, 1752, 0.21078641712665558
27, 1140, 2202, 0.5658944249153137
28, 814, 2207, 0.7615756392478943
29, 1145, 2267, 0.6017380356788635
30, 811, 2283, 0.8063493967056274
31, 1085, 2367, 0.22970238327980042
32, 852, 2356, 0.4019308090209961
0, 1009, 254, -1.1110063791275024
1, 1042, 211, -1.0817753076553345
2, 1061, 211, -1.081830620765686
3, 1076, 213, -1.0820831060409546
4, 979, 212, -1.0823243856430054
5, 959, 213, -1.0825648307800293
6, 940, 216, -1.0829558372497559
7, 1102, 240, -0.7894221544265747
8, 918, 243, -0.7872308492660522
9, 1049, 307, -0.9917591214179993
10, 968, 310, -0.9916384220123291
11, 1261, 526, -0.5251652598381042
12, 760, 517, -0.5126215815544128
13, 1335, 890, -0.36573541164398193
14, 674, 875, -0.3750147223472595
15, 1366, 1182, -0.5742693543434143
16, 666, 1159, -0.5924614667892456
17, 1423, 1308, -0.6448596715927124
18, 677, 1255, -0.6558608412742615
19, 1389, 1310, -0.7127400636672974
20, 705, 1249, -0.7320849299430847
21, 1365, 1273, -0.6055788397789001
22, 712, 1209, -0.6246778964996338
23, 1146, 1211, -0.04920670762658119
24, 846, 1203, 0.051131799817085266
25, 1144, 1750, -0.027610808610916138
26, 831, 1751, 0.2667468190193176
27, 1140, 2200, 0.5545515418052673
28, 832, 2211, 0.8416752219200134
29, 1144, 2263, 0.594914972782135
30, 833, 2288, 0.8878864645957947
31, 1092, 2365, 0.2342759519815445
32, 859, 2359, 0.5089913606643677
0, 1006, 255, -1.0557767152786255
1, 1040, 211, -0.9976275563240051
2, 1060, 212, -0.9981709718704224
3, 1075, 213, -0.9987707734107971
4, 978, 212, -1.031112790107727
5, 958, 213, -1.0301480293273926
6, 940, 216, -1.0307835340499878
7, 1101, 240, -0.6821744441986084
8, 918, 243, -0.7252406477928162
9, 1047, 307, -0.9199978113174438
10, 966, 310, -0.9736960530281067
11, 1261, 522, -0.43070709705352783
12, 762, 514, -0.38029804825782776
13, 1343, 877, -0.3040038049221039
14, 668, 853, -0.237095907330513
15, 1352, 1158, -0.5254133343696594
16, 696, 1120, -0.5036804676055908
17, 1358, 1254, -0.6000831723213196
18, 713, 1215, -0.5717517137527466
19, 1307, 1270, -0.6672860980033875
20, 747, 1187, -0.6375923752784729
21, 1293, 1230, -0.5595924854278564
22, 746, 1151, -0.5329646468162537
23, 1146, 1204, -0.06107526272535324
24, 851, 1200, 0.06289901584386826
25, 1144, 1730, -0.010215564630925655
26, 831, 1727, 0.22607818245887756
27, 1140, 2184, 0.5038438439369202
28, 830, 2192, 0.7369998693466187
29, 1144, 2244, 0.5329810976982117
30, 831, 2263, 0.7583552598953247
31, 1090, 2350, 0.16674555838108063
32, 857, 2337, 0.4049506187438965
0, 1006, 255, -0.6411617994308472
1, 1039, 211, -0.6068369150161743
2, 1059, 212, -0.6070128083229065
3, 1074, 213, -0.6072098016738892
4, 978, 212, -0.6134765148162842
5, 958, 213, -0.6134106516838074
6, 940, 216, -0.6137983798980713
7, 1099, 240, -0.34828054904937744
8, 918, 243, -0.36404478549957275
9, 1046, 307, -0.5412367582321167
10, 967, 309, -0.5478774309158325
11, 1258, 515, -0.17267516255378723
12, 764, 510, -0.21089333295822144
13, 1352, 847, -0.06508325040340424
14, 660, 837, -0.1502504050731659
15, 1336, 1118, -0.28974130749702454
16, 696, 1096, -0.414083868265152
17, 1341, 1212, -0.3607664406299591
18, 703, 1199, -0.4881244897842407
19, 1284, 1189, -0.4213408827781677
20, 743, 1155, -0.5505658388137817
21, 1268, 1133, -0.32044342160224915
22, 748, 1113, -0.4425421953201294
23, 1146, 1164, -0.03956037759780884
24, 857, 1162, 0.040975410491228104
25, 1141, 1702, 0.025733094662427902
26, 828, 1693, 0.0896599292755127
27, 1119, 2162, 0.4482651352882385
28, 822, 2150, 0.38585370779037476
29, 1122, 2223, 0.46960195899009705
30, 821, 2215, 0.40571340918540955
31, 1069, 2316, 0.14772847294807434
32, 849, 2298, 0.05153674632310867
0, 1006, 258, -0.6897707581520081
1, 1039, 213, -0.6583606004714966
2, 1058, 213, -0.6585196852684021
3, 1073, 215, -0.6587162017822266
4, 978, 215, -0.6648170351982117
5, 959, 217, -0.6649097204208374
6, 941, 219, -0.6652959585189819
7, 1096, 241, -0.39525195956230164
8, 918, 244, -0.4164445102214813
9, 1046, 308, -0.5864892601966858
10, 967, 311, -0.5929348468780518
11, 1257, 511, -0.19520454108715057
12, 765, 508, -0.23767933249473572
13, 1366, 828, -0.07080289721488953
14, 648, 829, -0.16484354436397552
15, 1319, 1087, -0.299984872341156
16, 708, 1069, -0.4226306080818176
17, 1317, 1188, -0.37160158157348633
18, 717, 1152, -0.49843549728393555
19, 1254, 1157, -0.43660253286361694
20, 771, 1126, -0.5547302961349487
21, 1244, 1105, -0.33058103919029236
22, 773, 1088, -0.4474564790725708
23, 1146, 1138, -0.019958658143877983
24, 858, 1141, 0.02101512812077999
25, 1132, 1676, 0.04270893707871437
26, 822, 1661, 0.03937184810638428
27, 1106, 2134, 0.41299065947532654
28, 816, 2117, 0.29175418615341187
29, 1108, 2194, 0.4312136769294739
30, 815, 2179, 0.30657678842544556
31, 1054, 2281, 0.1236213743686676
32, 845, 2266, -0.0363570861518383
0, 1008, 267, -0.7538550496101379
1, 1039, 220, -0.7224128246307373
2, 1058, 219, -0.7226003408432007
3, 1073, 220, -0.7228112816810608
4, 979, 224, -0.7262452840805054
5, 960, 226, -0.7262238264083862
6, 941, 227, -0.7266356945037842
7, 1095, 243, -0.4437980353832245
8, 919, 249, -0.42617520689964294
9, 1046, 314, -0.6474102139472961
10, 970, 319, -0.6496136784553528
11, 1254, 507, -0.21059569716453552
12, 766, 508, -0.267924040555954
13, 1382, 817, -0.17766758799552917
14, 643, 827, -0.18659254908561707
15, 1304, 1061, -0.46737363934516907
16, 740, 1045, -0.4568954408168793
17, 1293, 1162, -0.5510410070419312
18, 763, 1126, -0.535697340965271
19, 1223, 1133, -0.6056088209152222
20, 829, 1097, -0.5875998735427856
21, 1218, 1092, -0.49157315492630005
22, 829, 1066, -0.4615005552768707
23, 1147, 1107, -0.018509743735194206
24, 862, 1109, 0.01936693862080574
25, 1166, 1575, -0.23039735853672028
26, 822, 1562, -0.2093242108821869
27, 1128, 2032, 0.09506610780954361
28, 845, 2041, -0.012114419601857662
29, 1121, 2090, 0.11309248954057693
30, 854, 2105, -0.0044084046967327595
31, 1094, 2189, -0.17143049836158752
32, 866, 2189, -0.29976019263267517
0, 1013, 267, -0.7310008406639099
1, 1040, 220, -0.6973063349723816
2, 1059, 219, -0.697490394115448
3, 1073, 219, -0.6975544691085815
4, 982, 224, -0.7006953954696655
5, 962, 225, -0.7008041739463806
6, 944, 227, -0.701185405254364
7, 1095, 242, -0.43896445631980896
8, 919, 249, -0.44520631432533264
9, 1048, 314, -0.630369246006012
10, 975, 319, -0.6339702010154724
11, 1255, 508, -0.24810253083705902
12, 766, 508, -0.2533484995365143
13, 1394, 826, -0.23800691962242126
14, 640, 836, -0.26886510848999023
15, 1276, 1047, -0.5699223279953003
16, 774, 999, -0.6280612945556641
17, 1231, 1147, -0.6656277179718018
18, 820, 1079, -0.7218648791313171
19, 1157, 1097, -0.7056757211685181
20, 881, 1049, -0.7476987242698669
21, 1162, 1067, -0.5905879139900208
22, 874, 1018, -0.6412575244903564
23, 1157, 1100, -0.012533345259726048
24, 862, 1096, 0.013712159357964993
25, 1183, 1572, -0.3368692696094513
26, 845, 1552, -0.3106761872768402
27, 1158, 2033, -0.042305707931518555
28, 863, 2045, -0.16472217440605164
29, 1153, 2090, -0.027551667764782906
30, 865, 2118, -0.16216836869716644
31, 1112, 2206, -0.3337496817111969
32, 888, 2193, -0.48023897409439087
0, 1013, 268, -0.6128951907157898
1, 1040, 221, -0.5799216032028198
2, 1059, 220, -0.5800817608833313
3, 1073, 220, -0.580036997795105
4, 982, 224, -0.584740936756134
5, 963, 226, -0.5847365260124207
6, 944, 227, -0.5851708650588989
7, 1095, 242, -0.3266755938529968
8, 920, 249, -0.3421218991279602
9, 1048, 315, -0.5144343972206116
10, 977, 320, -0.5197191834449768
11, 1255, 508, -0.16525734961032867
12, 766, 509, -0.17902709543704987
13, 1409, 832, -0.19907556474208832
14, 632, 849, -0.2816369831562042
15, 1257, 1022, -0.5106955170631409
16, 801, 929, -0.6983240246772766
17, 1190, 1104, -0.5951197147369385
18, 859, 1003, -0.7885867357254028
19, 1125, 1057, -0.6340910196304321
20, 910, 961, -0.7942886352539062
21, 1142, 1029, -0.566547691822052
22, 901, 934, -0.7046646475791931
23, 1164, 1112, -0.012207319028675556
24, 865, 1109, 0.013691588304936886
25, 1180, 1602, -0.0590471550822258
26, 846, 1579, 0.029821503907442093
27, 1160, 2064, 0.2390390783548355
28, 858, 2072, 0.08287034928798676
29, 1160, 2123, 0.26067182421684265
30, 858, 2143, 0.1520807147026062
31, 1112, 2232, -0.06627998501062393
32, 893, 2220, -0.21277104318141937
0, 1017, 268, -0.5799019932746887
1, 1042, 221, -0.5457557439804077
2, 1059, 220, -0.5459395051002502
3, 1073, 220, -0.5459109544754028
4, 986, 224, -0.5488483905792236
5, 967, 226, -0.5487648844718933
6, 949, 227, -0.5491629838943481
7, 1095, 242, -0.2913500666618347
8, 921, 249, -0.29893621802330017
9, 1050, 315, -0.48194530606269836
10, 981, 320, -0.4851815402507782
11, 1254, 506, -0.14396248757839203
12, 767, 510, -0.1229943111538887
13, 1421, 834, -0.19860659539699554
14, 631, 863, -0.3005915880203247
15, 1221, 974, -0.5085539221763611
16, 801, 853, -0.8137726187705994
17, 1122, 1058, -0.5907552242279053
18, 874, 894, -0.9141589403152466
19, 1072, 1012, -0.6278277039527893
20, 906, 838, -0.9072218537330627
21, 1103, 975, -0.5297936797142029
22, 895, 813, -0.8177728652954102
23, 1168, 1108, -0.014091497287154198
24, 868, 1111, 0.015452138148248196
25, 1179, 1621, -0.057396646589040756
26, 851, 1604, 0.09528947621583939
27, 1162, 2077, 0.22737768292427063
28, 861, 2080, 0.180813729763031
29, 1164, 2138, 0.2386903017759323
30, 858, 2149, 0.1758245974779129
31, 1119, 2240, -0.08368745446205139
32, 899, 2226, -0.04691186174750328
0, 1017, 270, -0.6623230576515198
1, 1042, 222, -0.6302555203437805
2, 1059, 222, -0.6304324269294739
3, 1073, 221, -0.6305268406867981
4, 987, 225, -0.6336523294448853
5, 968, 226, -0.6336355805397034
6, 949, 227, -0.6340416669845581
7, 1095, 242, -0.3643844723701477
8, 921, 248, -0.3683226406574249
9, 1050, 316, -0.5612682104110718
10, 981, 320, -0.5641160607337952
11, 1253, 501, -0.18531765043735504
12, 771, 508, -0.16020755469799042
13, 1435, 834, -0.21859243512153625
14, 628, 877, -0.3791908621788025
15, 1185, 951, -0.5452961325645447
16, 822, 799, -0.9838800430297852
17, 1076, 1032, -0.6301285028457642
18, 893, 832, -1.0991096496582031
19, 1044, 982, -0.6367418766021729
20, 926, 768, -1.0889140367507935
21, 1075, 946, -0.5489528179168701
22, 913, 752, -0.988128125667572
23, 1169, 1114, -0.0151958167552948
24, 874, 1115, 0.016503537073731422
25, 1177, 1645, -0.031244922429323196
26, 849, 1623, 0.07641230523586273
27, 1158, 2088, 0.3680248260498047
28, 859, 2084, 0.3268570601940155
29, 1159, 2143, 0.3868612051010132
30, 852, 2156, 0.34285980463027954
31, 1116, 2246, 0.03798668086528778
32, 894, 2232, -0.0010467207757756114
0, 1018, 272, -0.7990673780441284
1, 1043, 224, -0.7596268057823181
2, 1060, 224, -0.7597627639770508
3, 1073, 223, -0.7595793604850769
4, 988, 226, -0.7632557153701782
5, 969, 227, -0.763290524482727
6, 951, 228, -0.7636021971702576
7, 1095, 242, -0.44771698117256165
8, 922, 248, -0.4597405195236206
9, 1050, 317, -0.6804214715957642
10, 983, 320, -0.6850664615631104
11, 1251, 497, -0.22686904668807983
12, 772, 505, -0.18633849918842316
13, 1443, 836, -0.3041389584541321
14, 624, 886, -0.47723066806793213
15, 1168, 914, -0.6655729413032532
16, 828, 746, -1.0979117155075073
17, 1065, 987, -0.7525337934494019
18, 906, 761, -1.2139016389846802
19, 1032, 945, -0.7471185326576233
20, 936, 704, -1.1953189373016357
21, 1065, 913, -0.6631490588188171
22, 922, 697, -1.0974154472351074
23, 1167, 1117, -0.01469811238348484
24, 873, 1120, 0.016068099066615105
25, 1172, 1652, 0.04710828885436058
26, 845, 1625, 0.07044196128845215
27, 1138, 2090, 0.4897393584251404
28, 847, 2089, 0.3719295561313629
29, 1137, 2149, 0.511748194694519
30, 836, 2154, 0.39209526777267456
31, 1107, 2251, 0.16030804812908173
32, 893, 2238, 0.009374232031404972
0, 1018, 279, -0.8220574855804443
1, 1044, 227, -0.7830215692520142
2, 1060, 227, -0.7831603288650513
3, 1073, 226, -0.7829553484916687
4, 988, 230, -0.7867221236228943
5, 969, 230, -0.7867879867553711
6, 951, 231, -0.7871149778366089
7, 1096, 243, -0.46852394938468933
8, 922, 250, -0.4802164137363434
9, 1051, 323, -0.7016561031341553
10, 984, 324, -0.7059574127197266
11, 1248, 494, -0.24201294779777527
12, 773, 502, -0.2225557416677475
13, 1440, 838, -0.3426077663898468
14, 625, 889, -0.5284654498100281
15, 1145, 886, -0.7131584882736206
16, 847, 684, -1.1423896551132202
17, 1040, 947, -0.7999153733253479
18, 926, 686, -1.2603638172149658
19, 1002, 904, -0.7896498441696167
20, 957, 644, -1.2341521978378296
21, 1040, 878, -0.7102739214897156
22, 941, 637, -1.139513611793518
23, 1165, 1111, -0.01325024850666523
24, 871, 1123, 0.014581344090402126
25, 1169, 1653, 0.07208073884248734
26, 842, 1632, 0.07022453099489212
27, 1136, 2092, 0.4960128366947174
28, 846, 2086, 0.376823753118515
29, 1136, 2151, 0.5163813829421997
30, 836, 2146, 0.39685168862342834
31, 1106, 2250, 0.16352754831314087
32, 891, 2239, 0.012365447357296944
0, 1019, 279, -0.797833263874054
1, 1044, 228, -0.7604371309280396
2, 1060, 227, -0.7605969309806824
3, 1073, 226, -0.7604990601539612
4, 989, 230, -0.7640578746795654
5, 969, 230, -0.7641143202781677
6, 951, 231, -0.764473021030426
7, 1096, 243, -0.4549955725669861
8, 922, 250, -0.4749900996685028
9, 1052, 323, -0.6827676296234131
10, 984, 324, -0.6867722272872925
11, 1243, 491, -0.23488913476467133
12, 773, 501, -0.22610221803188324
13, 1449, 833, -0.37804704904556274
14, 626, 892, -0.5290720462799072
15, 1148, 845, -0.7969143390655518
16, 864, 677, -1.1243784427642822
17, 1035, 889, -0.8900043964385986
18, 943, 661, -1.2403576374053955
19, 1001, 836, -0.8692842125892639
20, 974, 618, -1.2116678953170776
21, 1057, 824, -0.7928574681282043
22, 957, 614, -1.1201832294464111
23, 1165, 1100, -0.011693974956870079
24, 870, 1121, 0.013098589144647121
25, 1172, 1650, 0.05023841932415962
26, 850, 1634, 0.0409175343811512
27, 1152, 2091, 0.4486618638038635
28, 867, 2085, 0.31321826577186584
29, 1153, 2151, 0.47107774019241333
30, 859, 2145, 0.3283222019672394
31, 1132, 2245, 0.1465044766664505
32, 918, 2236, -0.06321295350790024
0, 1019, 279, -0.7330783605575562
1, 1044, 227, -0.6919220089912415
2, 1060, 227, -0.6920948028564453
3, 1073, 226, -0.6918683648109436
4, 989, 230, -0.6979907751083374
5, 969, 230, -0.6981475949287415
6, 951, 231, -0.6985272169113159
7, 1096, 243, -0.3960401713848114
8, 922, 250, -0.41825300455093384
9, 1052, 323, -0.6214497089385986
10, 984, 324, -0.6283158659934998
11, 1240, 490, -0.2016679346561432
12, 775, 499, -0.21735674142837524
13, 1448, 827, -0.3548056185245514
14, 627, 890, -0.5019068717956543
15, 1140, 820, -0.7466756701469421
16, 884, 679, -1.0478334426879883
17, 1024, 847, -0.8343215584754944
18, 965, 669, -1.1555476188659668
19, 995, 805, -0.8106697201728821
20, 1001, 628, -1.1235275268554688
21, 1045, 809, -0.7404139041900635
22, 985, 629, -1.0409985780715942
23, 1159, 1093, -0.006070188712328672
24, 870, 1111, 0.007327401079237461
25, 1167, 1646, 0.057102080434560776
26, 849, 1634, 0.03826111555099487
27, 1151, 2088, 0.4319610893726349
28, 868, 2080, 0.29650256037712097
29, 1152, 2148, 0.4542611837387085
30, 862, 2138, 0.30992600321769714
31, 1129, 2238, 0.1300138533115387
32, 918, 2231, -0.06552385538816452
0, 1020, 279, -0.7986208200454712
1, 1045, 228, -0.7563155293464661
2, 1060, 227, -0.756433367729187
3, 1074, 226, -0.7561658620834351
4, 989, 230, -0.7654902935028076
5, 970, 231, -0.7656106948852539
6, 952, 232, -0.7659643888473511
7, 1097, 243, -0.4369756877422333
8, 922, 251, -0.4738941192626953
9, 1053, 323, -0.677478551864624
10, 985, 324, -0.6880091428756714
11, 1240, 491, -0.2067636102437973
12, 775, 499, -0.27788466215133667
13, 1455, 818, -0.43572095036506653
14, 628, 890, -0.5681697130203247
15, 1159, 796, -0.9808218479156494
16, 871, 737, -1.158745288848877
17, 1064, 806, -1.0976301431655884
18, 944, 751, -1.2779295444488525
19, 1027, 755, -1.0808933973312378
20, 984, 701, -1.259321689605713
21, 1066, 749, -0.9836664199829102
22, 967, 694, -1.1576485633850098
23, 1156, 1095, -0.0045511480420827866
24, 869, 1112, 0.006004735827445984
25, 1161, 1644, 0.0709114819765091
26, 848, 1632, 0.03440079465508461
27, 1147, 2085, 0.4476450979709625
28, 867, 2076, 0.3066989481449127
29, 1149, 2145, 0.46402695775032043
30, 861, 2134, 0.32207804918289185
31, 1123, 2233, 0.11567271500825882
32, 914, 2228, -0.06535296887159348
0, 1020, 280, -0.8351496458053589
1, 1045, 228, -0.7897852063179016
2, 1060, 228, -0.7898988723754883
3, 1074, 227, -0.7896190285682678
4, 990, 231, -0.8011714816093445
5, 970, 231, -0.8012985587120056
6, 953, 232, -0.8016481399536133
7, 1097, 244, -0.46089765429496765
8, 922, 251, -0.5080376863479614
9, 1053, 323, -0.7105771899223328
10, 986, 325, -0.7242997288703918
11, 1240, 491, -0.2140362560749054
12, 776, 500, -0.3127747178077698
13, 1467, 803, -0.46380847692489624
14, 628, 885, -0.5865281224250793
15, 1182, 766, -1.0427947044372559
16, 860, 762, -1.1756082773208618
17, 1098, 796, -1.1703922748565674
18, 927, 783, -1.2994812726974487
19, 1054, 758, -1.1583694219589233
20, 966, 734, -1.289925217628479
21, 1075, 740, -1.04952871799469
22, 951, 724, -1.1788359880447388
23, 1154, 1097, -0.0011054232018068433
24, 869, 1113, 0.0027318191714584827
25, 1158, 1643, 0.0781891793012619
26, 847, 1632, 0.020294029265642166
27, 1143, 2084, 0.46853095293045044
28, 861, 2074, 0.3116634786128998
29, 1144, 2144, 0.4842299818992615
30, 854, 2134, 0.32839637994766235
31, 1117, 2232, 0.12172173708677292
32, 913, 2224, -0.06699543446302414
0, 1020, 280, -0.8402509689331055
1, 1045, 229, -0.7983593344688416
2, 1060, 228, -0.7984567284584045
3, 1073, 227, -0.798222541809082
4, 990, 231, -0.8070517182350159
5, 971, 231, -0.8071682453155518
6, 953, 232, -0.8075224161148071
7, 1097, 244, -0.47962287068367004
8, 923, 251, -0.5130249261856079
9, 1053, 324, -0.7185100317001343
10, 986, 325, -0.7282424569129944
11, 1240, 491, -0.2364673763513565
12, 776, 500, -0.3130289614200592
13, 1478, 794, -0.440325528383255
14, 628, 884, -0.5675965547561646
15, 1203, 774, -0.9802566170692444
16, 860, 773, -1.1447724103927612
17, 1123, 802, -1.1000149250030518
18, 926, 796, -1.266178011894226
19, 1097, 763, -1.0945731401443481
20, 966, 749, -1.255420446395874
21, 1118, 749, -0.9884257912635803
22, 949, 738, -1.146817684173584
23, 1154, 1099, -0.0025728647597134113
24, 868, 1117, 0.004186191130429506
25, 1158, 1641, 0.0938713327050209
26, 846, 1633, 0.047260865569114685
27, 1143, 2082, 0.49680185317993164
28, 861, 2073, 0.3504723012447357
29, 1144, 2142, 0.5148851871490479
30, 853, 2132, 0.3688772916793823
31, 1117, 2231, 0.15883949398994446
32, 910, 2224, -0.02566424012184143
0, 1020, 281, -0.8576980829238892
1, 1045, 229, -0.8153636455535889
2, 1060, 228, -0.8154734373092651
3, 1073, 228, -0.8152183890342712
4, 990, 231, -0.8243977427482605
5, 971, 231, -0.824553370475769
6, 954, 232, -0.8249205350875854
7, 1097, 244, -0.49470746517181396
8, 923, 251, -0.5285963416099548
9, 1053, 324, -0.7348105311393738
10, 986, 325, -0.7449890971183777
11, 1241, 491, -0.2510116696357727
12, 777, 500, -0.3269062340259552
13, 1483, 793, -0.4451587498188019
14, 630, 884, -0.5756555199623108
15, 1217, 770, -0.987245500087738
16, 862, 778, -1.1486716270446777
17, 1134, 800, -1.1078190803527832
18, 924, 802, -1.2705086469650269
19, 1108, 763, -1.1025104522705078
20, 964, 757, -1.262029767036438
21, 1131, 746, -0.9955727458000183
22, 947, 744, -1.1517738103866577
23, 1154, 1100, -0.0027119773440063
24, 868, 1119, 0.00435854634270072
25, 1160, 1639, 0.08616778254508972
26, 848, 1633, 0.04716780036687851
27, 1147, 2081, 0.4884081184864044
28, 862, 2074, 0.350252240896225
29, 1148, 2142, 0.5064321756362915
30, 856, 2134, 0.36849743127822876
31, 1119, 2230, 0.15010280907154083
32, 912, 2224, -0.025225896388292313
0, 1022, 281, -0.900072455406189
1, 1047, 229, -0.8570917248725891
2, 1061, 228, -0.85719895362854
3, 1074, 228, -0.8569546937942505
4, 992, 231, -0.8668504357337952
5, 973, 231, -0.8670293688774109
6, 955, 232, -0.8674004673957825
7, 1098, 244, -0.532202959060669
8, 924, 251, -0.5690491795539856
9, 1055, 324, -0.7755160927772522
10, 988, 325, -0.786635160446167
11, 1242, 492, -0.2876356542110443
12, 777, 500, -0.36040768027305603
13, 1486, 794, -0.4997211992740631
14, 632, 886, -0.6127888560295105
15, 1227, 765, -1.0592538118362427
16, 859, 782, -1.192710280418396
17, 1139, 793, -1.1833893060684204
18, 923, 804, -1.3171342611312866
19, 1111, 756, -1.1748106479644775
20, 965, 760, -1.307449221611023
21, 1136, 739, -1.0667316913604736
22, 945, 745, -1.1953239440917969
23, 1154, 1101, -0.0033846080768853426
24, 867, 1120, 0.005017345305532217
25, 1160, 1640, 0.08662823587656021
26, 848, 1634, 0.04704751819372177
27, 1147, 2082, 0.5008494257926941
28, 862, 2075, 0.36131009459495544
29, 1147, 2143, 0.5194644927978516
30, 855, 2135, 0.38080742955207825
31, 1119, 2232, 0.15772457420825958
32, 910, 2224, -0.017314160242676735
0, 1024, 281, -0.9085777997970581
1, 1048, 229, -0.8661064505577087
2, 1062, 228, -0.8662106394767761
3, 1075, 228, -0.8659898638725281
4, 994, 231, -0.875390887260437
5, 975, 231, -0.8755577206611633
6, 956, 232, -0.87591153383255
7, 1098, 244, -0.5414425730705261
8, 924, 250, -0.5769416093826294
9, 1056, 324, -0.7843596339225769
10, 989, 326, -0.7950174808502197
11, 1243, 492, -0.2972176671028137
12, 777, 501, -0.3609711825847626
13, 1492, 796, -0.5037687420845032
14, 634, 888, -0.6048389077186584
15, 1235, 761, -1.0720707178115845
16, 853, 784, -1.1978436708450317
17, 1151, 786, -1.1979104280471802
18, 923, 806, -1.3234676122665405
19, 1120, 745, -1.1899114847183228
20, 953, 762, -1.320107102394104
21, 1143, 730, -1.079710841178894
22, 935, 747, -1.203477382659912
23, 1154, 1101, -0.004096098709851503
24, 868, 1120, 0.005748566705733538
25, 1160, 1640, 0.09591220319271088
26, 847, 1634, 0.04986369237303734
27, 1147, 2083, 0.5164780020713806
28, 860, 2075, 0.3728805184364319
29, 1148, 2143, 0.5355230569839478
30, 853, 2136, 0.393378883600235
31, 1118, 2233, 0.17268338799476624
32, 910, 2225, -0.005830711685121059
0, 1025, 281, -0.9065949320793152
1, 1049, 229, -0.8642440438270569
2, 1062, 228, -0.8643736243247986
3, 1076, 228, -0.8641738891601562
4, 995, 231, -0.8731561899185181
5, 976, 231, -0.8733466863632202
6, 957, 232, -0.8737009167671204
7, 1099, 244, -0.5422629714012146
8, 924, 250, -0.5765155553817749
9, 1056, 325, -0.7836824059486389
10, 989, 326, -0.7940603494644165
11, 1244, 492, -0.304136723279953
12, 778, 501, -0.35635432600975037
13, 1488, 797, -0.5143718123435974
14, 636, 888, -0.5836659669876099
15, 1237, 758, -1.0739028453826904
16, 842, 793, -1.1629496812820435
17, 1155, 781, -1.198757529258728
18, 909, 807, -1.2869744300842285
19, 1125, 736, -1.1916290521621704
20, 923, 764, -1.2867525815963745
21, 1151, 724, -1.0819759368896484
22, 913, 749, -1.170141577720642
23, 1154, 1100, -0.006092534866183996
24, 869, 1116, 0.007712761405855417
25, 1161, 1640, 0.09505109488964081
26, 849, 1634, 0.05012202635407448
27, 1150, 2082, 0.5101731419563293
28, 860, 2075, 0.36940136551856995
29, 1151, 2143, 0.52889484167099
30, 854, 2135, 0.38948994874954224
31, 1120, 2233, 0.16809292137622833
32, 911, 2225, -0.006416752468794584
0, 1026, 281, -0.9117777347564697
1, 1050, 229, -0.8700374364852905
2, 1063, 228, -0.8701825737953186
3, 1077, 228, -0.8700269460678101
4, 996, 231, -0.8788672089576721
5, 977, 231, -0.8790544271469116
6, 958, 232, -0.8794111013412476
7, 1099, 244, -0.5500758290290833
8, 924, 250, -0.5838554501533508
9, 1056, 325, -0.7897425293922424
10, 990, 327, -0.8000063300132751
11, 1244, 492, -0.31947603821754456
12, 778, 501, -0.3635629117488861
13, 1487, 798, -0.5577058792114258
14, 640, 887, -0.5978793501853943
15, 1236, 757, -1.131316900253296
16, 839, 803, -1.1830493211746216
17, 1156, 781, -1.2608020305633545
18, 903, 808, -1.3092337846755981
19, 1125, 735, -1.2506414651870728
20, 911, 765, -1.310347318649292
21, 1151, 723, -1.1385740041732788
22, 903, 750, -1.191418170928955
23, 1155, 1100, -0.009172110818326473
24, 869, 1113, 0.010764521546661854
25, 1161, 1640, 0.09428762644529343
26, 848, 1634, 0.05251116305589676
27, 1150, 2082, 0.5094434022903442
28, 858, 2074, 0.3716873526573181
29, 1151, 2142, 0.5281862020492554
30, 851, 2134, 0.39194247126579285
31, 1119, 2233, 0.166340634226799
32, 911, 2224, -0.003036144655197859
0, 1028, 281, -0.8984079957008362
1, 1051, 229, -0.8562573790550232
2, 1064, 228, -0.856407880783081
3, 1078, 228, -0.8562570214271545
4, 997, 231, -0.8652356863021851
5, 977, 231, -0.8654252290725708
6, 959, 232, -0.8657839298248291
7, 1100, 244, -0.5369160175323486
8, 924, 250, -0.5710513591766357
9, 1057, 325, -0.7764812707901001
10, 991, 328, -0.7869085669517517
11, 1244, 493, -0.30692869424819946
12, 779, 501, -0.35467594861984253
13, 1487, 798, -0.5223010182380676
14, 643, 887, -0.5932074189186096
15, 1243, 762, -1.081836223602295
16, 839, 806, -1.1798150539398193
17, 1165, 786, -1.206455111503601
18, 900, 808, -1.3047287464141846
19, 1137, 739, -1.2004815340042114
20, 910, 766, -1.3050121068954468
21, 1162, 728, -1.0901548862457275
22, 901, 751, -1.1877036094665527
23, 1155, 1100, -0.009460239671170712
24, 870, 1112, 0.011026130989193916
25, 1161, 1640, 0.09241779148578644
26, 848, 1634, 0.05221415311098099
27, 1152, 2082, 0.5015830397605896
28, 858, 2074, 0.3684244751930237
29, 1154, 2142, 0.5200640559196472
30, 851, 2134, 0.3878031075000763
31, 1121, 2233, 0.1602885127067566
32, 911, 2225, -0.007155593018978834
0, 1029, 281, -0.8997836709022522
1, 1052, 229, -0.8570703268051147
2, 1065, 228, -0.857221245765686
3, 1080, 228, -0.8570817112922668
4, 998, 230, -0.8665148615837097
5, 978, 230, -0.8667235970497131
6, 959, 231, -0.8670758008956909
7, 1101, 244, -0.5350255370140076
8, 924, 250, -0.5714198350906372
9, 1058, 325, -0.7766339778900146
10, 991, 328, -0.787655770778656
11, 1245, 495, -0.30128732323646545
12, 779, 501, -0.35310399532318115
13, 1488, 798, -0.5092546343803406
14, 645, 887, -0.5918818712234497
15, 1247, 766, -1.0680681467056274
16, 840, 806, -1.1779582500457764
17, 1171, 789, -1.1907728910446167
18, 900, 808, -1.3015817403793335
19, 1146, 741, -1.185117483139038
20, 911, 767, -1.300285816192627
21, 1170, 731, -1.0761624574661255
22, 901, 752, -1.1848948001861572
23, 1155, 1100, -0.00952515285462141
24, 870, 1112, 0.01109076663851738
25, 1162, 1640, 0.09141258150339127
26, 848, 1634, 0.05210115760564804
27, 1155, 2082, 0.4977327883243561
28, 858, 2074, 0.36649125814437866
29, 1157, 2143, 0.5160111784934998
30, 851, 2135, 0.3849857747554779
31, 1123, 2233, 0.1569874882698059
32, 911, 2225, -0.00866289809346199
0, 1030, 281, -0.9069722294807434
1, 1053, 229, -0.8640600442886353
2, 1066, 228, -0.864203691482544
3, 1081, 228, -0.8640596866607666
4, 999, 230, -0.8731052279472351
5, 978, 230, -0.873317539691925
6, 959, 231, -0.8736588358879089
7, 1102, 245, -0.5408844351768494
8, 924, 250, -0.5757413506507874
9, 1058, 326, -0.7834715247154236
10, 992, 328, -0.7939549684524536
11, 1245, 496, -0.3029947876930237
12, 780, 501, -0.3560345768928528
13, 1489, 799, -0.5148239731788635
14, 646, 887, -0.5979654788970947
15, 1248, 768, -1.0743119716644287
16, 843, 806, -1.1850236654281616
17, 1174, 790, -1.196816325187683
18, 901, 807, -1.3086936473846436
19, 1150, 741, -1.189676284790039
20, 912, 767, -1.305051326751709
21, 1173, 731, -1.0817856788635254
22, 904, 753, -1.190958023071289
23, 1156, 1100, -0.009792826138436794
24, 871, 1112, 0.011334707029163837
25, 1162, 1641, 0.09182558953762054
26, 848, 1634, 0.055111512541770935
27, 1156, 2082, 0.5000308752059937
28, 859, 2074, 0.3678237795829773
29, 1159, 2143, 0.5184323191642761
30, 853, 2135, 0.38658520579338074
31, 1124, 2233, 0.1592516005039215
32, 912, 2225, -0.004653501324355602
0, 1030, 281, -0.9038527607917786
1, 1053, 229, -0.8615436553955078
2, 1066, 228, -0.8616774678230286
3, 1082, 228, -0.8615352511405945
4, 999, 230, -0.8699043393135071
5, 978, 230, -0.8700971603393555
6, 959, 231, -0.8704320788383484
7, 1103, 245, -0.540930449962616
8, 924, 250, -0.5726810693740845
9, 1058, 326, -0.7813650965690613
10, 992, 329, -0.7909164428710938
11, 1246, 497, -0.30328741669654846
12, 780, 501, -0.35392820835113525
13, 1491, 799, -0.5167893171310425
14, 646, 887, -0.5949971675872803
15, 1250, 768, -1.0781034231185913
16, 843, 805, -1.1816108226776123
17, 1177, 789, -1.201298475265503
18, 902, 806, -1.3053193092346191
19, 1153, 740, -1.1931347846984863
20, 915, 766, -1.30087411403656
21, 1175, 731, -1.0851913690567017
22, 907, 753, -1.1871531009674072
23, 1156, 1100, -0.01012042723596096
24, 870, 1112, 0.011654344387352467
25, 1161, 1641, 0.09459538757801056
26, 847, 1634, 0.05714968219399452
27, 1156, 2082, 0.503420889377594
28, 858, 2074, 0.3690227270126343
29, 1158, 2143, 0.5218600630760193
30, 851, 2135, 0.3879850506782532
31, 1123, 2234, 0.16279588639736176
32, 911, 2225, -0.00193173682782799
0, 1030, 281, -0.9001398086547852
1, 1053, 229, -0.8578910827636719
2, 1066, 228, -0.8580271601676941
3, 1082, 228, -0.8578779101371765
4, 999, 230, -0.8662216067314148
5, 978, 230, -0.8664053678512573
6, 959, 230, -0.8667474389076233
7, 1104, 245, -0.5380695462226868
8, 925, 250, -0.569580614566803
9, 1058, 326, -0.7780331969261169
10, 992, 329, -0.7875432372093201
11, 1247, 497, -0.3013390004634857
12, 780, 501, -0.3531772792339325
13, 1492, 800, -0.5175623893737793
14, 646, 887, -0.5980355143547058
15, 1252, 767, -1.0829726457595825
16, 843, 803, -1.1865178346633911
17, 1179, 787, -1.2067210674285889
18, 903, 804, -1.3106811046600342
19, 1156, 739, -1.1975197792053223
20, 919, 764, -1.305623173713684
21, 1176, 730, -1.089915156364441
22, 911, 751, -1.191857933998108
23, 1160, 1127, -0.010157586075365543
24, 870, 1113, 0.01169806532561779
25, 1160, 1641, 0.0931498184800148
26, 846, 1634, 0.05174516513943672
27, 1155, 2082, 0.5027776956558228
28, 855, 2074, 0.3590249717235565
29, 1157, 2143, 0.521460771560669
30, 848, 2134, 0.3777574896812439
31, 1121, 2234, 0.16014066338539124
32, 910, 2225, -0.013458012603223324
0, 1030, 281, -0.897978663444519
1, 1053, 229, -0.8554484248161316
2, 1066, 228, -0.8555864691734314
3, 1082, 228, -0.8554285764694214
4, 999, 230, -0.8638265132904053
5, 978, 229, -0.8640032410621643
6, 959, 230, -0.8643494248390198
7, 1104, 245, -0.5358699560165405
8, 925, 250, -0.5673993229866028
9, 1058, 326, -0.7756604552268982
10, 992, 329, -0.785230815410614
11, 1248, 498, -0.30006143450737
12, 780, 501, -0.3514808118343353
13, 1492, 800, -0.5129143595695496
14, 646, 887, -0.5949541926383972
15, 1251, 767, -1.0770204067230225
16, 837, 803, -1.1781913042068481
17, 1178, 786, -1.2000142335891724
18, 898, 804, -1.3014878034591675
19, 1154, 737, -1.1908650398254395
20, 913, 763, -1.2972439527511597
21, 1175, 728, -1.083666205406189
22, 905, 752, -1.1837821006774902
23, 1163, 1137, -0.010165300220251083
24, 870, 1112, 0.011701290495693684
25, 1160, 1641, 0.0930480882525444
26, 845, 1634, 0.04746895655989647
27, 1155, 2083, 0.5014320015907288
28, 853, 2074, 0.34917303919792175
29, 1157, 2143, 0.5193024277687073
30, 846, 2134, 0.3673327565193176
31, 1120, 2234, 0.15998731553554535
32, 908, 2225, -0.020414162427186966
0, 1030, 281, -0.8967805504798889
1, 1053, 229, -0.8539206981658936
2, 1066, 228, -0.8540613055229187
3, 1082, 228, -0.8539016842842102
4, 999, 230, -0.8623010516166687
5, 978, 229, -0.8624746203422546
6, 959, 230, -0.8628233075141907
7, 1105, 245, -0.5344961881637573
8, 925, 250, -0.5660401582717896
9, 1058, 326, -0.7743867039680481
10, 992, 329, -0.783972978591919
11, 1249, 499, -0.2996472716331482
12, 781, 501, -0.3502931594848633
13, 1492, 802, -0.5096902251243591
14, 646, 887, -0.5918933749198914
15, 1251, 767, -1.0731101036071777
16, 835, 803, -1.1759346723556519
17, 1177, 787, -1.1956064701080322
18, 896, 804, -1.2985312938690186
19, 1153, 736, -1.1859099864959717
20, 912, 762, -1.2955747842788696
21, 1174, 727, -1.0794527530670166
22, 903, 751, -1.1820858716964722
23, 1165, 1142, -0.010114673525094986
24, 870, 1113, 0.011641381308436394
25, 1160, 1642, 0.09416885673999786
26, 845, 1634, 0.04750930517911911
27, 1155, 2083, 0.5001269578933716
28, 852, 2074, 0.34958615899086
29, 1157, 2143, 0.5180069208145142
30, 845, 2134, 0.3677891492843628
31, 1120, 2234, 0.16011683642864227
32, 906, 2225, -0.01930912584066391
0, 1029, 281, -0.8821479678153992
1, 1053, 229, -0.8396772146224976
2, 1066, 228, -0.8398139476776123
3, 1082, 228, -0.839625358581543
4, 998, 229, -0.8482022881507874
5, 978, 229, -0.8483588099479675
6, 959, 230, -0.8487148880958557
7, 1105, 245, -0.5209372043609619
8, 925, 250, -0.5532309412956238
9, 1058, 326, -0.7603495717048645
10, 992, 329, -0.7701817750930786
11, 1250, 500, -0.2877030372619629
12, 781, 501, -0.34339073300361633
13, 1491, 802, -0.5086554884910583
14, 647, 888, -0.5911039710044861
15, 1248, 765, -1.0677361488342285
16, 834, 803, -1.1744859218597412
17, 1169, 785, -1.1908291578292847
18, 894, 804, -1.297566533088684
19, 1138, 736, -1.1809428930282593
20, 912, 762, -1.2955329418182373
21, 1164, 726, -1.0741850137710571
22, 903, 751, -1.1811109781265259
23, 1165, 1127, -0.009528543800115585
24, 871, 1113, 0.011069227941334248
25, 1160, 1642, 0.09369977563619614
26, 845, 1634, 0.04215819388628006
27, 1154, 2083, 0.4963740110397339
28, 851, 2074, 0.3430883586406708
29, 1156, 2143, 0.5135478973388672
30, 844, 2135, 0.3611372411251068
31, 1118, 2234, 0.15397943556308746
32, 905, 2225, -0.029930440708994865
0, 1029, 281, -0.8765863180160522
1, 1053, 228, -0.8339621424674988
2, 1066, 228, -0.8340982794761658
3, 1082, 227, -0.8338934779167175
4, 998, 229, -0.8424588441848755
5, 978, 229, -0.842599093914032
6, 959, 230, -0.8429617285728455
7, 1105, 245, -0.5150750279426575
8, 925, 250, -0.5469970107078552
9, 1058, 326, -0.7550727725028992
10, 992, 329, -0.764826238155365
11, 1251, 501, -0.28440919518470764
12, 781, 501, -0.3419605791568756
13, 1491, 802, -0.511326789855957
14, 648, 888, -0.5929911136627197
15, 1247, 762, -1.0833642482757568
16, 834, 803, -1.1867884397506714
17, 1164, 783, -1.2088555097579956
18, 894, 804, -1.3116017580032349
19, 1130, 735, -1.19658362865448
20, 913, 762, -1.3087931871414185
21, 1157, 724, -1.0894474983215332
22, 903, 752, -1.193515419960022
23, 1164, 1120, -0.009268959052860737
24, 871, 1113, 0.010830075480043888
25, 1160, 1642, 0.09337539970874786
26, 844, 1634, 0.03592897579073906
27, 1153, 2084, 0.4953268766403198
28, 850, 2075, 0.3386175334453583
29, 1155, 2144, 0.5121879577636719
30, 843, 2136, 0.35698309540748596
31, 1117, 2235, 0.150551900267601
32, 905, 2225, -0.03785040229558945
0, 1029, 280, -0.8670979738235474
1, 1053, 228, -0.8245903253555298
2, 1066, 227, -0.8247280120849609
3, 1082, 227, -0.8245246410369873
4, 998, 229, -0.8321560025215149
5, 978, 228, -0.8322855234146118
6, 959, 229, -0.8326520323753357
7, 1105, 245, -0.5081204175949097
8, 925, 250, -0.5355212092399597
9, 1058, 326, -0.7468255162239075
10, 992, 329, -0.7552566528320312
11, 1253, 503, -0.280982106924057
12, 783, 501, -0.33490487933158875
13, 1491, 803, -0.5115980505943298
14, 648, 887, -0.5915301442146301
15, 1246, 762, -1.0828590393066406
16, 834, 803, -1.1869139671325684
17, 1161, 783, -1.2083896398544312
18, 895, 804, -1.312269926071167
19, 1127, 735, -1.1961078643798828
20, 918, 762, -1.3083288669586182
21, 1155, 725, -1.0889383554458618
22, 906, 751, -1.1933510303497314
23, 1167, 1137, -0.00920023676007986
24, 871, 1114, 0.010774144902825356
25, 1160, 1643, 0.09311532974243164
26, 844, 1634, 0.03347080945968628
27, 1153, 2085, 0.4939541816711426
28, 849, 2076, 0.3366490304470062
29, 1155, 2145, 0.5106461048126221
30, 841, 2136, 0.3551381230354309
31, 1116, 2235, 0.1486656218767166
32, 904, 2226, -0.03928796947002411
0, 1029, 280, -0.8681657910346985
1, 1053, 227, -0.8258340954780579
2, 1066, 227, -0.8259677886962891
3, 1082, 226, -0.8257774710655212
4, 997, 228, -0.8335810303688049
5, 977, 228, -0.833722710609436
6, 959, 229, -0.834087073802948
7, 1105, 245, -0.5093197226524353
8, 925, 250, -0.5376018285751343
9, 1059, 325, -0.747734785079956
10, 992, 328, -0.7563791275024414
11, 1253, 504, -0.2803395688533783
12, 783, 501, -0.3357273042201996
13, 1492, 803, -0.5102060437202454
14, 649, 887, -0.5916082859039307
15, 1251, 762, -1.07915198802948
16, 834, 803, -1.185177206993103
17, 1167, 783, -1.2040191888809204
18, 897, 804, -1.309670329093933
19, 1135, 736, -1.1927722692489624
20, 920, 763, -1.3041132688522339
21, 1162, 725, -1.0856200456619263
22, 907, 752, -1.1905399560928345
23, 1165, 1130, -0.00886567123234272
24, 871, 1115, 0.010441038757562637
25, 1159, 1644, 0.09326613694429398
26, 843, 1635, 0.035541292279958725
27, 1151, 2086, 0.495290070772171
28, 846, 2076, 0.3416949510574341
29, 1154, 2146, 0.512511134147644
30, 838, 2136, 0.36028891801834106
31, 1114, 2236, 0.15182213485240936
32, 900, 2226, -0.032583266496658325
0, 1029, 279, -0.8683205842971802
1, 1052, 227, -0.8262311816215515
2, 1066, 227, -0.8263574242591858
3, 1082, 226, -0.8261726498603821
4, 997, 228, -0.8341892957687378
5, 977, 228, -0.8343400955200195
6, 959, 229, -0.8346976637840271
7, 1105, 245, -0.5100525617599487
8, 925, 250, -0.5387756824493408
9, 1059, 325, -0.7480204105377197
10, 992, 328, -0.7569628357887268
11, 1254, 505, -0.2806345224380493
12, 783, 501, -0.3357354700565338
13, 1492, 805, -0.5048509240150452
14, 649, 887, -0.5832954049110413
15, 1252, 762, -1.0751358270645142
16, 826, 808, -1.1736000776290894
17, 1171, 783, -1.2003368139266968
18, 893, 805, -1.297115445137024
19, 1139, 737, -1.1907685995101929
20, 911, 766, -1.2957956790924072
21, 1164, 726, -1.0821036100387573
22, 900, 756, -1.1807043552398682
23, 1164, 1126, -0.00867852009832859
24, 871, 1119, 0.010240140371024609
25, 1159, 1645, 0.10421865433454514
26, 842, 1635, 0.046776656061410904
27, 1151, 2086, 0.5160022974014282
28, 845, 2076, 0.362945556640625
29, 1154, 2146, 0.5350357294082642
30, 837, 2137, 0.3826461136341095
31, 1114, 2236, 0.17873480916023254
32, 898, 2226, -0.006843297742307186
0, 1029, 279, -0.878081738948822
1, 1053, 227, -0.8360903263092041
2, 1066, 226, -0.8362231850624084
3, 1082, 226, -0.8360591530799866
4, 998, 228, -0.8460407257080078
5, 977, 228, -0.8462206721305847
6, 959, 229, -0.8465628027915955
7, 1105, 245, -0.5144440531730652
8, 925, 249, -0.5531984567642212
9, 1059, 325, -0.7549015879631042
10, 992, 328, -0.7665622234344482
11, 1254, 506, -0.2807002067565918
12, 783, 501, -0.3359752893447876
13, 1491, 810, -0.49551764130592346
14, 649, 887, -0.5697333216667175
15, 1244, 762, -1.0668519735336304
16, 806, 819, -1.1617417335510254
17, 1162, 784, -1.1924763917922974
18, 881, 809, -1.2850266695022583
19, 1123, 737, -1.184704303741455
20, 896, 770, -1.2885428667068481
21, 1146, 726, -1.0736110210418701
22, 885, 761, -1.1708705425262451
23, 1162, 1121, -0.007494536694139242
24, 871, 1122, 0.009006757289171219
25, 1159, 1645, 0.10661143809556961
26, 842, 1635, 0.044380925595760345
27, 1151, 2086, 0.5155337452888489
28, 844, 2076, 0.36267584562301636
29, 1153, 2146, 0.5341618657112122
30, 836, 2137, 0.38211730122566223
31, 1113, 2237, 0.17669299244880676
32, 896, 2226, -0.007714565377682447
0, 1029, 279, -0.853072464466095
1, 1053, 227, -0.8119500279426575
2, 1066, 226, -0.8120798468589783
3, 1082, 226, -0.811921238899231
4, 998, 228, -0.8215776085853577
5, 977, 228, -0.8217567801475525
6, 959, 229, -0.8221111297607422
7, 1105, 245, -0.498708575963974
8, 925, 249, -0.5366363525390625
9, 1059, 325, -0.7333439588546753
10, 992, 328, -0.7446082830429077
11, 1254, 506, -0.26986247301101685
12, 782, 501, -0.32694709300994873
13, 1489, 810, -0.47409486770629883
14, 649, 887, -0.5518131256103516
15, 1243, 764, -1.038304090499878
16, 808, 824, -1.1291919946670532
17, 1163, 786, -1.1617799997329712
18, 881, 813, -1.2500821352005005
19, 1129, 738, -1.1550430059432983
20, 895, 773, -1.2523103952407837
21, 1151, 727, -1.0461151599884033
22, 885, 764, -1.1374675035476685
23, 1160, 1121, -0.007317512296140194
24, 871, 1128, 0.008840980008244514
25, 1160, 1646, 0.10547371953725815
26, 842, 1637, 0.044447384774684906
27, 1151, 2087, 0.5092912316322327
28, 844, 2077, 0.35940417647361755
29, 1153, 2147, 0.5280337929725647
30, 836, 2139, 0.37831947207450867
31, 1114, 2238, 0.17431743443012238
32, 896, 2227, -0.009270713664591312
0, 1029, 279, -0.8538677096366882
1, 1053, 227, -0.8157126903533936
2, 1066, 227, -0.8158513903617859
3, 1082, 226, -0.815731406211853
4, 998, 228, -0.8241052031517029
5, 977, 228, -0.8242660760879517
6, 959, 229, -0.8246263861656189
7, 1105, 245, -0.5060235261917114
8, 925, 249, -0.5382811427116394
9, 1059, 326, -0.7347279191017151
10, 992, 329, -0.7451521158218384
11, 1254, 506, -0.2743903398513794
12, 782, 501, -0.327736496925354
13, 1488, 812, -0.4768049120903015
14, 649, 886, -0.5563511252403259
15, 1243, 770, -1.0398736000061035
16, 817, 823, -1.1351975202560425
17, 1169, 794, -1.163177490234375
18, 883, 815, -1.2573210000991821
19, 1146, 745, -1.1570130586624146
20, 902, 773, -1.257982611656189
21, 1164, 735, -1.0479313135147095
22, 894, 764, -1.1429600715637207
23, 1160, 1121, -0.0088757099583745
24, 871, 1131, 0.010419856756925583
25, 1160, 1649, 0.10596705228090286
26, 841, 1640, 0.0711362436413765
27, 1151, 2090, 0.5188673734664917
28, 844, 2080, 0.39364898204803467
29, 1153, 2150, 0.5385503768920898
30, 836, 2140, 0.4141426682472229
31, 1113, 2241, 0.18410803377628326
32, 896, 2231, 0.030001239851117134
0, 1028, 280, -0.8676987290382385
1, 1052, 227, -0.8290777802467346
2, 1066, 227, -0.8291980028152466
3, 1082, 226, -0.829045295715332
4, 997, 228, -0.8370915651321411
5, 977, 228, -0.8372580409049988
6, 958, 229, -0.8376545310020447
7, 1105, 245, -0.5139314532279968
8, 925, 250, -0.5442585349082947
9, 1059, 326, -0.7456664443016052
10, 992, 329, -0.7552144527435303
11, 1254, 507, -0.2750573456287384
12, 782, 501, -0.33784523606300354
13, 1485, 818, -0.4781840443611145
14, 650, 886, -0.5805628299713135
15, 1262, 775, -1.0711703300476074
16, 818, 823, -1.1879448890686035
17, 1207, 802, -1.197898030281067
18, 883, 820, -1.3142437934875488
19, 1186, 755, -1.1945313215255737
20, 902, 776, -1.3150967359542847
21, 1196, 746, -1.0820022821426392
22, 894, 765, -1.1966558694839478
23, 1159, 1124, -0.008971111848950386
24, 871, 1136, 0.010554971173405647
25, 1160, 1662, 0.12014400213956833
26, 840, 1653, 0.09304317086935043
27, 1151, 2101, 0.5734809041023254
28, 841, 2090, 0.4530068635940552
29, 1153, 2162, 0.5970020890235901
30, 834, 2152, 0.4770982563495636
31, 1112, 2252, 0.23862430453300476
32, 893, 2243, 0.08808277547359467
0, 1029, 280, -0.8679609894752502
1, 1053, 227, -0.8296158313751221
2, 1066, 227, -0.8297461867332458
3, 1082, 226, -0.8296048045158386
4, 997, 228, -0.8377730846405029
5, 977, 228, -0.8379501104354858
6, 959, 229, -0.8383662700653076
7, 1105, 245, -0.5149459838867188
8, 925, 249, -0.5456820130348206
9, 1059, 326, -0.7458295822143555
10, 992, 329, -0.7554464340209961
11, 1254, 507, -0.27538883686065674
12, 782, 500, -0.34072285890579224
13, 1484, 818, -0.4588022828102112
14, 651, 886, -0.5810772776603699
15, 1283, 789, -1.0258829593658447
16, 829, 822, -1.1842654943466187
17, 1228, 818, -1.148727297782898
18, 897, 824, -1.3101598024368286
19, 1212, 776, -1.1527611017227173
20, 918, 781, -1.3092960119247437
21, 1221, 765, -1.0391490459442139
22, 907, 767, -1.19222891330719
23, 1169, 1158, -0.00920085422694683
24, 871, 1143, 0.010796373710036278
25, 1162, 1666, 0.12228289246559143
26, 840, 1659, 0.09937670081853867
27, 1151, 2107, 0.5685674548149109
28, 841, 2095, 0.45297083258628845
29, 1153, 2169, 0.591247022151947
30, 834, 2157, 0.4767758250236511
31, 1112, 2258, 0.2350967675447464
32, 893, 2249, 0.09179364144802094
0, 1028, 280, -0.8665459752082825
1, 1052, 227, -0.8262262940406799
2, 1066, 226, -0.8263648152351379
3, 1082, 226, -0.8262044191360474
4, 997, 228, -0.8348409533500671
5, 977, 227, -0.8350232243537903
6, 959, 228, -0.8354604244232178
7, 1105, 245, -0.5094389319419861
8, 925, 249, -0.5412042140960693
9, 1059, 325, -0.744473397731781
10, 992, 328, -0.7543402314186096
11, 1254, 507, -0.27517271041870117
12, 782, 501, -0.34344205260276794
13, 1481, 821, -0.4608156979084015
14, 651, 887, -0.6013197302818298
15, 1278, 804, -1.0027674436569214
16, 859, 824, -1.1812697649002075
17, 1222, 850, -1.1217842102050781
18, 930, 860, -1.3085955381393433
19, 1208, 805, -1.1164425611495972
20, 987, 816, -1.2968165874481201
21, 1213, 787, -1.0112347602844238
22, 964, 798, -1.1906620264053345
23, 1181, 1176, -0.009177777916193008
24, 871, 1150, 0.010780301876366138
25, 1165, 1679, 0.12591710686683655
26, 840, 1673, 0.13591620326042175
27, 1151, 2124, 0.5703830122947693
28, 841, 2111, 0.5248920321464539
29, 1153, 2188, 0.5928324460983276
30, 834, 2173, 0.5533173084259033
31, 1112, 2280, 0.22958095371723175
32, 897, 2272, 0.16187766194343567
0, 1028, 276, -0.8172832727432251
1, 1053, 224, -0.7738010287284851
2, 1066, 224, -0.7739632725715637
3, 1082, 223, -0.7738168239593506
4, 997, 224, -0.7806379199028015
5, 977, 224, -0.7807019948959351
6, 959, 225, -0.7811399102210999
7, 1105, 243, -0.4667038321495056
8, 925, 246, -0.48879531025886536
9, 1059, 323, -0.7005221247673035
10, 992, 324, -0.7080078125
11, 1254, 504, -0.27190640568733215
12, 782, 501, -0.2978197932243347
13, 1482, 834, -0.4162636399269104
14, 651, 893, -0.5312705636024475
15, 1186, 849, -0.7980032563209534
16, 947, 824, -0.9950788021087646
17, 1086, 942, -0.8934765458106995
18, 1047, 880, -1.0941287279129028
19, 1026, 915, -0.8704522848129272
20, 1095, 835, -1.0702378749847412
21, 1054, 871, -0.7920256853103638
22, 1070, 813, -0.9888315796852112
23, 1181, 1168, -0.012169665656983852
24, 875, 1151, 0.013827373273670673
25, 1169, 1695, 0.06775316596031189
26, 840, 1687, 0.12216535210609436
27, 1151, 2144, 0.48083674907684326
28, 842, 2130, 0.47153112292289734
29, 1153, 2209, 0.49966782331466675
30, 834, 2192, 0.49576690793037415
31, 1113, 2304, 0.134745255112648
32, 898, 2298, 0.10703586786985397
0, 1028, 274, -0.7519003748893738
1, 1053, 222, -0.7095743417739868
2, 1066, 222, -0.7097855806350708
3, 1082, 221, -0.7096308469772339
4, 997, 223, -0.7181828022003174
5, 977, 223, -0.718309760093689
6, 959, 224, -0.7187696099281311
7, 1106, 242, -0.4136240780353546
8, 925, 246, -0.44341230392456055
9, 1059, 322, -0.6379522681236267
10, 992, 323, -0.6474853157997131
11, 1255, 504, -0.2202850878238678
12, 782, 503, -0.25900667905807495
13, 1482, 837, -0.3254253566265106
14, 651, 900, -0.4180096685886383
15, 1201, 909, -0.7253862619400024
16, 958, 859, -0.8284374475479126
17, 1111, 993, -0.8223799467086792
18, 1043, 946, -0.9213215112686157
19, 1062, 959, -0.8159801959991455
20, 1089, 891, -0.9079303741455078
21, 1090, 915, -0.7283069491386414
22, 1073, 866, -0.824391782283783
23, 1194, 1189, -0.01455044187605381
24, 875, 1190, 0.01618044823408127
25, 1181, 1698, 0.0276914294809103
26, 854, 1695, 0.09947292506694794
27, 1160, 2151, 0.42547598481178284
28, 858, 2147, 0.3612717390060425
29, 1162, 2216, 0.44497454166412354
30, 852, 2213, 0.3771570026874542
31, 1125, 2311, 0.10557950288057327
32, 904, 2308, 0.02162831835448742
0, 1028, 272, -0.7244735956192017
1, 1053, 221, -0.6822420358657837
2, 1067, 220, -0.6824136972427368
3, 1083, 220, -0.6822995543479919
4, 997, 222, -0.6912946105003357
5, 977, 222, -0.6915469765663147
6, 959, 222, -0.6919594407081604
7, 1107, 242, -0.39522799849510193
8, 925, 245, -0.43053916096687317
9, 1060, 322, -0.6134769916534424
10, 992, 322, -0.6242724657058716
11, 1257, 508, -0.19930730760097504
12, 779, 504, -0.24977605044841766
13, 1477, 849, -0.26920607686042786
14, 651, 901, -0.3746929466724396
15, 1233, 961, -0.6540642976760864
16, 949, 923, -0.7564878463745117
17, 1142, 1023, -0.7442100644111633
18, 1035, 992, -0.844328761100769
19, 1111, 982, -0.7534787058830261
20, 1088, 944, -0.835439145565033
21, 1141, 947, -0.6622022986412048
22, 1074, 919, -0.7534133195877075
23, 1194, 1192, -0.013207484968006611
24, 879, 1201, 0.014630336314439774
25, 1185, 1685, -0.11858533322811127
26, 869, 1687, -0.043250225484371185
27, 1175, 2148, 0.26652318239212036
28, 889, 2141, 0.1738804280757904
29, 1176, 2214, 0.2868124544620514
30, 891, 2205, 0.18321098387241364
31, 1148, 2306, -0.016384562477469444
32, 926, 2301, -0.1381879597902298
0, 1028, 268, -0.7670237421989441
1, 1053, 219, -0.7254571914672852
2, 1067, 219, -0.7256199717521667
3, 1083, 219, -0.7254706025123596
4, 997, 220, -0.7341482043266296
5, 977, 220, -0.7343565225601196
6, 958, 221, -0.7347594499588013
7, 1108, 242, -0.4246678650379181
8, 925, 244, -0.45868822932243347
9, 1060, 320, -0.651359498500824
10, 991, 320, -0.662330687046051
11, 1259, 515, -0.2140243649482727
12, 775, 506, -0.2658446133136749
13, 1465, 856, -0.2783869206905365
14, 651, 900, -0.34525713324546814
15, 1281, 1016, -0.6601408123970032
16, 934, 978, -0.7138786911964417
17, 1216, 1093, -0.7609093189239502
18, 1014, 1039, -0.8083369731903076
19, 1173, 1043, -0.7837721109390259
20, 1065, 1004, -0.818813145160675
21, 1189, 1014, -0.6750410199165344
22, 1048, 982, -0.7202433943748474
23, 1193, 1189, -0.013982732780277729
24, 880, 1196, 0.015257091261446476
25, 1185, 1621, -0.34473106265068054
26, 866, 1628, -0.2452092319726944
27, 1174, 2109, 0.018654828891158104
28, 889, 2128, -0.04435865581035614
29, 1175, 2177, 0.037180230021476746
30, 894, 2201, -0.03835485130548477
31, 1146, 2278, -0.28593069314956665
32, 925, 2289, -0.37837040424346924
0, 1029, 268, -0.8338882327079773
1, 1053, 218, -0.7853947877883911
2, 1067, 218, -0.7855304479598999
3, 1084, 218, -0.7856932282447815
4, 997, 219, -0.7919143438339233
5, 977, 220, -0.7922223210334778
6, 958, 220, -0.7924864888191223
7, 1108, 242, -0.47547784447669983
8, 924, 244, -0.5034220218658447
9, 1060, 320, -0.7127057909965515
10, 991, 320, -0.720576822757721
11, 1259, 515, -0.2325168251991272
12, 774, 508, -0.27205806970596313
13, 1456, 853, -0.24836616218090057
14, 655, 890, -0.2823953926563263
15, 1300, 1047, -0.5965403318405151
16, 878, 1032, -0.5474637150764465
17, 1251, 1172, -0.6987125277519226
18, 976, 1130, -0.6328285336494446
19, 1202, 1096, -0.73078852891922
20, 1025, 1071, -0.6633586287498474
21, 1208, 1058, -0.6157577633857727
22, 981, 1036, -0.5610274076461792
23, 1188, 1186, -0.010867750272154808
24, 880, 1119, 0.012053570710122585
25, 1224, 1473, -0.42582252621650696
26, 861, 1427, -0.4805685877799988
27, 1182, 1972, -0.07104682177305222
28, 912, 2008, -0.2026468962430954
29, 1174, 2038, -0.05054886266589165
30, 923, 2084, -0.18792995810508728
31, 1166, 2146, -0.344612717628479
32, 947, 2202, -0.4908141791820526
0, 1029, 267, -0.8738616704940796
1, 1054, 217, -0.8304044008255005
2, 1067, 217, -0.8305730223655701
3, 1084, 218, -0.830836296081543
4, 998, 219, -0.8366843461990356
5, 977, 219, -0.8370410799980164
6, 959, 220, -0.8373041749000549
7, 1108, 241, -0.5301495790481567
8, 924, 244, -0.5587669014930725
9, 1060, 320, -0.7552434206008911
10, 991, 319, -0.7632080316543579
11, 1259, 515, -0.3007499873638153
12, 773, 508, -0.2965165376663208
13, 1435, 851, -0.2681172788143158
14, 655, 872, -0.2952060103416443
15, 1335, 1057, -0.5890008211135864
16, 806, 1037, -0.5940636396408081
17, 1333, 1162, -0.6848212480545044
18, 832, 1156, -0.6795052289962769
19, 1264, 1125, -0.7359557747840881
20, 881, 1086, -0.7212069630622864
21, 1258, 1082, -0.6147867441177368
22, 878, 1050, -0.613644003868103
23, 1176, 1130, -0.01169040147215128
24, 878, 1089, 0.012811399064958096
25, 1218, 1415, -0.5685616731643677
26, 849, 1372, -0.6315906643867493
27, 1170, 1921, -0.21264956891536713
28, 908, 1967, -0.3606588542461395
29, 1152, 1983, -0.1915166676044464
30, 911, 2043, -0.34741225838661194
31, 1154, 2101, -0.4976172149181366
32, 918, 2165, -0.6872583031654358
0, 1029, 264, -0.8728619813919067
1, 1054, 215, -0.8330771923065186
2, 1067, 216, -0.8332622647285461
3, 1084, 216, -0.8333743810653687
4, 998, 217, -0.8399540781974792
5, 977, 218, -0.8402345776557922
6, 959, 219, -0.8406493663787842
7, 1108, 241, -0.5400105118751526
8, 924, 243, -0.5691849589347839
9, 1060, 318, -0.7578705549240112
10, 991, 318, -0.7663847804069519
11, 1259, 516, -0.3178307116031647
12, 773, 507, -0.3275030553340912
13, 1418, 853, -0.2370351105928421
14, 654, 860, -0.27871277928352356
15, 1333, 1095, -0.5166102051734924
16, 774, 1061, -0.5779581069946289
17, 1341, 1211, -0.6001676321029663
18, 789, 1184, -0.662060022354126
19, 1274, 1183, -0.661259651184082
20, 835, 1122, -0.7171830534934998
21, 1266, 1126, -0.5462458729743958
22, 836, 1077, -0.6035014390945435
23, 1167, 1133, -0.018008269369602203
24, 875, 1102, 0.019091246649622917
25, 1169, 1580, -0.07319160550832748
26, 845, 1526, -0.04857391119003296
27, 1157, 2039, 0.362347811460495
28, 872, 2013, 0.2704026401042938
29, 1149, 2103, 0.38545453548431396
30, 874, 2092, 0.2896074056625366
31, 1130, 2196, 0.058872900903224945
32, 890, 2176, -0.060810524970293045
0, 1029, 258, -0.8562687635421753
1, 1054, 210, -0.8311595320701599
2, 1067, 211, -0.8313847184181213
3, 1084, 212, -0.8311673402786255
4, 998, 212, -0.8345644474029541
5, 977, 214, -0.8349493145942688
6, 959, 215, -0.8352830410003662
7, 1108, 239, -0.5305705666542053
8, 924, 241, -0.5639604926109314
9, 1060, 315, -0.7548798322677612
10, 990, 314, -0.7601991891860962
11, 1260, 518, -0.3182057738304138
12, 771, 508, -0.3499409854412079
13, 1406, 867, -0.187798872590065
14, 657, 860, -0.23509521782398224
15, 1327, 1103, -0.3908301293849945
16, 766, 1066, -0.41745853424072266
17, 1323, 1210, -0.455656498670578
18, 785, 1185, -0.48045605421066284
19, 1265, 1204, -0.5101682543754578
20, 820, 1140, -0.528349757194519
21, 1258, 1162, -0.41692420840263367
22, 830, 1076, -0.43815988302230835
23, 1176, 1193, -0.01911625638604164
24, 872, 1188, 0.02022438868880272
25, 1170, 1700, 0.10551650822162628
26, 846, 1687, 0.1272168755531311
27, 1163, 2146, 0.6038253903388977
28, 863, 2136, 0.5202075242996216
29, 1161, 2211, 0.6364564895629883
30, 863, 2208, 0.5504867434501648
31, 1130, 2311, 0.31664973497390747
32, 889, 2290, 0.2006591111421585
0, 1027, 255, -0.8627668619155884
1, 1053, 209, -0.8299102783203125
2, 1067, 209, -0.8301177620887756
3, 1083, 210, -0.8301342129707336
4, 996, 211, -0.8370969295501709
5, 975, 213, -0.8372754454612732
6, 957, 214, -0.8377258777618408
7, 1108, 238, -0.5378977656364441
8, 924, 241, -0.5707036852836609
9, 1060, 312, -0.7536110281944275
10, 988, 312, -0.7620874643325806
11, 1262, 523, -0.3118267357349396
12, 771, 509, -0.36771199107170105
13, 1380, 882, -0.17540767788887024
14, 660, 861, -0.2674115002155304
15, 1337, 1145, -0.3978555500507355
16, 767, 1070, -0.4855773150920868
17, 1337, 1242, -0.46639183163642883
18, 785, 1182, -0.5602027177810669
19, 1298, 1251, -0.5282900929450989
20, 818, 1141, -0.6138504147529602
21, 1282, 1212, -0.42944133281707764
22, 826, 1082, -0.510667622089386
23, 1178, 1218, -0.018848272040486336
24, 862, 1216, 0.019973525777459145
25, 1171, 1739, 0.11256586015224457
26, 846, 1727, 0.08570080250501633
27, 1166, 2186, 0.6151682734489441
28, 856, 2185, 0.4877678155899048
29, 1166, 2252, 0.6453026533126831
30, 856, 2258, 0.5178259611129761
31, 1129, 2352, 0.29651790857315063
32, 887, 2336, 0.1350145936012268
0, 1026, 250, -0.8150263428688049
1, 1052, 205, -0.7807782888412476
2, 1067, 206, -0.781045138835907
3, 1083, 207, -0.7812164425849915
4, 994, 208, -0.7871723771095276
5, 973, 211, -0.787179708480835
6, 955, 213, -0.7876880764961243
7, 1108, 236, -0.5043362379074097
8, 923, 240, -0.5248504281044006
9, 1059, 306, -0.7081053256988525
10, 986, 307, -0.7142108678817749
11, 1265, 527, -0.2972627580165863
12, 771, 509, -0.3560016453266144
13, 1362, 891, -0.17632099986076355
14, 663, 859, -0.24500852823257446
15, 1354, 1177, -0.4370844066143036
16, 731, 1093, -0.49302831292152405
17, 1371, 1278, -0.5144522190093994
18, 744, 1209, -0.5711480379104614
19, 1338, 1268, -0.577346682548523
20, 779, 1177, -0.6317704319953918
21, 1317, 1229, -0.4711720645427704
22, 781, 1137, -0.523030161857605
23, 1179, 1209, -0.01962401159107685
24, 856, 1221, 0.020897775888442993
25, 1170, 1742, 0.10378608107566833
26, 844, 1735, 0.12582749128341675
27, 1165, 2192, 0.6382869482040405
28, 848, 2193, 0.5544586181640625
29, 1166, 2259, 0.6726592183113098
30, 847, 2265, 0.5876361131668091
31, 1122, 2358, 0.3291206359863281
32, 880, 2345, 0.2097393125295639
0, 1026, 249, -0.8043848872184753
1, 1052, 204, -0.7685360312461853
2, 1067, 205, -0.7687850594520569
3, 1083, 206, -0.7689674496650696
4, 994, 208, -0.7774067521095276
5, 973, 210, -0.7773641347885132
6, 955, 212, -0.7778695821762085
7, 1108, 235, -0.49129679799079895
8, 923, 240, -0.520541250705719
9, 1060, 304, -0.696524441242218
10, 986, 306, -0.7055349946022034
11, 1266, 529, -0.28564879298210144
12, 770, 511, -0.3533328175544739
13, 1345, 903, -0.1633891761302948
14, 672, 864, -0.27632176876068115
15, 1370, 1212, -0.4141552746295929
16, 713, 1137, -0.5285532474517822
17, 1399, 1317, -0.4868498146533966
18, 712, 1245, -0.6059645414352417
19, 1369, 1312, -0.5520896315574646
20, 748, 1220, -0.6705799102783203
21, 1342, 1272, -0.4497924745082855
22, 754, 1183, -0.560178816318512
23, 1179, 1207, -0.01859099604189396
24, 847, 1232, 0.01996568590402603
25, 1166, 1753, 0.13044312596321106
26, 838, 1749, 0.132133349776268
27, 1160, 2206, 0.6567454934120178
28, 832, 2210, 0.5607316493988037
29, 1162, 2274, 0.689925491809845
30, 830, 2285, 0.5938711166381836
31, 1111, 2372, 0.3468083143234253
32, 867, 2361, 0.21369138360023499
0, 1030, 249, -0.8080549240112305
1, 1055, 204, -0.7710906267166138
2, 1069, 205, -0.7712675333023071
3, 1086, 206, -0.7713367342948914
4, 997, 208, -0.7791343331336975
5, 976, 210, -0.7792362570762634
6, 957, 212, -0.7796608209609985
7, 1110, 236, -0.49177777767181396
8, 923, 240, -0.5214150547981262
9, 1061, 304, -0.6999378800392151
10, 987, 306, -0.7088872194290161
11, 1266, 530, -0.2848212420940399
12, 769, 515, -0.34788066148757935
13, 1335, 907, -0.18455171585083008
14, 683, 876, -0.26894620060920715
15, 1367, 1218, -0.4749310314655304
16, 700, 1167, -0.5363659262657166
17, 1395, 1325, -0.5587382912635803
18, 694, 1269, -0.6216267347335815
19, 1365, 1322, -0.6211203336715698
20, 728, 1246, -0.6937706470489502
21, 1339, 1282, -0.5111364722251892
22, 738, 1210, -0.5725955963134766
23, 1179, 1215, -0.018696103245019913
24, 845, 1242, 0.020125359296798706
25, 1167, 1767, 0.11357475072145462
26, 838, 1763, 0.11158665269613266
27, 1160, 2218, 0.6905691623687744
28, 829, 2229, 0.5804136395454407
29, 1162, 2287, 0.728168249130249
30, 826, 2307, 0.6168705821037292
31, 1112, 2388, 0.37098899483680725
32, 864, 2381, 0.21570733189582825
0, 1032, 249, -0.7824059128761292
1, 1056, 204, -0.7432830929756165
2, 1070, 205, -0.7435663938522339
3, 1088, 206, -0.7437767386436462
4, 998, 208, -0.7508658766746521
5, 977, 210, -0.7507599592208862
6, 958, 212, -0.7512518763542175
7, 1112, 236, -0.4514999985694885
8, 923, 240, -0.47469082474708557
9, 1063, 304, -0.6700716018676758
10, 988, 306, -0.6772188544273376
11, 1267, 531, -0.2516261041164398
12, 768, 516, -0.2982734739780426
13, 1332, 916, -0.1510833203792572
14, 691, 882, -0.2175300121307373
15, 1364, 1218, -0.43885400891304016
16, 693, 1176, -0.4933115243911743
17, 1392, 1325, -0.52276211977005
18, 675, 1283, -0.5788497924804688
19, 1364, 1323, -0.5925011038780212
20, 709, 1262, -0.6583766341209412
21, 1338, 1281, -0.4785328805446625
22, 722, 1224, -0.5330056548118591
23, 1179, 1235, -0.020702024921774864
24, 842, 1244, 0.022323904559016228
25, 1168, 1767, 0.10439122468233109
26, 840, 1765, 0.1324189454317093
27, 1162, 2219, 0.6699077486991882
28, 831, 2232, 0.5938990116119385
29, 1166, 2287, 0.7055732607841492
30, 828, 2310, 0.629030168056488
31, 1112, 2388, 0.34018003940582275
32, 867, 2384, 0.2232213020324707
0, 1033, 249, -0.7933187484741211
1, 1057, 205, -0.7542721033096313
2, 1072, 205, -0.7545047402381897
3, 1089, 207, -0.7546586394309998
4, 999, 208, -0.7622677087783813
5, 978, 211, -0.762243390083313
6, 959, 213, -0.7627156972885132
7, 1113, 237, -0.4620314836502075
8, 923, 240, -0.4876505136489868
9, 1064, 305, -0.680570662021637
10, 988, 306, -0.6884774565696716
11, 1268, 532, -0.2566911280155182
12, 768, 517, -0.29493096470832825
13, 1328, 924, -0.17609542608261108
14, 695, 885, -0.2199714034795761
15, 1364, 1239, -0.4712873101234436
16, 675, 1190, -0.5031260848045349
17, 1395, 1345, -0.5565473437309265
18, 661, 1297, -0.5925384163856506
19, 1366, 1346, -0.6221910119056702
20, 691, 1278, -0.6725143194198608
21, 1337, 1306, -0.5092055797576904
22, 707, 1240, -0.5441687703132629
23, 1177, 1244, -0.020662853494286537
24, 840, 1242, 0.022329414263367653
25, 1160, 1775, 0.08809442818164825
26, 840, 1758, -0.00637557590380311
27, 1156, 2232, 0.5905002355575562
28, 826, 2243, 0.44028806686401367
29, 1159, 2304, 0.6221545338630676
30, 821, 2329, 0.4723091423511505
31, 1106, 2402, 0.2882400155067444
32, 859, 2389, 0.03328507021069527
0, 1032, 251, -0.800166130065918
1, 1057, 206, -0.7639811038970947
2, 1072, 207, -0.7642671465873718
3, 1089, 208, -0.7645149230957031
4, 999, 210, -0.7733640670776367
5, 978, 212, -0.7732826471328735
6, 959, 214, -0.7738174200057983
7, 1113, 238, -0.4728510081768036
8, 923, 241, -0.5048372149467468
9, 1064, 306, -0.6855253577232361
10, 988, 308, -0.6950281858444214
11, 1268, 534, -0.2580419182777405
12, 768, 517, -0.32387009263038635
13, 1330, 919, -0.16232925653457642
14, 693, 888, -0.23485152423381805
15, 1368, 1225, -0.4400548040866852
16, 689, 1173, -0.5332987904548645
17, 1400, 1328, -0.5181485414505005
18, 681, 1274, -0.6206657886505127
19, 1374, 1326, -0.589443564414978
20, 713, 1252, -0.6901903748512268
21, 1344, 1287, -0.47981569170951843
22, 724, 1215, -0.5686950087547302
23, 1170, 1239, -0.017197059467434883
24, 832, 1244, 0.018991446122527122
25, 1148, 1779, 0.07680206000804901
26, 831, 1759, -0.000902556290384382
27, 1146, 2236, 0.5760974884033203
28, 817, 2242, 0.42834243178367615
29, 1149, 2307, 0.6056726574897766
30, 812, 2325, 0.45957186818122864
31, 1096, 2405, 0.25677067041397095
32, 850, 2388, 0.03342864662408829
0, 1032, 254, -0.8206825852394104
1, 1057, 208, -0.7859093546867371
2, 1072, 208, -0.7861906886100769
3, 1089, 210, -0.7864382266998291
4, 999, 212, -0.7954435348510742
5, 978, 214, -0.7954481840133667
6, 959, 215, -0.7959888577461243
7, 1114, 238, -0.4956761598587036
8, 923, 242, -0.5304750204086304
9, 1063, 308, -0.7053709030151367
10, 988, 310, -0.715718686580658
11, 1268, 534, -0.26057371497154236
12, 767, 517, -0.3381248414516449
13, 1328, 919, -0.15716858208179474
14, 692, 890, -0.2369678020477295
15, 1384, 1209, -0.42981645464897156
16, 691, 1166, -0.545928955078125
17, 1423, 1307, -0.5054803490638733
18, 688, 1268, -0.6319882273674011
19, 1405, 1302, -0.5801915526390076
20, 720, 1241, -0.6968912482261658
21, 1370, 1266, -0.4704231321811676
22, 730, 1205, -0.5791685581207275
23, 1166, 1244, -0.016195641830563545
24, 831, 1243, 0.018008684739470482
25, 1147, 1776, 0.06807404011487961
26, 829, 1756, -0.0018836980452761054
27, 1144, 2236, 0.5628413558006287
28, 816, 2238, 0.40914541482925415
29, 1147, 2304, 0.59248948097229
30, 811, 2319, 0.4384336769580841
31, 1094, 2405, 0.24344667792320251
32, 850, 2386, 0.030642526224255562
0, 1032, 255, -0.84311443567276
1, 1057, 209, -0.8104652762413025
2, 1072, 209, -0.810703694820404
3, 1089, 210, -0.8109897375106812
4, 999, 213, -0.8212838768959045
5, 978, 215, -0.8214039206504822
6, 958, 216, -0.8219228386878967
7, 1114, 238, -0.5250576138496399
8, 923, 243, -0.5672716498374939
9, 1063, 309, -0.7294057011604309
10, 988, 312, -0.741578221321106
11, 1268, 533, -0.2818809449672699
12, 767, 517, -0.3764403462409973
13, 1328, 917, -0.15400737524032593
14, 691, 892, -0.29418250918388367
15, 1379, 1198, -0.4055977761745453
16, 693, 1179, -0.5465299487113953
17, 1438, 1300, -0.4730922281742096
18, 692, 1278, -0.637969434261322
19, 1422, 1298, -0.5488411784172058
20, 725, 1253, -0.6994311213493347
21, 1386, 1263, -0.4447806775569916
22, 736, 1218, -0.5817959904670715
23, 1167, 1230, -0.01574786938726902
24, 846, 1217, 0.017368024215102196
25, 1148, 1771, 0.07407025992870331
26, 829, 1758, 0.06944318115711212
27, 1145, 2231, 0.5769363641738892
28, 816, 2232, 0.4669603109359741
29, 1148, 2299, 0.6082193851470947
30, 812, 2310, 0.49650853872299194
31, 1094, 2399, 0.2780492901802063
32, 851, 2383, 0.12661828100681305
0, 1031, 256, -0.8662163615226746
1, 1057, 209, -0.8349648714065552
2, 1072, 209, -0.8352141976356506
3, 1089, 210, -0.8354887366294861
4, 998, 213, -0.8434270620346069
5, 977, 216, -0.8435590863227844
6, 958, 217, -0.8440783023834229
7, 1114, 239, -0.5532048940658569
8, 923, 243, -0.5842164158821106
9, 1063, 309, -0.753339946269989
10, 988, 312, -0.7624579668045044
11, 1268, 532, -0.3123800456523895
12, 767, 517, -0.3831566572189331
13, 1331, 915, -0.1647050529718399
14, 690, 891, -0.29907843470573425
15, 1389, 1193, -0.434341162443161
16, 653, 1193, -0.5501740574836731
17, 1468, 1294, -0.506194531917572
18, 639, 1301, -0.6409345865249634
19, 1453, 1292, -0.5778260827064514
20, 671, 1284, -0.7078530192375183
21, 1415, 1258, -0.4713236093521118
22, 689, 1248, -0.5881086587905884
23, 1167, 1229, -0.016906926408410072
24, 857, 1198, 0.01848919503390789
25, 1153, 1775, 0.06754345446825027
26, 835, 1764, 0.06186871603131294
27, 1149, 2242, 0.5690394043922424
28, 821, 2243, 0.4572671055793762
29, 1153, 2312, 0.5996788144111633
30, 816, 2321, 0.4859348237514496
31, 1099, 2409, 0.2618454694747925
32, 855, 2395, 0.10617867857217789
0, 1030, 256, -0.8357791304588318
1, 1056, 209, -0.8069403767585754
2, 1071, 209, -0.8071842789649963
3, 1089, 210, -0.8075367212295532
4, 997, 213, -0.8151969909667969
5, 976, 216, -0.815369725227356
6, 957, 217, -0.8158758878707886
7, 1114, 239, -0.5476616024971008
8, 923, 243, -0.5798517465591431
9, 1063, 309, -0.7278520464897156
10, 987, 312, -0.7366393208503723
11, 1268, 531, -0.3081727921962738
12, 766, 517, -0.37229055166244507
13, 1332, 914, -0.16666056215763092
14, 689, 891, -0.29118406772613525
15, 1391, 1190, -0.42176371812820435
16, 646, 1196, -0.5388754606246948
17, 1447, 1293, -0.4875220060348511
18, 630, 1307, -0.616271436214447
19, 1454, 1287, -0.5619133710861206
20, 662, 1292, -0.690211832523346
21, 1417, 1252, -0.4606338441371918
22, 682, 1257, -0.5760299563407898
23, 1168, 1236, -0.01690586283802986
24, 860, 1188, 0.01848330907523632
25, 1153, 1773, 0.07184196263551712
26, 835, 1761, 0.07780061662197113
27, 1152, 2238, 0.5784395337104797
28, 823, 2238, 0.4762539267539978
29, 1156, 2309, 0.6111938953399658
30, 818, 2315, 0.5056589245796204
31, 1103, 2405, 0.28774693608283997
32, 859, 2390, 0.14357931911945343
0, 1029, 259, -0.8168058395385742
1, 1056, 211, -0.7874495387077332
2, 1071, 211, -0.7876942753791809
3, 1088, 212, -0.788036048412323
4, 997, 215, -0.7958554625511169
5, 975, 217, -0.796004056930542
6, 957, 218, -0.796513020992279
7, 1114, 240, -0.5310986042022705
8, 923, 243, -0.5643020868301392
9, 1062, 312, -0.7096360325813293
10, 986, 314, -0.7185142636299133
11, 1268, 531, -0.2985542118549347
12, 764, 518, -0.36915314197540283
13, 1333, 915, -0.1583912968635559
14, 688, 891, -0.2853337824344635
15, 1394, 1189, -0.40785345435142517
16, 641, 1201, -0.5352301001548767
17, 1474, 1290, -0.4724215567111969
18, 625, 1315, -0.6102389097213745
19, 1465, 1285, -0.5479941964149475
20, 658, 1299, -0.6851228475570679
21, 1426, 1252, -0.4477376639842987
22, 678, 1263, -0.5718850493431091
23, 1168, 1243, -0.016857530921697617
24, 860, 1189, 0.018410827964544296
25, 1153, 1775, 0.0781949833035469
26, 834, 1764, 0.08124028891324997
27, 1152, 2241, 0.5775037407875061
28, 824, 2238, 0.47461575269699097
29, 1156, 2312, 0.6094415187835693
30, 819, 2314, 0.5033538937568665
31, 1104, 2407, 0.28405237197875977
32, 860, 2390, 0.13883237540721893
0, 1028, 259, -0.7729657888412476
1, 1056, 211, -0.7396683096885681
2, 1071, 212, -0.7399429678916931
3, 1088, 213, -0.7402440309524536
4, 996, 215, -0.7476427555084229
5, 975, 216, -0.7477322816848755
6, 956, 218, -0.7482532262802124
7, 1113, 240, -0.4735696613788605
8, 922, 243, -0.5029076337814331
9, 1062, 312, -0.6669214367866516
10, 985, 314, -0.6751067638397217
11, 1267, 531, -0.25693172216415405
12, 762, 519, -0.3302937150001526
13, 1332, 915, -0.13601477444171906
14, 687, 892, -0.2625402510166168
15, 1395, 1186, -0.39069145917892456
16, 637, 1211, -0.5233168005943298
17, 1479, 1287, -0.45676904916763306
18, 619, 1319, -0.6001062989234924
19, 1465, 1283, -0.5325285196304321
20, 654, 1304, -0.6762146353721619
21, 1427, 1251, -0.43143612146377563
22, 674, 1268, -0.5608540177345276
23, 1166, 1244, -0.016680588945746422
24, 860, 1188, 0.018224863335490227
25, 1152, 1774, 0.07933220267295837
26, 832, 1764, 0.07335939258337021
27, 1151, 2242, 0.5701514482498169
28, 824, 2239, 0.4666188657283783
29, 1155, 2314, 0.599204957485199
30, 819, 2315, 0.4913502037525177
31, 1102, 2406, 0.28021690249443054
32, 861, 2390, 0.13157053291797638
0, 1028, 260, -0.7830753326416016
1, 1056, 212, -0.7488280534744263
2, 1071, 212, -0.7490572333335876
3, 1087, 213, -0.7492750287055969
4, 996, 215, -0.7563714385032654
5, 975, 217, -0.7564952373504639
6, 956, 218, -0.7569964528083801
7, 1113, 241, -0.4776076078414917
8, 922, 243, -0.5060169696807861
9, 1062, 312, -0.6749513745307922
10, 985, 314, -0.6829145550727844
11, 1267, 531, -0.2572459876537323
12, 760, 519, -0.33532848954200745
13, 1330, 915, -0.14649233222007751
14, 686, 894, -0.2642580270767212
15, 1394, 1185, -0.40247029066085815
16, 634, 1215, -0.530214786529541
17, 1483, 1285, -0.46835270524024963
18, 613, 1320, -0.6071337461471558
19, 1470, 1285, -0.5440400242805481
20, 646, 1310, -0.6823861002922058
21, 1431, 1253, -0.44303661584854126
22, 667, 1273, -0.567129909992218
23, 1166, 1243, -0.017011871561408043
24, 859, 1183, 0.018553921952843666
25, 1153, 1773, 0.09275735914707184
26, 834, 1764, 0.08738218247890472
27, 1153, 2241, 0.5769006013870239
28, 828, 2242, 0.47964224219322205
29, 1157, 2314, 0.6059857606887817
30, 823, 2321, 0.5069282650947571
31, 1105, 2405, 0.2753342390060425
32, 866, 2391, 0.13213017582893372
0, 1028, 260, -0.8078385591506958
1, 1056, 212, -0.7713649272918701
2, 1071, 212, -0.7716558575630188
3, 1087, 214, -0.7719443440437317
4, 996, 215, -0.7798343300819397
5, 975, 217, -0.779924213886261
6, 956, 218, -0.7804509401321411
7, 1112, 241, -0.4861086308956146
8, 921, 243, -0.5169896483421326
9, 1062, 313, -0.6944894194602966
10, 985, 314, -0.7034072279930115
11, 1266, 532, -0.2582431435585022
12, 758, 521, -0.3410438001155853
13, 1330, 914, -0.15080462396144867
14, 686, 896, -0.27432504296302795
15, 1393, 1185, -0.4118247926235199
16, 640, 1207, -0.5444999933242798
17, 1480, 1294, -0.4801153838634491
18, 623, 1312, -0.6251267790794373
19, 1464, 1297, -0.5523812770843506
20, 656, 1299, -0.7059693932533264
21, 1427, 1265, -0.4512539803981781
22, 674, 1262, -0.5842824578285217
23, 1166, 1227, -0.017010726034641266
24, 854, 1184, 0.018552148714661598
25, 1152, 1775, 0.08646296709775925
26, 834, 1765, 0.08106391876935959
27, 1153, 2242, 0.5958735346794128
28, 828, 2242, 0.486112117767334
29, 1157, 2315, 0.6286556124687195
30, 823, 2321, 0.5169667601585388
31, 1106, 2407, 0.2917730212211609
32, 866, 2391, 0.13587608933448792
