0, 989, 275, -0.7993969321250916
1, 1018, 224, -0.7689738869667053
2, 1032, 223, -0.7691715955734253
3, 1048, 223, -0.7694265246391296
4, 959, 227, -0.7715095281600952
5, 941, 229, -0.7716810703277588
6, 924, 231, -0.7720494866371155
7, 1076, 245, -0.521628737449646
8, 906, 256, -0.526067852973938
9, 1026, 320, -0.7020893692970276
10, 954, 325, -0.7033665776252747
11, 1245, 533, -0.3337381184101105
12, 761, 519, -0.32934772968292236
13, 1289, 876, -0.23757968842983246
14, 708, 877, -0.23273292183876038
15, 1308, 1116, -0.46769949793815613
16, 682, 1142, -0.4703102111816406
17, 1317, 1208, -0.5375010371208191
18, 663, 1203, -0.5390921831130981
19, 1296, 1194, -0.5944910049438477
20, 676, 1184, -0.6129546761512756
21, 1274, 1160, -0.4978371262550354
22, 694, 1155, -0.5062820315361023
23, 1144, 1101, -0.027576416730880737
24, 877, 1108, 0.028729591518640518
25, 1143, 1602, 0.09084490686655045
26, 863, 1594, 0.12653431296348572
27, 1143, 1989, 0.6328765749931335
28, 864, 1998, 0.5685374736785889
29, 1147, 2054, 0.6702627539634705
30, 863, 2069, 0.6027982831001282
31, 1110, 2138, 0.372650146484375
32, 894, 2139, 0.27040594816207886
0, 991, 273, -0.7793769836425781
1, 1021, 224, -0.7471119165420532
2, 1035, 223, -0.7473266124725342
3, 1053, 224, -0.7475289702415466
4, 960, 227, -0.7514484524726868
5, 942, 228, -0.7516254782676697
6, 925, 231, -0.7520557045936584
7, 1080, 246, -0.4937838912010193
8, 906, 255, -0.5070144534111023
9, 1027, 320, -0.6809768676757812
10, 955, 325, -0.6845407485961914
11, 1244, 533, -0.30712923407554626
12, 761, 520, -0.32207298278808594
13, 1289, 877, -0.2162339836359024
14, 704, 878, -0.23163720965385437
15, 1311, 1115, -0.47456464171409607
16, 686, 1139, -0.47364717721939087
17, 1332, 1212, -0.5517345666885376
18, 675, 1209, -0.5451608300209045
19, 1320, 1197, -0.6151189208030701
20, 696, 1188, -0.6175044178962708
21, 1294, 1164, -0.5078763365745544
22, 710, 1157, -0.5087010860443115
23, 1148, 1104, -0.02498013898730278
24, 870, 1151, 0.02610161527991295
25, 1149, 1616, 0.11980927735567093
26, 860, 1616, 0.16282334923744202
27, 1147, 2017, 0.6807125806808472
28, 864, 2024, 0.6213191747665405
29, 1151, 2083, 0.7213359475135803
30, 862, 2092, 0.6585618853569031
31, 1114, 2168, 0.42639222741127014
32, 896, 2166, 0.32396063208580017
0, 992, 273, -0.7821678519248962
1, 1023, 224, -0.750373899936676
2, 1037, 224, -0.7505844831466675
3, 1055, 225, -0.7507978081703186
4, 962, 227, -0.7542400360107422
5, 943, 228, -0.7544158101081848
6, 926, 231, -0.7548266053199768
7, 1081, 247, -0.4972819983959198
8, 906, 255, -0.5095803737640381
9, 1029, 320, -0.6837354302406311
10, 956, 325, -0.6870089173316956
11, 1243, 533, -0.3073253929615021
12, 761, 520, -0.3224496841430664
13, 1290, 876, -0.21068766713142395
14, 702, 878, -0.2321094125509262
15, 1314, 1115, -0.4743499457836151
16, 687, 1138, -0.47793757915496826
17, 1340, 1217, -0.5510880351066589
18, 670, 1227, -0.5499032735824585
19, 1330, 1204, -0.6152067184448242
20, 702, 1190, -0.6224168539047241
21, 1304, 1171, -0.5078361630439758
22, 715, 1158, -0.5125449299812317
23, 1152, 1105, -0.023981895297765732
24, 867, 1163, 0.025092819705605507
25, 1155, 1622, 0.12774421274662018
26, 860, 1624, 0.1677238941192627
27, 1154, 2028, 0.6774038672447205
28, 864, 2036, 0.6179498434066772
29, 1157, 2095, 0.7165186405181885
30, 863, 2104, 0.654118001461029
31, 1121, 2180, 0.41836926341056824
32, 900, 2178, 0.31681108474731445
0, 994, 273, -0.7787266969680786
1, 1024, 225, -0.7471367716789246
2, 1039, 225, -0.7473493814468384
3, 1057, 226, -0.7475496530532837
4, 964, 227, -0.7518333196640015
5, 944, 228, -0.7520033121109009
6, 927, 231, -0.7524276375770569
7, 1083, 248, -0.49328985810279846
8, 907, 255, -0.5085603594779968
9, 1029, 320, -0.6796553730964661
10, 956, 326, -0.6839158535003662
11, 1243, 532, -0.30245736241340637
12, 762, 520, -0.3215191960334778
13, 1291, 876, -0.20489685237407684
14, 701, 878, -0.2317066639661789
15, 1315, 1116, -0.4706503748893738
16, 688, 1139, -0.4777531027793884
17, 1344, 1223, -0.5484857559204102
18, 665, 1239, -0.5494473576545715
19, 1332, 1210, -0.6140358448028564
20, 703, 1195, -0.622190535068512
21, 1305, 1176, -0.5050479173660278
22, 717, 1163, -0.5124180912971497
23, 1155, 1106, -0.02286388725042343
24, 866, 1167, 0.023971203714609146
25, 1158, 1625, 0.12763367593288422
26, 860, 1628, 0.16504190862178802
27, 1159, 2034, 0.6694101095199585
28, 866, 2042, 0.6085099577903748
29, 1162, 2101, 0.7081820964813232
30, 865, 2111, 0.6443023085594177
31, 1126, 2186, 0.4101482331752777
32, 905, 2183, 0.30835312604904175
0, 994, 273, -0.7698052525520325
1, 1025, 226, -0.738602876663208
2, 1040, 227, -0.7388263940811157
3, 1059, 227, -0.7390406727790833
4, 965, 228, -0.743249773979187
5, 945, 229, -0.7434064745903015
6, 927, 231, -0.743836522102356
7, 1084, 249, -0.48610720038414
8, 907, 255, -0.5006297826766968
9, 1029, 320, -0.6710246801376343
10, 956, 326, -0.6750381588935852
11, 1242, 532, -0.2958837151527405
12, 762, 521, -0.3159266710281372
13, 1292, 876, -0.19951440393924713
14, 701, 879, -0.22628606855869293
15, 1318, 1116, -0.46496206521987915
16, 688, 1140, -0.4731146991252899
17, 1348, 1229, -0.5423640608787537
18, 658, 1253, -0.5447281002998352
19, 1337, 1214, -0.610031247138977
20, 704, 1209, -0.617664098739624
21, 1310, 1181, -0.4996935725212097
22, 718, 1176, -0.5076174736022949
23, 1155, 1108, -0.022396065294742584
24, 864, 1169, 0.023512322455644608
25, 1158, 1629, 0.12305919080972672
26, 860, 1631, 0.16111662983894348
27, 1159, 2039, 0.6586836576461792
28, 866, 2047, 0.6013990044593811
29, 1163, 2106, 0.6961843967437744
30, 865, 2116, 0.6352933049201965
31, 1126, 2191, 0.4033970534801483
32, 906, 2188, 0.3039934039115906
0, 995, 273, -0.764104425907135
1, 1026, 227, -0.732665479183197
2, 1040, 228, -0.732901394367218
3, 1059, 228, -0.7331206202507019
4, 966, 228, -0.7371388077735901
5, 946, 229, -0.7372798323631287
6, 928, 231, -0.7377138733863831
7, 1085, 251, -0.4808473587036133
8, 907, 255, -0.494058758020401
9, 1030, 321, -0.665692925453186
10, 956, 326, -0.6693739295005798
11, 1242, 532, -0.2929145395755768
12, 762, 521, -0.311605840921402
13, 1293, 879, -0.2018081396818161
14, 700, 880, -0.2254045158624649
15, 1321, 1120, -0.46509048342704773
16, 687, 1149, -0.4735727906227112
17, 1350, 1237, -0.5431468486785889
18, 651, 1265, -0.5458157658576965
19, 1338, 1221, -0.6099365949630737
20, 704, 1227, -0.6194602847099304
21, 1311, 1188, -0.5000081062316895
22, 718, 1193, -0.5083246827125549
23, 1156, 1110, -0.02225819230079651
24, 864, 1172, 0.023397626355290413
25, 1159, 1635, 0.10839851945638657
26, 860, 1636, 0.15581895411014557
27, 1159, 2045, 0.6296941637992859
28, 866, 2053, 0.5738285183906555
29, 1163, 2112, 0.6660217642784119
30, 865, 2122, 0.6062325239181519
31, 1125, 2197, 0.3725062906742096
32, 906, 2194, 0.27527886629104614
0, 995, 273, -0.7316903471946716
1, 1027, 228, -0.7002865076065063
2, 1041, 228, -0.7005019783973694
3, 1059, 229, -0.7007045149803162
4, 966, 229, -0.7040759325027466
5, 946, 230, -0.704214870929718
6, 929, 231, -0.7046332955360413
7, 1085, 251, -0.45465293526649475
8, 907, 255, -0.4639965891838074
9, 1030, 321, -0.6363149285316467
10, 956, 326, -0.6388923525810242
11, 1242, 533, -0.27610284090042114
12, 762, 522, -0.2934958338737488
13, 1295, 885, -0.18732479214668274
14, 699, 881, -0.210659459233284
15, 1324, 1132, -0.4441414773464203
16, 685, 1149, -0.45751434564590454
17, 1353, 1243, -0.5184272527694702
18, 647, 1263, -0.5274878144264221
19, 1345, 1232, -0.5815529227256775
20, 704, 1225, -0.599205732345581
21, 1317, 1197, -0.4774152636528015
22, 718, 1191, -0.4915340542793274
23, 1156, 1120, -0.022327957674860954
24, 862, 1176, 0.023475131019949913
25, 1159, 1640, 0.11452257633209229
26, 858, 1643, 0.16135463118553162
27, 1159, 2056, 0.6273791790008545
28, 865, 2064, 0.5738906860351562
29, 1163, 2124, 0.6628932952880859
30, 864, 2133, 0.6061633825302124
31, 1124, 2208, 0.37091773748397827
32, 906, 2206, 0.27576568722724915
0, 996, 273, -0.7396379113197327
1, 1027, 228, -0.7088040709495544
2, 1041, 229, -0.7090176343917847
3, 1060, 229, -0.7092621922492981
4, 967, 229, -0.7128679156303406
5, 947, 230, -0.7130187153816223
6, 929, 232, -0.7134184241294861
7, 1085, 251, -0.461545467376709
8, 908, 255, -0.47262758016586304
9, 1030, 321, -0.6428448557853699
10, 957, 326, -0.6459230780601501
11, 1243, 535, -0.2758433520793915
12, 762, 522, -0.29665741324424744
13, 1299, 886, -0.1781858503818512
14, 698, 880, -0.20823420584201813
15, 1327, 1132, -0.4279460906982422
16, 686, 1149, -0.44579678773880005
17, 1353, 1242, -0.4988096058368683
18, 648, 1260, -0.5143694281578064
19, 1348, 1231, -0.5623523592948914
20, 709, 1232, -0.583297610282898
21, 1320, 1197, -0.4606662392616272
22, 723, 1190, -0.4783766567707062
23, 1155, 1125, -0.021519610658288002
24, 861, 1176, 0.022633977234363556
25, 1158, 1642, 0.10827303677797318
26, 857, 1642, 0.15479131042957306
27, 1159, 2055, 0.6236141324043274
28, 866, 2061, 0.5613573789596558
29, 1163, 2122, 0.6603115797042847
30, 865, 2129, 0.5934094786643982
31, 1124, 2206, 0.3718903362751007
32, 906, 2204, 0.27018365263938904
0, 996, 274, -0.6490821242332458
1, 1028, 229, -0.6200502514839172
2, 1042, 229, -0.6202287077903748
3, 1060, 230, -0.6204871535301208
4, 968, 230, -0.6234532594680786
5, 947, 230, -0.6235532164573669
6, 930, 232, -0.6238877177238464
7, 1086, 251, -0.38991278409957886
8, 908, 255, -0.39859142899513245
9, 1030, 321, -0.5591399669647217
10, 957, 326, -0.561410129070282
11, 1243, 535, -0.23915915191173553
12, 763, 520, -0.23882894217967987
13, 1308, 873, -0.15516188740730286
14, 695, 847, -0.1289856880903244
15, 1328, 1104, -0.39441144466400146
16, 685, 1096, -0.3279702961444855
17, 1351, 1206, -0.4607413411140442
18, 658, 1176, -0.3887110650539398
19, 1314, 1198, -0.5204019546508789
20, 708, 1174, -0.45136648416519165
21, 1306, 1158, -0.42381685972213745
22, 723, 1125, -0.35825398564338684
23, 1153, 1126, -0.018797194585204124
24, 864, 1138, 0.019780002534389496
25, 1150, 1629, 0.16277901828289032
26, 852, 1625, 0.16939100623130798
27, 1150, 2040, 0.6305826902389526
28, 865, 2034, 0.5595157742500305
29, 1155, 2105, 0.6653717756271362
30, 865, 2097, 0.5900898575782776
31, 1110, 2184, 0.3984740674495697
32, 904, 2177, 0.2753089666366577
0, 997, 274, -0.6885308027267456
1, 1028, 229, -0.6599079966545105
2, 1042, 230, -0.6600987911224365
3, 1060, 230, -0.6603676676750183
4, 968, 230, -0.6620187759399414
5, 948, 231, -0.6621260046958923
6, 931, 233, -0.662458062171936
7, 1086, 252, -0.42310965061187744
8, 908, 255, -0.42697158455848694
9, 1031, 321, -0.5955290198326111
10, 958, 326, -0.5962164402008057
11, 1244, 535, -0.25443196296691895
12, 765, 518, -0.24460695683956146
13, 1321, 853, -0.1571039855480194
14, 690, 831, -0.10687925666570663
15, 1328, 1087, -0.4118817150592804
16, 686, 1076, -0.29976698756217957
17, 1348, 1190, -0.4813576936721802
18, 659, 1165, -0.35982778668403625
19, 1300, 1179, -0.5421661138534546
20, 709, 1155, -0.42319875955581665
21, 1294, 1146, -0.4428740441799164
22, 724, 1105, -0.32988661527633667
23, 1151, 1126, -0.01886042207479477
24, 865, 1121, 0.01987612619996071
25, 1144, 1624, 0.1618906408548355
26, 848, 1616, 0.17821675539016724
27, 1143, 2030, 0.6626189947128296
28, 863, 2020, 0.5880828499794006
29, 1147, 2093, 0.7009952068328857
30, 864, 2080, 0.6210740208625793
31, 1104, 2172, 0.4283682405948639
32, 901, 2162, 0.31471869349479675
0, 997, 275, -0.698477566242218
1, 1028, 230, -0.6699232459068298
2, 1042, 230, -0.670116662979126
3, 1060, 230, -0.6703991293907166
4, 969, 231, -0.6714624166488647
5, 949, 232, -0.6715391278266907
6, 932, 233, -0.6718448996543884
7, 1086, 252, -0.4305020868778229
8, 909, 255, -0.43147462606430054
9, 1031, 321, -0.6037852764129639
10, 959, 326, -0.6037518382072449
11, 1244, 533, -0.2636026442050934
12, 766, 516, -0.23139403760433197
13, 1332, 826, -0.17476511001586914
14, 683, 820, -0.06409645825624466
15, 1322, 1054, -0.45793431997299194
16, 692, 1057, -0.24799197912216187
17, 1328, 1158, -0.53614741563797
18, 672, 1149, -0.30845674872398376
19, 1285, 1127, -0.5958837866783142
20, 727, 1132, -0.3681792616844177
21, 1279, 1074, -0.4864099323749542
22, 737, 1084, -0.2755153775215149
23, 1148, 1121, -0.018920494243502617
24, 865, 1112, 0.019918236881494522
25, 1137, 1613, 0.15182122588157654
26, 842, 1598, 0.1748344451189041
27, 1129, 2009, 0.6707890033721924
28, 857, 1993, 0.5900052189826965
29, 1132, 2070, 0.7111069560050964
30, 860, 2050, 0.623744547367096
31, 1091, 2151, 0.4329121708869934
32, 895, 2138, 0.3139416575431824
0, 998, 275, -0.6849378943443298
1, 1028, 230, -0.6552945375442505
2, 1042, 231, -0.6554864645004272
3, 1060, 231, -0.6557692885398865
4, 970, 232, -0.6577093005180359
5, 949, 233, -0.657764196395874
6, 932, 234, -0.6580744385719299
7, 1086, 252, -0.4118853509426117
8, 909, 256, -0.4165840744972229
9, 1031, 321, -0.5885708332061768
10, 960, 326, -0.5897672176361084
11, 1244, 530, -0.24328772723674774
12, 767, 513, -0.22183094918727875
13, 1343, 817, -0.15771983563899994
14, 673, 810, -0.05956362932920456
15, 1306, 1044, -0.4268497824668884
16, 707, 1047, -0.23996707797050476
17, 1300, 1154, -0.5046930909156799
18, 708, 1144, -0.30277174711227417
19, 1259, 1122, -0.5619096159934998
20, 762, 1125, -0.3554166853427887
21, 1257, 1070, -0.45399540662765503
22, 763, 1078, -0.2634480893611908
23, 1145, 1118, -0.01800151914358139
24, 863, 1105, 0.018935680389404297
25, 1132, 1606, 0.15061812102794647
26, 838, 1587, 0.1713271588087082
27, 1119, 1997, 0.687367856502533
28, 848, 1979, 0.5931971669197083
29, 1120, 2056, 0.7294212579727173
30, 850, 2035, 0.6283994913101196
31, 1078, 2141, 0.44870176911354065
32, 884, 2126, 0.3146427869796753
0, 998, 277, -0.6698623299598694
1, 1028, 232, -0.6377946138381958
2, 1042, 232, -0.6379654407501221
3, 1060, 232, -0.6381063461303711
4, 970, 234, -0.6422613859176636
5, 950, 236, -0.64235919713974
6, 933, 238, -0.6427035927772522
7, 1085, 253, -0.39016202092170715
8, 910, 259, -0.4058067202568054
9, 1032, 322, -0.5726970434188843
10, 961, 327, -0.5773276090621948
11, 1244, 528, -0.21244806051254272
12, 771, 511, -0.22180455923080444
13, 1351, 813, -0.12400946021080017
14, 666, 803, -0.07979996502399445
15, 1288, 1038, -0.3898177444934845
16, 738, 1038, -0.3644295334815979
17, 1266, 1142, -0.46861064434051514
18, 764, 1134, -0.44805362820625305
19, 1224, 1113, -0.5247746109962463
20, 814, 1106, -0.4797098934650421
21, 1226, 1069, -0.416498064994812
22, 807, 1066, -0.37845346331596375
23, 1145, 1118, -0.011534120887517929
24, 863, 1104, 0.01242848765105009
25, 1132, 1603, 0.08399797230958939
26, 839, 1583, 0.0715688094496727
27, 1120, 1991, 0.5829030275344849
28, 851, 1977, 0.44775742292404175
29, 1121, 2046, 0.6193763613700867
30, 853, 2032, 0.4765125513076782
31, 1081, 2137, 0.342070609331131
32, 892, 2121, 0.16508783400058746
0, 998, 279, -0.5947062969207764
1, 1027, 235, -0.5631511807441711
2, 1041, 235, -0.5633265972137451
3, 1057, 235, -0.5633541941642761
4, 969, 237, -0.5662316083908081
5, 950, 239, -0.5663272142410278
6, 933, 241, -0.5666990280151367
7, 1082, 255, -0.3243046998977661
8, 912, 261, -0.33446189761161804
9, 1031, 323, -0.5016092658042908
10, 961, 328, -0.5048497319221497
11, 1244, 527, -0.14773035049438477
12, 774, 511, -0.1684623807668686
13, 1356, 814, -0.09614323079586029
14, 661, 804, -0.12383277714252472
15, 1265, 1017, -0.3961889147758484
16, 735, 998, -0.5135368704795837
17, 1227, 1104, -0.4778168499469757
18, 769, 1074, -0.6086614727973938
19, 1189, 1077, -0.5307719707489014
20, 812, 1045, -0.647269606590271
21, 1194, 1047, -0.4219571352005005
22, 807, 1017, -0.5351159572601318
23, 1141, 1118, -0.006554986350238323
24, 862, 1094, 0.007556118071079254
25, 1132, 1594, 0.05512985214591026
26, 840, 1573, 0.029843883588910103
27, 1120, 1981, 0.4858728051185608
28, 857, 1967, 0.34825021028518677
29, 1123, 2033, 0.5142940878868103
30, 860, 2021, 0.3702719509601593
31, 1083, 2123, 0.2383882999420166
32, 901, 2105, 0.0668623298406601
0, 996, 283, -0.5984441041946411
1, 1026, 238, -0.5667186379432678
2, 1041, 237, -0.566916823387146
3, 1055, 238, -0.5669013261795044
4, 969, 241, -0.5688687562942505
5, 949, 243, -0.5688787698745728
6, 933, 245, -0.5692586898803711
7, 1082, 256, -0.3247736692428589
8, 912, 264, -0.33125025033950806
9, 1031, 325, -0.5050316452980042
10, 962, 330, -0.5075748562812805
11, 1244, 527, -0.15791136026382446
12, 779, 510, -0.16789589822292328
13, 1360, 819, -0.12223255634307861
14, 660, 806, -0.21934166550636292
15, 1243, 1005, -0.43502411246299744
16, 735, 940, -0.6698097586631775
17, 1196, 1089, -0.5269113779067993
18, 769, 1015, -0.7718179821968079
19, 1163, 1057, -0.5609351992607117
20, 813, 980, -0.8084538578987122
21, 1171, 1030, -0.45180177688598633
22, 812, 954, -0.6926354169845581
23, 1141, 1118, -0.004509287420660257
24, 862, 1091, 0.005642990116029978
25, 1133, 1593, 0.06700003892183304
26, 835, 1574, 0.0504596009850502
27, 1122, 1984, 0.4971868693828583
28, 852, 1971, 0.3729332387447357
29, 1125, 2037, 0.5248647332191467
30, 853, 2026, 0.3958417773246765
31, 1082, 2128, 0.24029041826725006
32, 900, 2111, 0.08052334934473038
0, 996, 285, -0.6297053098678589
1, 1025, 240, -0.5983676314353943
2, 1041, 239, -0.5985608696937561
3, 1055, 239, -0.5985836386680603
4, 969, 243, -0.6001838445663452
5, 950, 246, -0.6002053022384644
6, 933, 248, -0.6005632281303406
7, 1081, 257, -0.3514154851436615
8, 913, 266, -0.3549339473247528
9, 1031, 327, -0.5340026021003723
10, 962, 331, -0.535815417766571
11, 1244, 526, -0.17719058692455292
12, 784, 510, -0.1711522489786148
13, 1357, 820, -0.14171989262104034
14, 656, 814, -0.2537992000579834
15, 1220, 994, -0.4842258095741272
16, 733, 898, -0.746758759021759
17, 1168, 1061, -0.5748578906059265
18, 772, 954, -0.8552638292312622
19, 1140, 1028, -0.6051324009895325
20, 809, 901, -0.8813992738723755
21, 1150, 1005, -0.49921268224716187
22, 808, 881, -0.7659654021263123
23, 1134, 1122, -0.00532385241240263
24, 862, 1093, 0.006464560516178608
25, 1125, 1598, 0.07069937884807587
26, 817, 1576, 0.04872256517410278
27, 1104, 1990, 0.5131815075874329
28, 827, 1975, 0.38479483127593994
29, 1106, 2040, 0.5406982898712158
30, 827, 2031, 0.4090653359889984
31, 1063, 2130, 0.24317309260368347
32, 877, 2114, 0.08050812780857086
0, 996, 287, -0.7071272730827332
1, 1025, 241, -0.6764546036720276
2, 1041, 240, -0.6766156554222107
3, 1055, 240, -0.6765778064727783
4, 969, 244, -0.6781386733055115
5, 950, 247, -0.6780982613563538
6, 933, 249, -0.6783853769302368
7, 1081, 258, -0.41397908329963684
8, 914, 267, -0.41942960023880005
9, 1031, 329, -0.6048781871795654
10, 962, 334, -0.607645571231842
11, 1243, 524, -0.22292374074459076
12, 784, 511, -0.17692407965660095
13, 1355, 823, -0.2038334757089615
14, 653, 828, -0.3206774592399597
15, 1201, 987, -0.5233708620071411
16, 732, 860, -0.851044237613678
17, 1146, 1047, -0.6090255975723267
18, 782, 880, -0.9597393870353699
19, 1120, 1006, -0.6333897113800049
20, 811, 822, -0.9769331812858582
21, 1132, 982, -0.5341986417770386
22, 809, 804, -0.8663409948348999
23, 1135, 1123, -0.005850738845765591
24, 865, 1096, 0.006983757950365543
25, 1125, 1599, 0.07593643665313721
26, 819, 1578, 0.06443800032138824
27, 1107, 1991, 0.5262283682823181
28, 829, 1976, 0.42804500460624695
29, 1109, 2043, 0.5573309063911438
30, 828, 2031, 0.45483675599098206
31, 1067, 2132, 0.2816302180290222
32, 879, 2117, 0.13145887851715088
0, 997, 289, -0.8061856031417847
1, 1026, 242, -0.7733322381973267
2, 1042, 241, -0.7733772397041321
3, 1055, 241, -0.7732630968093872
4, 970, 245, -0.7748233675956726
5, 951, 247, -0.7748265862464905
6, 934, 249, -0.7750609517097473
7, 1082, 258, -0.4907766282558441
8, 915, 267, -0.4968468248844147
9, 1032, 331, -0.6966711282730103
10, 964, 335, -0.6991462111473083
11, 1240, 522, -0.27604517340660095
12, 783, 511, -0.25275230407714844
13, 1354, 839, -0.2778068482875824
14, 645, 855, -0.4529421627521515
15, 1197, 970, -0.6352046132087708
16, 744, 815, -1.0677945613861084
17, 1145, 1014, -0.7230099439620972
18, 805, 817, -1.1857506036758423
19, 1125, 958, -0.7431468963623047
20, 821, 752, -1.1913255453109741
21, 1137, 939, -0.6452337503433228
22, 815, 744, -1.0795000791549683
23, 1135, 1119, -0.006121374201029539
24, 865, 1097, 0.007180049549788237
25, 1126, 1600, 0.07738729566335678
26, 820, 1578, 0.0631665587425232
27, 1106, 1992, 0.5433238744735718
28, 827, 1977, 0.43976864218711853
29, 1109, 2044, 0.5780102610588074
30, 822, 2032, 0.46786612272262573
31, 1068, 2133, 0.2797459065914154
32, 878, 2119, 0.11943825334310532
0, 999, 290, -0.8406718373298645
1, 1028, 243, -0.8082873821258545
2, 1043, 242, -0.8082862496376038
3, 1056, 242, -0.8081516027450562
4, 970, 246, -0.8110148310661316
5, 951, 248, -0.8110342025756836
6, 934, 250, -0.8112585544586182
7, 1082, 259, -0.5155866742134094
8, 915, 267, -0.5272283554077148
9, 1032, 335, -0.7261005640029907
10, 965, 337, -0.7300471663475037
11, 1234, 516, -0.28753897547721863
12, 779, 511, -0.28459951281547546
13, 1347, 852, -0.2910810708999634
14, 636, 875, -0.4963229298591614
15, 1181, 951, -0.668231189250946
16, 766, 775, -1.1269123554229736
17, 1127, 995, -0.7577235102653503
18, 831, 759, -1.2463079690933228
19, 1111, 937, -0.7781826853752136
20, 843, 699, -1.2494330406188965
21, 1124, 918, -0.6790008544921875
22, 835, 698, -1.1369205713272095
23, 1134, 1110, -0.00638172309845686
24, 865, 1099, 0.0073819770477712154
25, 1129, 1600, 0.0789717584848404
26, 820, 1578, 0.06748858839273453
27, 1107, 1995, 0.5477527976036072
28, 828, 1977, 0.4454593062400818
29, 1109, 2046, 0.5858789086341858
30, 825, 2033, 0.4737301170825958
31, 1070, 2139, 0.2807781994342804
32, 881, 2125, 0.11660484969615936
0, 999, 292, -0.8653797507286072
1, 1027, 244, -0.8326606154441833
2, 1043, 243, -0.8326576352119446
3, 1056, 243, -0.832502007484436
4, 970, 247, -0.834067165851593
5, 951, 248, -0.834105372428894
6, 934, 250, -0.8343213796615601
7, 1082, 259, -0.5343892574310303
8, 915, 267, -0.5394635796546936
9, 1032, 336, -0.7486459016799927
10, 965, 339, -0.7507306337356567
11, 1231, 512, -0.29980218410491943
12, 779, 511, -0.2953832447528839
13, 1343, 865, -0.3210720121860504
14, 634, 887, -0.5283645391464233
15, 1164, 935, -0.7080267071723938
16, 781, 748, -1.1792739629745483
17, 1104, 973, -0.7974596619606018
18, 848, 722, -1.2998770475387573
19, 1093, 913, -0.8119317889213562
20, 860, 668, -1.297878623008728
21, 1108, 899, -0.7164342999458313
22, 850, 670, -1.1876928806304932
23, 1133, 1108, -0.007902193814516068
24, 865, 1099, 0.009072012268006802
25, 1136, 1600, 0.08056757599115372
26, 827, 1578, 0.07134513556957245
27, 1114, 1998, 0.557402491569519
28, 835, 1984, 0.4478628933429718
29, 1118, 2049, 0.5898014307022095
30, 829, 2041, 0.47597721219062805
31, 1080, 2146, 0.2811712920665741
32, 887, 2135, 0.12145394831895828
0, 999, 292, -0.9089880585670471
1, 1028, 244, -0.8733734488487244
2, 1043, 243, -0.8733692169189453
3, 1056, 243, -0.8731718063354492
4, 970, 247, -0.8761029839515686
5, 951, 248, -0.8762086033821106
6, 934, 250, -0.8764241337776184
7, 1082, 259, -0.5633031725883484
8, 915, 267, -0.5741316676139832
9, 1032, 337, -0.7883233428001404
10, 965, 339, -0.7921337485313416
11, 1228, 507, -0.32397201657295227
12, 778, 510, -0.32837381958961487
13, 1339, 872, -0.3791194260120392
14, 634, 892, -0.5944745540618896
15, 1151, 924, -0.7912205457687378
16, 799, 718, -1.256359338760376
17, 1090, 951, -0.8838987946510315
18, 866, 687, -1.3778475522994995
19, 1077, 891, -0.8903611898422241
20, 879, 640, -1.3679451942443848
21, 1094, 882, -0.7970683574676514
22, 869, 643, -1.2612236738204956
23, 1131, 1103, -0.009672699496150017
24, 865, 1099, 0.01086882222443819
25, 1139, 1600, 0.09410814940929413
26, 831, 1581, 0.08478732407093048
27, 1120, 2003, 0.5914449691772461
28, 838, 1993, 0.48162969946861267
29, 1124, 2055, 0.6210376620292664
30, 829, 2051, 0.512057900428772
31, 1089, 2154, 0.28524884581565857
32, 890, 2144, 0.12190927565097809
0, 999, 292, -0.8977445363998413
1, 1028, 244, -0.8666627407073975
2, 1043, 243, -0.8666278719902039
3, 1056, 243, -0.8664629459381104
4, 971, 247, -0.8696032166481018
5, 952, 248, -0.8697149157524109
6, 935, 250, -0.8699303865432739
7, 1082, 259, -0.5746558904647827
8, 915, 267, -0.5868637561798096
9, 1033, 337, -0.7828096151351929
10, 966, 339, -0.7869771718978882
11, 1228, 503, -0.34527289867401123
12, 778, 510, -0.3501923680305481
13, 1336, 880, -0.41184207797050476
14, 633, 894, -0.6038691997528076
15, 1123, 913, -0.8012216091156006
16, 826, 712, -1.2120110988616943
17, 1061, 929, -0.8892185091972351
18, 892, 681, -1.3251739740371704
19, 1054, 872, -0.8894357681274414
20, 907, 634, -1.3101327419281006
21, 1070, 865, -0.8037698268890381
22, 896, 636, -1.2135792970657349
23, 1129, 1098, -0.009731296449899673
24, 864, 1096, 0.01093017216771841
25, 1139, 1596, 0.12611788511276245
26, 831, 1581, 0.11403506249189377
27, 1120, 2002, 0.6056728959083557
28, 838, 1993, 0.49766480922698975
29, 1124, 2055, 0.6345402598381042
30, 830, 2051, 0.527271032333374
31, 1089, 2153, 0.30683958530426025
32, 889, 2144, 0.16153401136398315
0, 999, 292, -0.9279028177261353
1, 1028, 244, -0.8975502848625183
2, 1044, 243, -0.89748615026474
3, 1056, 243, -0.8973482251167297
4, 971, 247, -0.8999388813972473
5, 953, 248, -0.9001131057739258
6, 936, 250, -0.9003273248672485
7, 1082, 259, -0.6038357019424438
8, 915, 266, -0.6132065057754517
9, 1033, 337, -0.8112730383872986
10, 967, 339, -0.8145750761032104
11, 1227, 500, -0.3705243766307831
12, 777, 509, -0.37143605947494507
13, 1333, 883, -0.4714728891849518
14, 633, 891, -0.6338297128677368
15, 1116, 893, -0.8863632082939148
16, 850, 710, -1.2448316812515259
17, 1058, 895, -0.9775273203849792
18, 918, 685, -1.3595740795135498
19, 1051, 838, -0.9729276895523071
20, 937, 639, -1.3386281728744507
21, 1065, 834, -0.8876518607139587
22, 922, 639, -1.2438071966171265
23, 1129, 1093, -0.011192211881279945
24, 864, 1093, 0.012360927648842335
25, 1139, 1595, 0.12648755311965942
26, 834, 1580, 0.1114596575498581
27, 1122, 2001, 0.6212360858917236
28, 839, 1992, 0.5021308064460754
29, 1126, 2055, 0.6520324945449829
30, 830, 2051, 0.5328065156936646
31, 1090, 2153, 0.32816600799560547
32, 889, 2143, 0.17376212775707245
0, 1000, 292, -0.908308207988739
1, 1028, 244, -0.8770397305488586
2, 1044, 243, -0.8769770860671997
3, 1056, 243, -0.8768728375434875
4, 972, 247, -0.8796793818473816
5, 954, 248, -0.879874587059021
6, 937, 250, -0.880089521408081
7, 1082, 259, -0.58620685338974
8, 915, 266, -0.5964668989181519
9, 1033, 337, -0.7929751873016357
10, 968, 339, -0.7963923811912537
11, 1227, 499, -0.3595885932445526
12, 777, 509, -0.3607744574546814
13, 1331, 885, -0.47288182377815247
14, 633, 889, -0.6125276684761047
15, 1109, 865, -0.8991750478744507
16, 865, 721, -1.1990386247634888
17, 1055, 861, -0.9903239607810974
18, 933, 702, -1.3103272914886475
19, 1045, 810, -0.9846097826957703
20, 956, 654, -1.2886676788330078
21, 1058, 807, -0.9004016518592834
22, 939, 656, -1.1972521543502808
23, 1129, 1093, -0.011301266960799694
24, 864, 1093, 0.012446833774447441
25, 1140, 1594, 0.12792831659317017
26, 835, 1579, 0.11174528300762177
27, 1126, 1999, 0.6336115002632141
28, 843, 1990, 0.5069407820701599
29, 1131, 2055, 0.6665137410163879
30, 835, 2050, 0.5381271839141846
31, 1095, 2151, 0.35250282287597656
32, 892, 2143, 0.1904330849647522
0, 1000, 292, -0.8858764171600342
1, 1028, 244, -0.856111466884613
2, 1044, 244, -0.856058657169342
3, 1056, 243, -0.8559828996658325
4, 972, 247, -0.8583523631095886
5, 954, 248, -0.858515202999115
6, 937, 250, -0.8587351441383362
7, 1082, 259, -0.5742723941802979
8, 915, 266, -0.5820425748825073
9, 1033, 337, -0.7736731767654419
10, 968, 339, -0.7763634324073792
11, 1227, 497, -0.3580804765224457
12, 777, 509, -0.35120058059692383
13, 1328, 887, -0.4938255250453949
14, 633, 888, -0.5896618366241455
15, 1099, 843, -0.9328382015228271
16, 873, 732, -1.1485785245895386
17, 1039, 837, -1.0268728733062744
18, 939, 723, -1.2574443817138672
19, 1024, 790, -1.0197921991348267
20, 968, 674, -1.2354048490524292
21, 1039, 788, -0.9343978762626648
22, 948, 675, -1.1461504697799683
23, 1129, 1093, -0.011323201470077038
24, 864, 1092, 0.012472834438085556
25, 1138, 1589, 0.14375139772891998
26, 835, 1576, 0.13398967683315277
27, 1128, 1989, 0.6312898397445679
28, 847, 1984, 0.5100492238998413
29, 1133, 2046, 0.6632967591285706
30, 841, 2042, 0.5390745997428894
31, 1097, 2139, 0.35600560903549194
32, 895, 2137, 0.20308564603328705
0, 999, 291, -0.8904977440834045
1, 1027, 244, -0.8604230284690857
2, 1043, 243, -0.8603656888008118
3, 1056, 243, -0.860284149646759
4, 972, 247, -0.8630284070968628
5, 954, 248, -0.8631677627563477
6, 937, 249, -0.8633832931518555
7, 1082, 258, -0.5798534154891968
8, 915, 266, -0.5881323218345642
9, 1033, 335, -0.7796117067337036
10, 968, 338, -0.78220534324646
11, 1227, 497, -0.36837419867515564
12, 777, 510, -0.36256077885627747
13, 1327, 887, -0.5271165370941162
14, 634, 888, -0.5889371633529663
15, 1114, 831, -1.0150755643844604
16, 871, 748, -1.138002634048462
17, 1057, 830, -1.1229215860366821
18, 940, 729, -1.2472089529037476
19, 1044, 774, -1.120462417602539
20, 967, 694, -1.2323168516159058
21, 1057, 770, -1.0214149951934814
22, 948, 692, -1.1385281085968018
23, 1129, 1093, -0.012226823717355728
24, 863, 1092, 0.013434315100312233
25, 1132, 1587, 0.13943400979042053
26, 830, 1576, 0.14100006222724915
27, 1123, 1988, 0.6277839541435242
28, 843, 1981, 0.5093315839767456
29, 1128, 2046, 0.6560505628585815
30, 838, 2038, 0.5374206304550171
31, 1089, 2135, 0.34636324644088745
32, 892, 2134, 0.19921588897705078
0, 999, 291, -0.8793830871582031
1, 1027, 244, -0.8492560982704163
2, 1043, 243, -0.849219024181366
3, 1056, 243, -0.8491522669792175
4, 972, 247, -0.8520524501800537
5, 954, 248, -0.8521887063980103
6, 937, 249, -0.852421224117279
7, 1082, 258, -0.5720665454864502
8, 915, 266, -0.5814921259880066
9, 1034, 335, -0.7695761919021606
10, 968, 338, -0.7724132537841797
11, 1227, 498, -0.36427077651023865
12, 777, 512, -0.36388009786605835
13, 1327, 889, -0.5344787240028381
14, 639, 890, -0.5885993838310242
15, 1118, 821, -1.027466893196106
16, 881, 751, -1.119019865989685
17, 1063, 821, -1.132458209991455
18, 942, 747, -1.2253620624542236
19, 1053, 756, -1.1272528171539307
20, 967, 696, -1.2116248607635498
21, 1065, 752, -1.0329861640930176
22, 950, 698, -1.1195813417434692
23, 1129, 1094, -0.012216116301715374
24, 863, 1093, 0.013425638899207115
25, 1130, 1586, 0.1454056352376938
26, 829, 1576, 0.14821311831474304
27, 1123, 1988, 0.6246269345283508
28, 843, 1981, 0.5069944858551025
29, 1129, 2046, 0.6504303216934204
30, 838, 2037, 0.534806489944458
31, 1089, 2133, 0.34595662355422974
32, 893, 2134, 0.19772745668888092
0, 999, 291, -0.9282239079475403
1, 1027, 244, -0.898108720779419
2, 1043, 243, -0.8980832695960999
3, 1056, 243, -0.8980783224105835
4, 972, 247, -0.9020758271217346
5, 954, 248, -0.9022640585899353
6, 937, 249, -0.9025236964225769
7, 1082, 258, -0.6181080341339111
8, 916, 265, -0.6308482885360718
9, 1034, 335, -0.8170815706253052
10, 968, 338, -0.8209064602851868
11, 1227, 498, -0.39684465527534485
12, 777, 512, -0.41164112091064453
13, 1327, 890, -0.583597719669342
14, 646, 896, -0.6355472803115845
15, 1123, 821, -1.0889804363250732
16, 897, 764, -1.1515707969665527
17, 1068, 822, -1.1939351558685303
18, 962, 759, -1.2582964897155762
19, 1056, 754, -1.1891205310821533
20, 980, 699, -1.2401833534240723
21, 1068, 750, -1.094971776008606
22, 960, 703, -1.1499783992767334
23, 1129, 1095, -0.012027229182422161
24, 862, 1092, 0.013216222636401653
25, 1129, 1586, 0.14735181629657745
26, 828, 1576, 0.14791138470172882
27, 1123, 1986, 0.6211081743240356
28, 844, 1980, 0.5079604387283325
29, 1129, 2045, 0.6485266089439392
30, 838, 2036, 0.535141110420227
31, 1089, 2130, 0.3418073058128357
32, 893, 2134, 0.19935566186904907
0, 999, 291, -0.9574295878410339
1, 1027, 244, -0.9278914928436279
2, 1043, 243, -0.9278537034988403
3, 1056, 243, -0.927857518196106
4, 972, 246, -0.9317278265953064
5, 954, 248, -0.931929886341095
6, 937, 248, -0.9321940541267395
7, 1082, 258, -0.646263062953949
8, 916, 265, -0.6578179001808167
9, 1034, 335, -0.8452886939048767
10, 968, 338, -0.8488084077835083
11, 1227, 498, -0.42001354694366455
12, 777, 513, -0.4357912838459015
13, 1327, 891, -0.6064966917037964
14, 651, 900, -0.6586105227470398
15, 1126, 828, -1.1089954376220703
16, 902, 774, -1.1752912998199463
17, 1072, 829, -1.2146316766738892
18, 971, 769, -1.2831499576568604
19, 1057, 758, -1.2092320919036865
20, 986, 701, -1.265451431274414
21, 1069, 755, -1.1149020195007324
22, 965, 707, -1.1739170551300049
23, 1129, 1095, -0.012157552875578403
24, 862, 1093, 0.013336905278265476
25, 1127, 1586, 0.1457078754901886
26, 827, 1576, 0.15088845789432526
27, 1123, 1986, 0.6218827366828918
28, 843, 1980, 0.5178619623184204
29, 1128, 2045, 0.650909960269928
30, 838, 2035, 0.5453946590423584
31, 1088, 2131, 0.34095028042793274
32, 893, 2134, 0.20834054052829742
0, 1000, 291, -0.9513813257217407
1, 1027, 244, -0.9212208986282349
2, 1043, 243, -0.9211839437484741
3, 1056, 243, -0.9211710691452026
4, 972, 246, -0.9249045848846436
5, 954, 248, -0.9251057505607605
6, 937, 248, -0.9253588914871216
7, 1082, 258, -0.6382021307945251
8, 916, 265, -0.6492999196052551
9, 1034, 335, -0.839019775390625
10, 968, 338, -0.8424014449119568
11, 1227, 498, -0.41424113512039185
12, 777, 515, -0.42506253719329834
13, 1327, 891, -0.5854204893112183
14, 655, 901, -0.6415758728981018
15, 1126, 833, -1.0754505395889282
16, 902, 781, -1.1605714559555054
17, 1074, 835, -1.1806381940841675
18, 970, 777, -1.2681572437286377
19, 1058, 763, -1.1768114566802979
20, 988, 702, -1.2525722980499268
21, 1070, 760, -1.0817265510559082
22, 966, 711, -1.1601580381393433
23, 1129, 1095, -0.012836596928536892
24, 862, 1093, 0.014001328498125076
25, 1127, 1586, 0.14309129118919373
26, 827, 1576, 0.1530788093805313
27, 1123, 1985, 0.623474657535553
28, 845, 1979, 0.526955783367157
29, 1129, 2043, 0.6539896130561829
30, 840, 2035, 0.555283784866333
31, 1089, 2130, 0.3436723053455353
32, 895, 2134, 0.21897397935390472
0, 1000, 290, -0.9365753531455994
1, 1027, 244, -0.9065685272216797
2, 1043, 243, -0.9065399169921875
3, 1056, 243, -0.9065197110176086
4, 972, 246, -0.9100642800331116
5, 954, 247, -0.9102563261985779
6, 937, 248, -0.9105173349380493
7, 1082, 258, -0.6252683997154236
8, 916, 265, -0.6352905631065369
9, 1035, 335, -0.824878990650177
10, 968, 338, -0.827960193157196
11, 1227, 498, -0.4032856822013855
12, 777, 516, -0.4133569002151489
13, 1326, 891, -0.5650938153266907
14, 659, 902, -0.6235625743865967
15, 1127, 836, -1.0494577884674072
16, 907, 784, -1.1441292762756348
17, 1075, 840, -1.1529735326766968
18, 979, 780, -1.2532371282577515
19, 1062, 765, -1.1499947309494019
20, 995, 707, -1.2435117959976196
21, 1074, 761, -1.0559500455856323
22, 972, 712, -1.1460367441177368
23, 1129, 1095, -0.01346818171441555
24, 862, 1096, 0.014634466730058193
25, 1127, 1586, 0.141984760761261
26, 827, 1577, 0.15167126059532166
27, 1124, 1985, 0.622256875038147
28, 845, 1980, 0.5235673785209656
29, 1130, 2044, 0.6529843807220459
30, 841, 2035, 0.5516943335533142
31, 1089, 2130, 0.3431643545627594
32, 896, 2134, 0.21485090255737305
0, 1000, 290, -0.937849760055542
1, 1027, 244, -0.9081781506538391
2, 1043, 243, -0.9081546068191528
3, 1056, 242, -0.9081335067749023
4, 972, 246, -0.9113594889640808
5, 954, 247, -0.9115444421768188
6, 937, 248, -0.9118134379386902
7, 1082, 257, -0.6235322952270508
8, 916, 265, -0.6317018270492554
9, 1035, 334, -0.8244062066078186
10, 969, 338, -0.8269446492195129
11, 1227, 498, -0.39655035734176636
12, 777, 516, -0.40752533078193665
13, 1326, 891, -0.560939610004425
14, 659, 902, -0.6202527284622192
15, 1133, 837, -1.056031584739685
16, 907, 795, -1.13943612575531
17, 1078, 842, -1.1618279218673706
18, 989, 794, -1.2471972703933716
19, 1069, 763, -1.1589415073394775
20, 1001, 715, -1.2347028255462646
21, 1081, 759, -1.0627385377883911
22, 976, 719, -1.1399340629577637
23, 1130, 1095, -0.0149752888828516
24, 862, 1098, 0.01617589220404625
25, 1128, 1586, 0.1321793496608734
26, 827, 1578, 0.1487802416086197
27, 1125, 1986, 0.6060625314712524
28, 846, 1980, 0.5194576382637024
29, 1131, 2044, 0.6354311108589172
30, 843, 2036, 0.5461967587471008
31, 1090, 2131, 0.3174362778663635
32, 897, 2135, 0.2053426206111908
0, 1000, 290, -0.8908881545066833
1, 1027, 243, -0.8611827492713928
2, 1043, 243, -0.8611630797386169
3, 1055, 242, -0.8611257076263428
4, 972, 246, -0.8640091419219971
5, 954, 247, -0.864155113697052
6, 937, 248, -0.8644313216209412
7, 1081, 257, -0.5809519290924072
8, 916, 265, -0.5861888527870178
9, 1035, 334, -0.7791139483451843
10, 969, 338, -0.7807788848876953
11, 1227, 498, -0.3570639193058014
12, 778, 517, -0.37301644682884216
13, 1326, 890, -0.5161499977111816
14, 661, 902, -0.5775339007377625
15, 1133, 831, -0.9949321150779724
16, 912, 798, -1.0648785829544067
17, 1078, 838, -1.0945478677749634
18, 998, 800, -1.1659244298934937
19, 1071, 760, -1.0852601528167725
20, 1009, 716, -1.1476900577545166
21, 1082, 753, -0.9984650015830994
22, 982, 720, -1.0617859363555908
23, 1129, 1096, -0.015686335042119026
24, 862, 1100, 0.016910968348383904
25, 1128, 1586, 0.12916593253612518
26, 828, 1578, 0.14814379811286926
27, 1125, 1986, 0.579281210899353
28, 847, 1980, 0.48928967118263245
29, 1130, 2044, 0.6062095165252686
30, 843, 2036, 0.5134245753288269
31, 1090, 2131, 0.2913242280483246
32, 897, 2136, 0.17645153403282166
0, 1000, 290, -0.8735212683677673
1, 1027, 243, -0.8432638049125671
2, 1043, 242, -0.8432552218437195
3, 1055, 242, -0.8431777954101562
4, 972, 246, -0.8462227582931519
5, 954, 247, -0.846348762512207
6, 937, 248, -0.8465891480445862
7, 1081, 256, -0.5627010464668274
8, 916, 266, -0.569162130355835
9, 1035, 334, -0.7623981237411499
10, 969, 338, -0.7643775939941406
11, 1227, 497, -0.34089863300323486
12, 778, 517, -0.3502240478992462
13, 1327, 891, -0.49786099791526794
14, 663, 904, -0.5674135684967041
15, 1141, 832, -0.993340253829956
16, 911, 798, -1.0754725933074951
17, 1087, 837, -1.093258261680603
18, 993, 799, -1.179867148399353
19, 1079, 757, -1.082766056060791
20, 1003, 718, -1.164981484413147
21, 1088, 751, -0.995591938495636
22, 978, 719, -1.0745223760604858
23, 1129, 1098, -0.016946785151958466
24, 862, 1105, 0.018231932073831558
25, 1128, 1587, 0.1291370689868927
26, 828, 1579, 0.14843840897083282
27, 1123, 1991, 0.5706834197044373
28, 846, 1984, 0.48797377943992615
29, 1129, 2050, 0.5960927605628967
30, 843, 2040, 0.5121830701828003
31, 1089, 2135, 0.2798420786857605
32, 896, 2139, 0.17320752143859863
0, 1000, 290, -0.929745078086853
1, 1026, 243, -0.8990387320518494
2, 1043, 242, -0.8990259766578674
3, 1055, 242, -0.8989611268043518
4, 972, 246, -0.9026194214820862
5, 954, 247, -0.9028090834617615
6, 936, 248, -0.9030195474624634
7, 1080, 256, -0.608379065990448
8, 915, 266, -0.6194267272949219
9, 1035, 334, -0.8144745230674744
10, 969, 338, -0.8177297115325928
11, 1228, 497, -0.3730282187461853
12, 777, 517, -0.3847375214099884
13, 1327, 891, -0.5629200339317322
14, 664, 905, -0.6255391240119934
15, 1155, 834, -1.104199767112732
16, 909, 794, -1.1922558546066284
17, 1101, 833, -1.2147841453552246
18, 987, 792, -1.3019810914993286
19, 1096, 755, -1.2119218111038208
20, 999, 711, -1.2855563163757324
21, 1104, 750, -1.1111019849777222
22, 975, 711, -1.191866159439087
23, 1130, 1098, -0.016885537654161453
24, 862, 1105, 0.018164390698075294
25, 1127, 1588, 0.12992270290851593
26, 827, 1580, 0.14730358123779297
27, 1121, 1992, 0.5888674259185791
28, 844, 1985, 0.5005089044570923
29, 1126, 2051, 0.6163890957832336
30, 840, 2041, 0.5266659259796143
31, 1087, 2136, 0.2987833321094513
32, 894, 2140, 0.18424592912197113
0, 1000, 290, -0.931285560131073
1, 1026, 243, -0.9007551074028015
2, 1043, 242, -0.9007417559623718
3, 1055, 241, -0.9006746411323547
4, 972, 246, -0.9041216373443604
5, 954, 247, -0.9043042659759521
6, 936, 248, -0.9045189619064331
7, 1080, 255, -0.6114187240600586
8, 915, 266, -0.6217060685157776
9, 1035, 334, -0.8168190717697144
10, 969, 338, -0.8198057413101196
11, 1228, 497, -0.3810482621192932
12, 776, 516, -0.38670608401298523
13, 1327, 891, -0.5887709856033325
14, 664, 906, -0.6310397386550903
15, 1161, 830, -1.1547869443893433
16, 908, 793, -1.2066062688827515
17, 1107, 821, -1.26974618434906
18, 986, 787, -1.3157025575637817
19, 1100, 742, -1.2652889490127563
20, 989, 707, -1.301261067390442
21, 1107, 740, -1.1618549823760986
22, 968, 708, -1.2074955701828003
23, 1130, 1098, -0.0172369834035635
24, 860, 1105, 0.018510984256863594
25, 1126, 1588, 0.12649056315422058
26, 825, 1580, 0.14693251252174377
27, 1118, 1993, 0.5897548198699951
28, 840, 1986, 0.5022948980331421
29, 1123, 2053, 0.6176347136497498
30, 835, 2042, 0.5287806391716003
31, 1083, 2137, 0.30008095502853394
32, 890, 2141, 0.18458597362041473
0, 1000, 290, -0.9288276433944702
1, 1026, 243, -0.8985928297042847
2, 1043, 242, -0.8985632658004761
3, 1055, 241, -0.8984877467155457
4, 971, 246, -0.9020320773124695
5, 954, 247, -0.902213454246521
6, 936, 248, -0.9024286866188049
7, 1080, 255, -0.6116354465484619
8, 915, 265, -0.6228591203689575
9, 1035, 334, -0.8153699040412903
10, 969, 338, -0.8185606002807617
11, 1228, 497, -0.38195720314979553
12, 775, 516, -0.3900594413280487
13, 1328, 891, -0.5878966450691223
14, 665, 907, -0.6278259754180908
15, 1172, 821, -1.1628233194351196
16, 901, 792, -1.1892386674880981
17, 1121, 803, -1.2771872282028198
18, 969, 783, -1.2946504354476929
19, 1112, 727, -1.273101568222046
20, 971, 705, -1.2808951139450073
21, 1118, 727, -1.1702874898910522
22, 955, 706, -1.1900075674057007
23, 1130, 1098, -0.016683850437402725
24, 859, 1105, 0.01795472949743271
25, 1125, 1589, 0.12746036052703857
26, 823, 1581, 0.1478181630373001
27, 1115, 1995, 0.5897983908653259
28, 837, 1986, 0.5077947974205017
29, 1120, 2056, 0.6174905300140381
30, 832, 2043, 0.5343576073646545
31, 1081, 2138, 0.30128008127212524
32, 887, 2142, 0.19095811247825623
0, 999, 290, -0.8638871312141418
1, 1026, 242, -0.835932195186615
2, 1043, 241, -0.8359242677688599
3, 1055, 240, -0.8357902765274048
4, 971, 246, -0.8371525406837463
5, 953, 247, -0.8372394442558289
6, 936, 248, -0.8374674320220947
7, 1080, 254, -0.5600128173828125
8, 915, 265, -0.5607945322990417
9, 1035, 333, -0.7550638318061829
10, 969, 338, -0.755397617816925
11, 1228, 497, -0.3404999375343323
12, 776, 515, -0.33386895060539246
13, 1328, 894, -0.5655010938644409
14, 665, 907, -0.544775128364563
15, 1174, 801, -1.1195991039276123
16, 868, 794, -1.1032462120056152
17, 1122, 774, -1.233362078666687
18, 934, 787, -1.2049369812011719
19, 1110, 705, -1.2278978824615479
20, 946, 710, -1.2005505561828613
21, 1117, 707, -1.1266303062438965
22, 934, 707, -1.1083500385284424
23, 1130, 1099, -0.016898779198527336
24, 859, 1101, 0.018200824037194252
25, 1125, 1589, 0.12759612500667572
26, 823, 1581, 0.14727158844470978
27, 1114, 1999, 0.5602461099624634
28, 836, 1988, 0.48977166414260864
29, 1119, 2059, 0.5835139751434326
30, 830, 2044, 0.5137842893600464
31, 1079, 2140, 0.26206570863723755
32, 886, 2143, 0.16582413017749786
0, 999, 290, -0.8488293886184692
1, 1026, 242, -0.820819616317749
2, 1043, 240, -0.8207937479019165
3, 1055, 239, -0.8206771016120911
4, 971, 246, -0.8220131993293762
5, 953, 247, -0.822097897529602
6, 936, 248, -0.822327733039856
7, 1080, 253, -0.5475358366966248
8, 915, 265, -0.5483627915382385
9, 1035, 333, -0.7407186627388
10, 969, 338, -0.7410697937011719
11, 1229, 497, -0.32773730158805847
12, 776, 514, -0.32233062386512756
13, 1331, 894, -0.5254229307174683
14, 664, 906, -0.5154001712799072
15, 1172, 780, -1.0855786800384521
16, 864, 804, -1.0440295934677124
17, 1116, 753, -1.195621132850647
18, 930, 798, -1.1414021253585815
19, 1103, 689, -1.1835944652557373
20, 942, 729, -1.1354879140853882
21, 1109, 691, -1.0894036293029785
22, 931, 722, -1.0475808382034302
23, 1130, 1099, -0.016698723658919334
24, 859, 1092, 0.01801013946533203
25, 1124, 1589, 0.1294168382883072
26, 821, 1580, 0.13832873106002808
27, 1112, 1999, 0.5464680194854736
28, 833, 1988, 0.4534286558628082
29, 1116, 2060, 0.5687695145606995
30, 827, 2044, 0.47501829266548157
31, 1075, 2140, 0.25062233209609985
32, 882, 2143, 0.1309962272644043
0, 999, 290, -0.8553944826126099
1, 1026, 242, -0.8244922757148743
2, 1043, 240, -0.8245342969894409
3, 1055, 239, -0.8244193196296692
4, 971, 246, -0.8266567587852478
5, 953, 247, -0.8267762660980225
6, 936, 248, -0.8270660638809204
7, 1080, 253, -0.5594508051872253
8, 915, 266, -0.5576726794242859
9, 1035, 333, -0.7413445711135864
10, 968, 338, -0.7435964941978455
11, 1229, 498, -0.34020572900772095
12, 777, 513, -0.3359026312828064
13, 1333, 894, -0.5414342880249023
14, 664, 906, -0.5392119288444519
15, 1165, 780, -1.0862243175506592
16, 865, 807, -1.0721442699432373
17, 1107, 758, -1.194913625717163
18, 933, 803, -1.1718097925186157
19, 1092, 693, -1.1846750974655151
20, 944, 737, -1.1634820699691772
21, 1098, 694, -1.0905271768569946
22, 932, 730, -1.074642300605774
23, 1131, 1099, -0.016075683757662773
24, 859, 1088, 0.017364779487252235
25, 1124, 1589, 0.1320948451757431
26, 821, 1579, 0.1383383572101593
27, 1112, 1999, 0.5553497672080994
28, 834, 1986, 0.4651864171028137
29, 1117, 2059, 0.5796496868133545
30, 829, 2042, 0.4886874854564667
31, 1075, 2139, 0.25398123264312744
32, 883, 2142, 0.14582210779190063
0, 999, 290, -0.8322283625602722
1, 1025, 242, -0.8027600049972534
2, 1042, 240, -0.8027690052986145
3, 1055, 239, -0.8026832938194275
4, 970, 246, -0.8061288595199585
5, 953, 247, -0.8061978816986084
6, 935, 248, -0.8064336776733398
7, 1080, 253, -0.5360563397407532
8, 915, 267, -0.543948233127594
9, 1035, 333, -0.7253080010414124
10, 968, 338, -0.7282674312591553
11, 1229, 498, -0.322748601436615
12, 780, 513, -0.33166059851646423
13, 1342, 891, -0.49563220143318176
14, 664, 905, -0.5210756659507751
15, 1159, 776, -0.9997159242630005
16, 875, 807, -1.0257807970046997
17, 1099, 765, -1.1050091981887817
18, 937, 805, -1.1239547729492188
19, 1075, 698, -1.092901587486267
20, 944, 744, -1.1172317266464233
21, 1084, 698, -1.002440094947815
22, 933, 738, -1.0283458232879639
23, 1132, 1099, -0.01411714032292366
24, 860, 1087, 0.015433183871209621
25, 1124, 1586, 0.13719014823436737
26, 821, 1577, 0.13728958368301392
27, 1112, 1996, 0.5542014837265015
28, 836, 1982, 0.45355886220932007
29, 1118, 2057, 0.5778769254684448
30, 831, 2037, 0.47606360912323
31, 1076, 2136, 0.26413989067077637
32, 885, 2139, 0.14196504652500153
0, 999, 290, -0.8779075741767883
1, 1025, 242, -0.8441453576087952
2, 1042, 240, -0.8441479802131653
3, 1055, 239, -0.8440132141113281
4, 970, 246, -0.8490458130836487
5, 953, 247, -0.8491571545600891
6, 935, 248, -0.8493754863739014
7, 1080, 253, -0.5598286390304565
8, 915, 267, -0.5745707154273987
9, 1035, 333, -0.7667564749717712
10, 968, 338, -0.7712147235870361
11, 1229, 499, -0.33954355120658875
12, 780, 513, -0.3617146909236908
13, 1361, 890, -0.5309253334999084
14, 664, 904, -0.5676947832107544
15, 1165, 782, -1.0616660118103027
16, 876, 812, -1.1016682386398315
17, 1105, 772, -1.175133466720581
18, 938, 813, -1.2076245546340942
19, 1077, 714, -1.1625279188156128
20, 946, 751, -1.2030220031738281
21, 1085, 705, -1.0646142959594727
22, 934, 743, -1.1056153774261475
23, 1132, 1100, -0.014095268212258816
24, 860, 1090, 0.015405416488647461
25, 1124, 1587, 0.1420450061559677
26, 821, 1579, 0.14454230666160583
27, 1112, 1997, 0.5922698974609375
28, 834, 1983, 0.4949987530708313
29, 1118, 2057, 0.619301974773407
30, 830, 2038, 0.5215553045272827
31, 1076, 2138, 0.30180346965789795
32, 884, 2140, 0.17786958813667297
0, 998, 290, -0.8619750738143921
1, 1024, 242, -0.8318251967430115
2, 1042, 241, -0.8317924737930298
3, 1054, 239, -0.8316994905471802
4, 969, 246, -0.8361672163009644
5, 952, 247, -0.8362912535667419
6, 934, 249, -0.8365197777748108
7, 1079, 253, -0.5602834224700928
8, 915, 267, -0.5731972455978394
9, 1034, 333, -0.7563102841377258
10, 967, 338, -0.7600700855255127
11, 1229, 499, -0.34183424711227417
12, 781, 512, -0.3643571436405182
13, 1379, 884, -0.5017610788345337
14, 666, 904, -0.562156081199646
15, 1170, 784, -0.9797124862670898
16, 893, 811, -1.0484504699707031
17, 1112, 798, -1.0821149349212646
18, 950, 813, -1.1475780010223389
19, 1080, 745, -1.0718532800674438
20, 953, 750, -1.1380068063735962
21, 1089, 733, -0.9828456044197083
22, 942, 742, -1.0491434335708618
23, 1133, 1100, -0.013245681300759315
24, 863, 1090, 0.014594943262636662
25, 1125, 1587, 0.15162651240825653
26, 821, 1579, 0.158579021692276
27, 1113, 1997, 0.5904980897903442
28, 835, 1983, 0.5056074857711792
29, 1119, 2058, 0.6174375414848328
30, 830, 2038, 0.5313799977302551
31, 1076, 2138, 0.30134016275405884
32, 885, 2140, 0.19356319308280945
0, 997, 291, -0.8655713796615601
1, 1023, 242, -0.8356513381004333
2, 1041, 241, -0.8356233239173889
3, 1053, 239, -0.8355319499969482
4, 968, 246, -0.8395897746086121
5, 951, 247, -0.8397153615951538
6, 933, 249, -0.8399442434310913
7, 1079, 253, -0.5665327310562134
8, 915, 267, -0.5740653872489929
9, 1033, 333, -0.758612334728241
10, 966, 338, -0.762255072593689
11, 1230, 501, -0.3508659303188324
12, 782, 513, -0.3674789071083069
13, 1384, 881, -0.498292475938797
14, 667, 905, -0.5522281527519226
15, 1167, 800, -0.9447445273399353
16, 898, 812, -1.0236467123031616
17, 1107, 815, -1.040462851524353
18, 957, 813, -1.1215578317642212
19, 1076, 759, -1.0304287672042847
20, 963, 752, -1.1097683906555176
21, 1087, 748, -0.9466773271560669
22, 949, 745, -1.0233662128448486
23, 1133, 1100, -0.013230295851826668
24, 864, 1091, 0.014573800377547741
25, 1125, 1587, 0.16466587781906128
26, 822, 1578, 0.1610463559627533
27, 1114, 1995, 0.6002333760261536
28, 836, 1982, 0.504008412361145
29, 1120, 2056, 0.6272045969963074
30, 831, 2037, 0.5293483138084412
31, 1077, 2136, 0.31903892755508423
32, 886, 2140, 0.19440750777721405
0, 996, 291, -0.8664758801460266
1, 1022, 242, -0.8374924063682556
2, 1040, 241, -0.8374572396278381
3, 1053, 240, -0.8373767137527466
4, 967, 246, -0.8407188653945923
5, 950, 247, -0.8408426642417908
6, 932, 249, -0.8410769701004028
7, 1078, 253, -0.5675159692764282
8, 915, 267, -0.574756383895874
9, 1033, 333, -0.7600097060203552
10, 965, 338, -0.7625194787979126
11, 1231, 501, -0.3510865867137909
12, 783, 513, -0.36730140447616577
13, 1386, 880, -0.4853251874446869
14, 668, 905, -0.5390946865081787
15, 1167, 808, -0.928005576133728
16, 901, 813, -1.008256435394287
17, 1106, 826, -1.0236824750900269
18, 964, 816, -1.1057647466659546
19, 1075, 769, -1.015313744544983
20, 971, 757, -1.0944156646728516
21, 1086, 757, -0.930711030960083
22, 955, 750, -1.0079171657562256
23, 1133, 1101, -0.013329039327800274
24, 865, 1093, 0.014683026820421219
25, 1125, 1587, 0.16053643822669983
26, 822, 1578, 0.16021834313869476
27, 1114, 1995, 0.5998420715332031
28, 836, 1983, 0.5024995803833008
29, 1120, 2056, 0.6267544627189636
30, 831, 2037, 0.5279517769813538
31, 1076, 2136, 0.3182382583618164
32, 885, 2140, 0.19195148348808289
0, 994, 291, -0.8656635284423828
1, 1020, 242, -0.8370660543441772
2, 1039, 241, -0.8370290994644165
3, 1052, 240, -0.8369500637054443
4, 965, 246, -0.8398048281669617
5, 948, 247, -0.839924156665802
6, 930, 248, -0.8401662111282349
7, 1077, 253, -0.567973792552948
8, 914, 267, -0.5730180144309998
9, 1032, 333, -0.7596330046653748
10, 963, 338, -0.761285126209259
11, 1231, 501, -0.34943389892578125
12, 783, 513, -0.36654534935951233
13, 1388, 877, -0.4766538739204407
14, 668, 905, -0.5328251719474792
15, 1168, 813, -0.928542971611023
16, 902, 817, -1.0057402849197388
17, 1106, 837, -1.0262285470962524
18, 965, 820, -1.1041613817214966
19, 1076, 777, -1.0195183753967285
20, 973, 764, -1.0938652753829956
21, 1087, 764, -0.9324871301651001
22, 956, 756, -1.005743145942688
23, 1133, 1101, -0.01338445208966732
24, 865, 1095, 0.014748567715287209
25, 1125, 1588, 0.15800221264362335
26, 822, 1578, 0.15885405242443085
27, 1114, 1996, 0.5951111912727356
28, 836, 1983, 0.5014547109603882
29, 1120, 2056, 0.6206146478652954
30, 832, 2037, 0.5263637900352478
31, 1076, 2137, 0.306666761636734
32, 885, 2141, 0.1874864548444748
0, 993, 291, -0.857613205909729
1, 1019, 242, -0.82719886302948
2, 1039, 241, -0.8271893262863159
3, 1051, 240, -0.8270951509475708
4, 964, 246, -0.8303649425506592
5, 947, 247, -0.8304567933082581
6, 929, 248, -0.8307026028633118
7, 1076, 253, -0.5546508431434631
8, 914, 267, -0.5609304904937744
9, 1031, 333, -0.7510830163955688
10, 962, 338, -0.7531262636184692
11, 1231, 501, -0.34000664949417114
12, 783, 514, -0.35746896266937256
13, 1392, 872, -0.4740215539932251
14, 668, 905, -0.5321797728538513
15, 1167, 813, -0.9338246583938599
16, 902, 820, -1.0172324180603027
17, 1101, 838, -1.0342546701431274
18, 965, 825, -1.1174086332321167
19, 1069, 778, -1.0262577533721924
20, 975, 770, -1.1074848175048828
21, 1082, 764, -0.9371059536933899
22, 958, 763, -1.0178122520446777
23, 1133, 1102, -0.013426274061203003
24, 865, 1096, 0.01480040606111288
25, 1125, 1588, 0.15646891295909882
26, 822, 1578, 0.15717698633670807
27, 1114, 1996, 0.5902754664421082
28, 835, 1983, 0.49150368571281433
29, 1120, 2056, 0.6144879460334778
30, 831, 2038, 0.515239953994751
31, 1076, 2138, 0.29390937089920044
32, 885, 2142, 0.16897448897361755
0, 992, 291, -0.8500690460205078
1, 1019, 242, -0.8189602494239807
2, 1038, 241, -0.8189709782600403
3, 1051, 240, -0.8188678622245789
4, 963, 246, -0.821982204914093
5, 946, 247, -0.8220577239990234
6, 928, 248, -0.8223064541816711
7, 1075, 253, -0.5446448922157288
8, 913, 267, -0.5500428080558777
9, 1031, 333, -0.7431992888450623
10, 961, 338, -0.7450830340385437
11, 1231, 501, -0.33108001947402954
12, 783, 514, -0.34637677669525146
13, 1392, 871, -0.46779975295066833
14, 668, 905, -0.5286862850189209
15, 1167, 813, -0.932393491268158
16, 902, 821, -1.0246660709381104
17, 1101, 836, -1.034523367881775
18, 964, 826, -1.1260055303573608
19, 1069, 777, -1.0267380475997925
20, 974, 773, -1.1164339780807495
21, 1082, 764, -0.9358617067337036
22, 958, 765, -1.0257313251495361
23, 1133, 1103, -0.013492071069777012
24, 865, 1098, 0.014878747053444386
25, 1126, 1589, 0.15548881888389587
26, 822, 1579, 0.15654359757900238
27, 1114, 1998, 0.5867358446121216
28, 835, 1984, 0.4914678633213043
29, 1120, 2058, 0.6102223992347717
30, 831, 2039, 0.5152289867401123
31, 1076, 2139, 0.28600141406059265
32, 885, 2143, 0.16814886033535004
0, 992, 291, -0.8493483662605286
1, 1018, 243, -0.8178450465202332
2, 1038, 241, -0.817849338054657
3, 1050, 240, -0.8177467584609985
4, 963, 246, -0.8214384317398071
5, 945, 247, -0.8215152025222778
6, 927, 248, -0.8217628598213196
7, 1074, 254, -0.5427019596099854
8, 913, 267, -0.5510276556015015
9, 1030, 333, -0.7422221302986145
10, 961, 339, -0.7448291182518005
11, 1231, 501, -0.3293534517288208
12, 783, 514, -0.34789422154426575
13, 1392, 870, -0.47296348214149475
14, 668, 905, -0.5317890048027039
15, 1167, 811, -0.9452059268951416
16, 902, 821, -1.0287011861801147
17, 1101, 836, -1.048012614250183
18, 964, 825, -1.1300965547561646
19, 1067, 776, -1.0401208400726318
20, 976, 773, -1.1204112768173218
21, 1081, 764, -0.9488925933837891
22, 960, 766, -1.029655933380127
23, 1133, 1103, -0.013213574886322021
24, 866, 1098, 0.014605491422116756
25, 1126, 1589, 0.15807479619979858
26, 822, 1579, 0.1563788503408432
27, 1114, 1998, 0.5880603194236755
28, 835, 1984, 0.4902438521385193
29, 1120, 2058, 0.6117932200431824
30, 831, 2039, 0.5139507055282593
31, 1076, 2139, 0.2871481776237488
32, 885, 2143, 0.16617363691329956
0, 992, 291, -0.8364420533180237
1, 1018, 243, -0.8055985569953918
2, 1038, 241, -0.8055975437164307
3, 1050, 240, -0.8054997324943542
4, 962, 246, -0.8095678687095642
5, 945, 247, -0.8096345663070679
6, 927, 248, -0.8098804950714111
7, 1074, 254, -0.5344572067260742
8, 912, 267, -0.5445748567581177
9, 1030, 334, -0.7308804392814636
10, 960, 339, -0.7340139150619507
11, 1231, 502, -0.32506227493286133
12, 783, 514, -0.3465191125869751
13, 1391, 870, -0.47324177622795105
14, 668, 905, -0.5340251326560974
15, 1166, 807, -0.9465849995613098
16, 902, 820, -1.02736234664917
17, 1100, 834, -1.0490919351577759
18, 964, 825, -1.127922773361206
19, 1064, 775, -1.0398885011672974
20, 976, 772, -1.117421269416809
21, 1078, 763, -0.9497402906417847
22, 960, 765, -1.0278146266937256
23, 1133, 1104, -0.012742356397211552
24, 866, 1098, 0.014141381718218327
25, 1125, 1589, 0.15984974801540375
26, 820, 1578, 0.15619823336601257
27, 1112, 1998, 0.5883041620254517
28, 832, 1984, 0.4882335364818573
29, 1118, 2058, 0.6122112274169922
30, 827, 2039, 0.5117598176002502
31, 1073, 2139, 0.2889387905597687
32, 882, 2142, 0.16448822617530823
0, 992, 291, -0.8306739330291748
1, 1018, 243, -0.8008044958114624
2, 1037, 241, -0.8007944226264954
3, 1050, 240, -0.8007007241249084
4, 962, 246, -0.8044613003730774
5, 944, 247, -0.8045256733894348
6, 926, 248, -0.8047741651535034
7, 1073, 254, -0.5323100090026855
8, 912, 267, -0.5410263538360596
9, 1030, 334, -0.7259674668312073
10, 960, 339, -0.7286571860313416
11, 1231, 502, -0.3235127627849579
12, 783, 514, -0.34590408205986023
13, 1391, 870, -0.47492921352386475
14, 667, 905, -0.5351496338844299
15, 1167, 806, -0.9503540396690369
16, 902, 820, -1.0265132188796997
17, 1101, 833, -1.0524511337280273
18, 963, 824, -1.1264557838439941
19, 1064, 774, -1.042622447013855
20, 976, 771, -1.1152656078338623
21, 1079, 763, -0.9534534811973572
22, 960, 765, -1.026604413986206
23, 1132, 1104, -0.012584667652845383
24, 865, 1098, 0.013990127481520176
25, 1124, 1589, 0.16118530929088593
26, 818, 1579, 0.15575219690799713
27, 1110, 1998, 0.5906365513801575
28, 830, 1985, 0.4883614182472229
29, 1116, 2058, 0.6150038242340088
30, 825, 2039, 0.5118542313575745
31, 1071, 2140, 0.29369527101516724
32, 879, 2144, 0.16509784758090973
0, 991, 291, -0.8244073390960693
1, 1017, 243, -0.7950131297111511
2, 1037, 242, -0.7950003147125244
3, 1050, 240, -0.7949094176292419
4, 962, 246, -0.7987721562385559
5, 944, 247, -0.7988387942314148
6, 926, 248, -0.799087405204773
7, 1073, 254, -0.5285592675209045
8, 912, 267, -0.5376726984977722
9, 1030, 334, -0.7203653454780579
10, 960, 339, -0.7231712341308594
11, 1232, 503, -0.32005774974823
12, 783, 514, -0.34451451897621155
13, 1391, 870, -0.4731625020503998
14, 666, 905, -0.5338975191116333
15, 1167, 805, -0.9505937695503235
16, 902, 820, -1.020569086074829
17, 1102, 832, -1.0521973371505737
18, 963, 824, -1.119614839553833
19, 1064, 773, -1.041835069656372
20, 976, 771, -1.1082381010055542
21, 1079, 762, -0.9535390138626099
22, 960, 764, -1.0204061269760132
23, 1132, 1105, -0.012138287536799908
24, 864, 1098, 0.013556268066167831
25, 1122, 1591, 0.16105018556118011
26, 816, 1579, 0.1541617512702942
27, 1108, 1999, 0.5904247164726257
28, 828, 1985, 0.4848656952381134
29, 1114, 2059, 0.6149007081985474
30, 823, 2040, 0.5081495046615601
31, 1069, 2141, 0.2938061058521271
32, 877, 2145, 0.16146694123744965
0, 991, 291, -0.8261436820030212
1, 1017, 243, -0.7966755032539368
2, 1037, 242, -0.796661376953125
3, 1050, 240, -0.7965694069862366
4, 962, 246, -0.8005249500274658
5, 944, 247, -0.8005994558334351
6, 926, 248, -0.8008474707603455
7, 1073, 254, -0.5298197865486145
8, 912, 267, -0.5393503308296204
9, 1030, 334, -0.7218862771987915
10, 960, 339, -0.7248327732086182
11, 1232, 503, -0.32019704580307007
12, 783, 515, -0.3449428379535675
13, 1390, 871, -0.4720272719860077
14, 666, 905, -0.5336252450942993
15, 1169, 805, -0.9503715634346008
16, 902, 820, -1.0194429159164429
17, 1105, 831, -1.0517343282699585
18, 962, 824, -1.1182082891464233
19, 1067, 773, -1.041591763496399
20, 976, 770, -1.107399821281433
21, 1080, 762, -0.9534228444099426
22, 960, 764, -1.019468903541565
23, 1132, 1105, -0.011776816099882126
24, 864, 1098, 0.013201759196817875
25, 1122, 1591, 0.1605975329875946
26, 816, 1579, 0.1522844135761261
27, 1108, 2000, 0.5896657705307007
28, 827, 1986, 0.48147308826446533
29, 1114, 2060, 0.6140168309211731
30, 822, 2040, 0.5046135783195496
31, 1069, 2142, 0.2937712073326111
32, 877, 2145, 0.15848392248153687
0, 991, 291, -0.8281800150871277
1, 1017, 243, -0.7986308336257935
2, 1037, 242, -0.7986034750938416
3, 1049, 240, -0.7985108494758606
4, 962, 246, -0.8033136129379272
5, 944, 247, -0.8034089803695679
6, 926, 248, -0.8036617040634155
7, 1073, 254, -0.5327548384666443
8, 912, 267, -0.5452362298965454
9, 1030, 334, -0.7245014905929565
10, 960, 339, -0.7284033894538879
11, 1232, 503, -0.32227852940559387
12, 782, 515, -0.3509160280227661
13, 1390, 871, -0.4731285274028778
14, 665, 905, -0.5364726185798645
15, 1169, 805, -0.9516702890396118
16, 901, 820, -1.0214389562606812
17, 1105, 830, -1.053010106086731
18, 961, 824, -1.1205837726593018
19, 1067, 772, -1.0431499481201172
20, 975, 770, -1.109884262084961
21, 1080, 762, -0.9548042416572571
22, 960, 764, -1.0215996503829956
23, 1132, 1106, -0.011493688449263573
24, 864, 1098, 0.012915306724607944
25, 1122, 1591, 0.16062204539775848
26, 816, 1579, 0.1519075334072113
27, 1108, 2001, 0.5895798802375793
28, 827, 1986, 0.48152434825897217
29, 1114, 2061, 0.6140356659889221
30, 822, 2041, 0.5047779679298401
31, 1069, 2142, 0.29524749517440796
32, 877, 2146, 0.15925954282283783
0, 991, 291, -0.8378294706344604
1, 1017, 243, -0.8076622486114502
2, 1037, 242, -0.8076198101043701
3, 1049, 241, -0.8075281977653503
4, 962, 246, -0.8127277493476868
5, 944, 247, -0.812829852104187
6, 926, 248, -0.8130737543106079
7, 1073, 254, -0.5403631925582886
8, 911, 266, -0.5547029972076416
9, 1030, 334, -0.7336997985839844
10, 959, 339, -0.738121747970581
11, 1232, 503, -0.3283008337020874
12, 782, 515, -0.35792043805122375
13, 1390, 871, -0.47479212284088135
14, 665, 905, -0.5413323640823364
15, 1168, 805, -0.9523807168006897
16, 901, 820, -1.0226012468338013
17, 1103, 830, -1.0534660816192627
18, 960, 824, -1.1220406293869019
19, 1065, 772, -1.0434657335281372
20, 974, 770, -1.1114037036895752
21, 1079, 761, -0.9554389715194702
22, 959, 764, -1.0228763818740845
23, 1132, 1106, -0.011044846847653389
24, 864, 1098, 0.012462137266993523
25, 1122, 1592, 0.16094721853733063
26, 816, 1579, 0.1513143926858902
27, 1108, 2001, 0.5897806882858276
28, 827, 1986, 0.4812778830528259
29, 1114, 2061, 0.6143630146980286
30, 822, 2041, 0.5045949816703796
31, 1069, 2142, 0.2969341278076172
32, 877, 2146, 0.15958864986896515
0, 991, 291, -0.8600338697433472
1, 1017, 243, -0.8289633989334106
2, 1037, 242, -0.828921914100647
3, 1049, 241, -0.8288422226905823
4, 962, 246, -0.8340148329734802
5, 944, 247, -0.8341253399848938
6, 926, 248, -0.834364116191864
7, 1073, 254, -0.5569784641265869
8, 911, 266, -0.5721215605735779
9, 1030, 334, -0.7538928985595703
10, 959, 339, -0.7584108114242554
11, 1232, 503, -0.3410942852497101
12, 781, 516, -0.37031814455986023
13, 1390, 872, -0.4856914281845093
14, 664, 905, -0.5532146692276001
15, 1165, 805, -0.9557334780693054
16, 901, 820, -1.0292775630950928
17, 1098, 830, -1.0561468601226807
18, 960, 823, -1.1278434991836548
19, 1061, 772, -1.0452172756195068
20, 974, 770, -1.1172199249267578
21, 1077, 761, -0.9581108689308167
22, 959, 764, -1.02932608127594
23, 1132, 1106, -0.010768822394311428
24, 864, 1097, 0.012171507813036442
25, 1122, 1591, 0.1629793643951416
26, 816, 1579, 0.15144473314285278
27, 1108, 2000, 0.5939656496047974
28, 827, 1985, 0.4838087260723114
29, 1114, 2060, 0.6190868020057678
30, 822, 2040, 0.5074967741966248
31, 1069, 2141, 0.30334511399269104
32, 877, 2145, 0.16409367322921753
0, 991, 291, -0.859348475933075
1, 1017, 243, -0.8286753296852112
2, 1037, 241, -0.828637421131134
3, 1049, 240, -0.8285728693008423
4, 962, 246, -0.8335812091827393
5, 944, 246, -0.8336915969848633
6, 926, 248, -0.8339346647262573
7, 1073, 254, -0.5568298697471619
8, 911, 266, -0.5701830387115479
9, 1030, 334, -0.7530784010887146
10, 959, 339, -0.7570168375968933
11, 1232, 503, -0.34096765518188477
12, 781, 516, -0.36869245767593384
13, 1390, 872, -0.48415616154670715
14, 664, 904, -0.5500873923301697
15, 1160, 805, -0.9383280277252197
16, 901, 820, -1.0208404064178467
17, 1091, 830, -1.0367300510406494
18, 960, 825, -1.1185894012451172
19, 1057, 772, -1.024978518486023
20, 975, 772, -1.1073687076568604
21, 1073, 761, -0.9394422769546509
22, 960, 765, -1.0206069946289062
23, 1132, 1105, -0.010717952623963356
24, 864, 1097, 0.01211286149919033
25, 1122, 1591, 0.16500167548656464
26, 816, 1578, 0.15318727493286133
27, 1108, 1999, 0.5969966650009155
28, 828, 1984, 0.48813706636428833
29, 1114, 2059, 0.6226751208305359
30, 823, 2039, 0.5122827887535095
31, 1069, 2140, 0.3106840252876282
32, 877, 2143, 0.1738700568675995
0, 991, 291, -0.8357452750205994
1, 1017, 242, -0.805611252784729
2, 1037, 241, -0.805591344833374
3, 1049, 240, -0.8054925203323364
4, 962, 246, -0.8091632127761841
5, 944, 246, -0.8092204928398132
6, 926, 247, -0.8094797730445862
7, 1073, 254, -0.5384460091590881
8, 911, 266, -0.5456914901733398
9, 1030, 333, -0.7315267324447632
10, 960, 338, -0.7338771820068359
11, 1232, 503, -0.331339031457901
12, 782, 516, -0.35087835788726807
13, 1390, 872, -0.4623910188674927
14, 663, 904, -0.525495171546936
15, 1159, 814, -0.9024927020072937
16, 901, 824, -0.9919030666351318
17, 1089, 845, -0.9990664720535278
18, 964, 832, -1.088495135307312
19, 1056, 781, -0.9874392151832581
20, 979, 777, -1.0763294696807861
21, 1071, 766, -0.9036409258842468
22, 962, 768, -0.9907652735710144
23, 1132, 1105, -0.01160407904535532
24, 864, 1097, 0.013023740611970425
25, 1126, 1591, 0.1589294970035553
26, 819, 1580, 0.15831945836544037
27, 1113, 2000, 0.5902696251869202
28, 832, 1987, 0.49827972054481506
29, 1120, 2060, 0.6155881881713867
30, 827, 2042, 0.5232304334640503
31, 1074, 2143, 0.2985609471797943
32, 882, 2146, 0.18067292869091034
0, 991, 289, -0.8264204263687134
1, 1017, 242, -0.7953252792358398
2, 1037, 240, -0.7953331470489502
3, 1049, 240, -0.7952150702476501
4, 962, 245, -0.7989485859870911
5, 944, 245, -0.7989838719367981
6, 926, 247, -0.7992345690727234
7, 1073, 254, -0.5279518365859985
8, 911, 266, -0.5362920761108398
9, 1030, 332, -0.7226472496986389
10, 960, 338, -0.7254191040992737
11, 1231, 503, -0.32720744609832764
12, 782, 516, -0.33978402614593506
13, 1389, 872, -0.45006829500198364
14, 662, 904, -0.5138512849807739
15, 1155, 814, -0.8810413479804993
16, 900, 828, -0.9892141819000244
17, 1087, 847, -0.9787776470184326
18, 962, 844, -1.0867741107940674
19, 1053, 790, -0.9680206179618835
20, 979, 791, -1.0761958360671997
21, 1067, 772, -0.8819633722305298
22, 962, 779, -0.9891006946563721
23, 1132, 1106, -0.01233676914125681
24, 864, 1098, 0.013773097656667233
25, 1126, 1592, 0.15790897607803345
26, 819, 1581, 0.16341301798820496
27, 1113, 2002, 0.5902602672576904
28, 832, 1988, 0.5080093145370483
29, 1120, 2062, 0.6155746579170227
30, 827, 2043, 0.5337855219841003
31, 1074, 2145, 0.2977606952190399
32, 883, 2147, 0.1890752911567688
0, 991, 288, -0.8497494459152222
1, 1017, 241, -0.8142145276069641
2, 1037, 240, -0.8142632246017456
3, 1049, 239, -0.8140891790390015
4, 962, 244, -0.818130373954773
5, 944, 245, -0.818186342716217
6, 926, 246, -0.8184487819671631
7, 1073, 253, -0.5313796997070312
8, 911, 265, -0.5418490767478943
9, 1030, 331, -0.7414963841438293
10, 960, 337, -0.7451249957084656
11, 1231, 502, -0.3337622582912445
12, 782, 517, -0.34096258878707886
13, 1387, 872, -0.45340627431869507
14, 659, 904, -0.5196574330329895
15, 1155, 819, -0.8997703790664673
16, 895, 842, -1.0295751094818115
17, 1088, 857, -0.9952954053878784
18, 953, 865, -1.1334433555603027
19, 1053, 808, -0.9739134907722473
20, 977, 812, -1.1279356479644775
21, 1067, 788, -0.9007400870323181
22, 960, 798, -1.0327248573303223
23, 1132, 1106, -0.01370744127780199
24, 864, 1099, 0.015153410844504833
25, 1128, 1595, 0.15409429371356964
26, 818, 1585, 0.16631050407886505
27, 1113, 2006, 0.5926066040992737
28, 831, 1991, 0.5232954025268555
29, 1120, 2066, 0.6179685592651367
30, 826, 2046, 0.550267219543457
31, 1074, 2151, 0.2961564064025879
32, 883, 2150, 0.19867058098316193
0, 992, 285, -0.8499611020088196
1, 1018, 239, -0.814039945602417
2, 1037, 238, -0.8140971064567566
3, 1049, 237, -0.8139193058013916
4, 962, 243, -0.8181272149085999
5, 945, 243, -0.8181833028793335
6, 926, 245, -0.8184455037117004
7, 1073, 253, -0.5282971858978271
8, 911, 265, -0.5425155758857727
9, 1030, 328, -0.7415153980255127
10, 960, 335, -0.7456855773925781
11, 1231, 502, -0.3336483836174011
12, 782, 520, -0.3400161564350128
13, 1387, 872, -0.45728710293769836
14, 655, 904, -0.5214009881019592
15, 1162, 826, -0.9066627025604248
16, 885, 858, -1.0309770107269287
17, 1099, 873, -1.0061991214752197
18, 946, 894, -1.1342735290527344
19, 1059, 826, -0.990218997001648
20, 972, 843, -1.1302152872085571
21, 1069, 804, -0.9087039232254028
22, 955, 827, -1.0348656177520752
23, 1133, 1107, -0.015580263920128345
24, 865, 1100, 0.01702987775206566
25, 1131, 1600, 0.14392895996570587
26, 818, 1590, 0.16537562012672424
27, 1114, 2014, 0.5974377989768982
28, 831, 1996, 0.5245832204818726
29, 1120, 2074, 0.6239869594573975
30, 825, 2053, 0.5520733594894409
31, 1075, 2160, 0.29721009731292725
32, 884, 2155, 0.19928495585918427
0, 992, 283, -0.8497080206871033
1, 1018, 237, -0.812449038028717
2, 1037, 236, -0.8125141263008118
3, 1050, 236, -0.8123281598091125
4, 963, 241, -0.816966712474823
5, 945, 242, -0.8170336484909058
6, 927, 244, -0.8173138499259949
7, 1073, 252, -0.521984338760376
8, 912, 264, -0.5379671454429626
9, 1030, 327, -0.7409742474555969
10, 961, 333, -0.7455554604530334
11, 1231, 502, -0.33161070942878723
12, 781, 520, -0.3363662362098694
13, 1387, 871, -0.4591980576515198
14, 649, 899, -0.507688581943512
15, 1163, 845, -0.9086361527442932
16, 885, 883, -0.9844866991043091
17, 1098, 898, -1.0110496282577515
18, 952, 934, -1.0829226970672607
19, 1058, 848, -0.9984763860702515
20, 983, 883, -1.0799081325531006
21, 1068, 827, -0.9109800457954407
22, 962, 861, -0.9873976111412048
23, 1134, 1108, -0.019170604646205902
24, 865, 1101, 0.020652946084737778
25, 1133, 1609, 0.13172483444213867
26, 818, 1597, 0.1643405556678772
27, 1114, 2025, 0.5967475771903992
28, 830, 2007, 0.5202570557594299
29, 1120, 2086, 0.6236449480056763
30, 824, 2065, 0.5471022725105286
31, 1075, 2174, 0.2895931601524353
32, 883, 2167, 0.1986117660999298
0, 993, 281, -0.8464559316635132
1, 1018, 236, -0.8062503337860107
2, 1037, 235, -0.8063374757766724
3, 1050, 234, -0.8061295747756958
4, 963, 240, -0.8110862374305725
5, 946, 241, -0.8111759424209595
6, 927, 242, -0.8114927411079407
7, 1073, 251, -0.5124821662902832
8, 912, 263, -0.5293108820915222
9, 1030, 326, -0.7359363436698914
10, 961, 332, -0.7412382364273071
11, 1232, 504, -0.32473596930503845
12, 778, 520, -0.3308650851249695
13, 1385, 871, -0.44137492775917053
14, 643, 895, -0.4776143729686737
15, 1163, 868, -0.8859325051307678
16, 880, 913, -0.929916501045227
17, 1096, 925, -0.9952231645584106
18, 951, 971, -1.0281589031219482
19, 1057, 871, -0.9906066656112671
20, 983, 926, -1.0323290824890137
21, 1066, 850, -0.890625
22, 962, 899, -0.9356234669685364
23, 1137, 1114, -0.02005496807396412
24, 866, 1106, 0.02153570018708706
25, 1136, 1619, 0.11954925209283829
26, 819, 1609, 0.16419996321201324
27, 1115, 2034, 0.6097667217254639
28, 830, 2020, 0.5504974126815796
29, 1120, 2095, 0.6404100656509399
30, 824, 2079, 0.5817105174064636
31, 1076, 2188, 0.3072470724582672
32, 884, 2181, 0.22771167755126953
0, 993, 280, -0.8396450281143188
1, 1019, 235, -0.7996650338172913
2, 1038, 234, -0.7997711896896362
3, 1050, 234, -0.7995956540107727
4, 964, 239, -0.8055753111839294
5, 947, 240, -0.8057600259780884
6, 928, 241, -0.8061359524726868
7, 1073, 251, -0.5122837424278259
8, 912, 262, -0.5318847298622131
9, 1031, 325, -0.729981541633606
10, 962, 331, -0.7371620535850525
11, 1232, 507, -0.3148614466190338
12, 773, 521, -0.3308677673339844
13, 1384, 871, -0.4075455665588379
14, 635, 893, -0.4143375754356384
15, 1166, 905, -0.8350458145141602
16, 876, 957, -0.8040493130683899
17, 1098, 966, -0.9395198225975037
18, 951, 1024, -0.8940945863723755
19, 1060, 913, -0.9405108690261841
20, 982, 983, -0.9049854874610901
21, 1068, 888, -0.8404154181480408
22, 958, 949, -0.8108576536178589
23, 1143, 1114, -0.018154580146074295
24, 865, 1105, 0.01946375146508217
25, 1137, 1620, 0.09277545660734177
26, 820, 1609, 0.10014376044273376
27, 1117, 2033, 0.5610060095787048
28, 831, 2020, 0.4534161686897278
29, 1122, 2094, 0.5904697775840759
30, 826, 2080, 0.48014843463897705
31, 1079, 2186, 0.2774081230163574
32, 886, 2179, 0.1454753428697586
0, 994, 280, -0.8007746934890747
1, 1019, 235, -0.7624386548995972
2, 1038, 234, -0.7626012563705444
3, 1050, 234, -0.7624871730804443
4, 965, 239, -0.7665539383888245
5, 947, 240, -0.7667434811592102
6, 929, 241, -0.7671487927436829
7, 1073, 251, -0.4907381236553192
8, 912, 262, -0.505971372127533
9, 1031, 325, -0.6966102123260498
10, 963, 331, -0.7019413709640503
11, 1234, 515, -0.30583956837654114
12, 770, 522, -0.296358197927475
13, 1378, 871, -0.37205296754837036
14, 632, 888, -0.3515610694885254
15, 1169, 939, -0.7471379637718201
16, 868, 992, -0.7399448156356812
17, 1104, 997, -0.8427649736404419
18, 946, 1059, -0.8280497193336487
19, 1068, 947, -0.8486646413803101
20, 970, 1008, -0.8400344252586365
21, 1075, 920, -0.7534099221229553
22, 947, 978, -0.7488464117050171
23, 1146, 1116, -0.01915149949491024
24, 861, 1138, 0.020488450303673744
25, 1139, 1624, 0.026350850239396095
26, 824, 1609, 0.04489760100841522
27, 1121, 2037, 0.46605050563812256
28, 835, 2024, 0.36302539706230164
29, 1125, 2097, 0.49318015575408936
30, 832, 2087, 0.38601332902908325
31, 1085, 2190, 0.1913062036037445
32, 888, 2178, 0.06053122133016586
0, 995, 280, -0.742851197719574
1, 1019, 235, -0.7070183157920837
2, 1038, 234, -0.7072539925575256
3, 1050, 234, -0.7071418166160583
4, 966, 239, -0.7114299535751343
5, 948, 240, -0.7115975618362427
6, 930, 241, -0.7120134234428406
7, 1073, 251, -0.4490113854408264
8, 912, 262, -0.4661406874656677
9, 1031, 325, -0.6431141495704651
10, 964, 331, -0.6489973664283752
11, 1237, 518, -0.2750975787639618
12, 765, 525, -0.25138697028160095
13, 1374, 870, -0.2982293665409088
14, 628, 879, -0.2654432952404022
15, 1187, 960, -0.6563960313796997
16, 834, 1022, -0.6482272744178772
17, 1129, 1023, -0.7506334185600281
18, 894, 1096, -0.7327283620834351
19, 1088, 981, -0.7700198888778687
20, 917, 1045, -0.7549593448638916
21, 1093, 954, -0.6680451035499573
22, 900, 1019, -0.6612004041671753
23, 1148, 1115, -0.019809585064649582
24, 864, 1134, 0.021164679899811745
25, 1160, 1623, 0.014092219062149525
26, 853, 1609, 0.05540355294942856
27, 1153, 2036, 0.42274728417396545
28, 872, 2023, 0.34561029076576233
29, 1157, 2095, 0.4477754533290863
30, 870, 2085, 0.3658705949783325
31, 1120, 2188, 0.15857067704200745
32, 922, 2170, 0.05807742103934288
0, 995, 280, -0.7622401714324951
1, 1020, 235, -0.7164732813835144
2, 1038, 234, -0.7170876860618591
3, 1050, 234, -0.7175735235214233
4, 966, 239, -0.7195518016815186
5, 949, 240, -0.719289243221283
6, 931, 241, -0.7194455862045288
7, 1073, 251, -0.4551694989204407
8, 912, 262, -0.4860928952693939
9, 1031, 325, -0.6587238311767578
10, 964, 331, -0.6500813961029053
11, 1239, 522, -0.27635955810546875
12, 762, 526, -0.2587047815322876
13, 1372, 866, -0.33535757660865784
14, 625, 873, -0.20670150220394135
15, 1207, 981, -0.7339831590652466
16, 803, 1041, -0.5542275309562683
17, 1157, 1044, -0.8352183699607849
18, 854, 1117, -0.6387342214584351
19, 1109, 1011, -0.8559346795082092
20, 883, 1070, -0.6701401472091675
21, 1114, 987, -0.7471024990081787
22, 869, 1044, -0.5692846775054932
23, 1148, 1114, -0.02141560986638069
24, 866, 1131, 0.02258925326168537
25, 1159, 1624, -0.037978388369083405
26, 853, 1608, 0.0003810204507317394
27, 1155, 2036, 0.41929471492767334
28, 873, 2022, 0.3153688609600067
29, 1157, 2092, 0.44861140847206116
30, 874, 2084, 0.33618131279945374
31, 1127, 2187, 0.15092353522777557
32, 923, 2166, 0.018057512119412422
0, 995, 280, -0.7514753937721252
1, 1020, 235, -0.7123987674713135
2, 1038, 234, -0.7126719951629639
3, 1050, 234, -0.7127798199653625
4, 966, 239, -0.7145265936851501
5, 949, 240, -0.7146539688110352
6, 931, 241, -0.715009868144989
7, 1073, 251, -0.4465556740760803
8, 912, 262, -0.45549359917640686
9, 1032, 326, -0.6478607654571533
10, 965, 331, -0.6478864550590515
11, 1240, 526, -0.2547449469566345
12, 760, 529, -0.22342687845230103
13, 1372, 859, -0.25387704372406006
14, 625, 871, -0.1241781935095787
15, 1229, 1011, -0.6056506037712097
16, 784, 1062, -0.40938523411750793
17, 1180, 1075, -0.6961165070533752
18, 836, 1144, -0.4852200448513031
19, 1138, 1037, -0.7258087992668152
20, 873, 1099, -0.5174936652183533
21, 1142, 1017, -0.6214261651039124
22, 856, 1067, -0.42411261796951294
23, 1148, 1115, -0.021361839026212692
24, 866, 1130, 0.022505247965455055
25, 1158, 1632, -0.03948735445737839
26, 854, 1614, -0.01815430447459221
27, 1155, 2037, 0.4311046302318573
28, 873, 2027, 0.3067755699157715
29, 1157, 2093, 0.4627567529678345
30, 875, 2088, 0.3288174271583557
31, 1127, 2189, 0.17301307618618011
32, 922, 2168, 0.014406543225049973
0, 995, 280, -0.704687774181366
1, 1020, 235, -0.6702426075935364
2, 1038, 234, -0.6705335378646851
3, 1050, 234, -0.6707075834274292
4, 966, 239, -0.6699867844581604
5, 949, 240, -0.6701142191886902
6, 931, 241, -0.6704961061477661
7, 1073, 251, -0.4126817286014557
8, 912, 262, -0.40565451979637146
9, 1032, 326, -0.6034931540489197
10, 965, 331, -0.6014773845672607
11, 1241, 527, -0.23880134522914886
12, 758, 530, -0.17043375968933105
13, 1369, 855, -0.24151010811328888
14, 626, 863, 0.01322784461081028
15, 1246, 1019, -0.6234525442123413
16, 749, 1069, -0.2037157267332077
17, 1196, 1091, -0.7210861444473267
18, 786, 1164, -0.2677049934864044
19, 1157, 1047, -0.7583092451095581
20, 836, 1129, -0.31061360239982605
21, 1166, 1026, -0.6438046097755432
22, 823, 1087, -0.22205938398838043
23, 1146, 1129, -0.023978913202881813
24, 865, 1135, 0.02511749044060707
25, 1153, 1652, 0.004365405533462763
26, 844, 1627, 0.024460434913635254
27, 1144, 2046, 0.5654119253158569
28, 862, 2029, 0.4893409311771393
29, 1143, 2102, 0.609801709651947
30, 867, 2089, 0.5243433713912964
31, 1116, 2198, 0.3223920464515686
32, 909, 2173, 0.20965223014354706
0, 994, 280, -0.6798239350318909
1, 1019, 235, -0.6473575830459595
2, 1037, 234, -0.6476212739944458
3, 1050, 234, -0.6477768421173096
4, 966, 239, -0.6475207209587097
5, 948, 241, -0.6476971507072449
6, 930, 242, -0.6481112837791443
7, 1073, 251, -0.3941912353038788
8, 912, 263, -0.3898436725139618
9, 1031, 326, -0.580081045627594
10, 964, 331, -0.5791198015213013
11, 1242, 529, -0.21654418110847473
12, 758, 530, -0.17090733349323273
13, 1368, 844, -0.18854212760925293
14, 626, 847, -0.06889215856790543
15, 1254, 1032, -0.5293214917182922
16, 718, 1067, -0.3690144717693329
17, 1205, 1118, -0.6223520040512085
18, 731, 1164, -0.4504959285259247
19, 1163, 1077, -0.6722643375396729
20, 783, 1133, -0.4955616295337677
21, 1175, 1050, -0.5544030666351318
22, 782, 1094, -0.3911341726779938
23, 1144, 1132, -0.023855069652199745
24, 860, 1138, 0.02503238432109356
25, 1135, 1654, 0.003698616987094283
26, 820, 1628, 0.029505234211683273
27, 1127, 2049, 0.5161879658699036
28, 842, 2030, 0.4184180498123169
29, 1126, 2105, 0.5556285977363586
30, 848, 2089, 0.44665172696113586
31, 1094, 2198, 0.28226402401924133
32, 888, 2175, 0.13932842016220093
0, 994, 280, -0.6878789663314819
1, 1019, 235, -0.6550911068916321
2, 1037, 234, -0.655362069606781
3, 1050, 234, -0.6555975079536438
4, 965, 239, -0.6563141942024231
5, 947, 241, -0.6564763188362122
6, 930, 242, -0.6568425297737122
7, 1072, 251, -0.40134942531585693
8, 912, 263, -0.40140363574028015
9, 1031, 325, -0.5879494547843933
10, 963, 331, -0.5879581570625305
11, 1243, 528, -0.22446884214878082
12, 758, 530, -0.1841382384300232
13, 1365, 834, -0.1680547595024109
14, 629, 841, -0.0359187051653862
15, 1267, 1040, -0.47870466113090515
16, 709, 1070, -0.2722916603088379
17, 1234, 1130, -0.56438148021698
18, 724, 1172, -0.34334275126457214
19, 1195, 1087, -0.6218585968017578
20, 767, 1145, -0.39388003945350647
21, 1201, 1056, -0.5061504244804382
22, 767, 1096, -0.29570862650871277
23, 1144, 1132, -0.02220775932073593
24, 860, 1134, 0.023242419585585594
25, 1128, 1651, 0.052976880222558975
26, 821, 1626, 0.03916972130537033
27, 1116, 2048, 0.5446330308914185
28, 837, 2030, 0.43159541487693787
29, 1116, 2104, 0.5807390213012695
30, 843, 2088, 0.4588381052017212
31, 1078, 2197, 0.2977464497089386
32, 878, 2174, 0.1482410430908203
0, 993, 279, -0.6629552841186523
1, 1018, 234, -0.6308127045631409
2, 1037, 234, -0.6310743093490601
3, 1050, 233, -0.6313788294792175
4, 964, 239, -0.6327945590019226
5, 947, 240, -0.6329711675643921
6, 929, 242, -0.6333091855049133
7, 1072, 251, -0.3829852342605591
8, 912, 262, -0.3863629102706909
9, 1031, 324, -0.565069854259491
10, 962, 329, -0.5659035444259644
11, 1243, 528, -0.2201130986213684
12, 758, 529, -0.1847042441368103
13, 1359, 836, -0.15415272116661072
14, 634, 839, -0.038943804800510406
15, 1270, 1061, -0.43329042196273804
16, 699, 1077, -0.24532531201839447
17, 1254, 1180, -0.5110933184623718
18, 705, 1178, -0.3089928925037384
19, 1209, 1141, -0.5694253444671631
20, 743, 1157, -0.3591051697731018
21, 1210, 1089, -0.4602385461330414
22, 756, 1109, -0.26829561591148376
23, 1146, 1133, -0.019922086969017982
24, 863, 1154, 0.020732779055833817
25, 1128, 1649, 0.07267841696739197
26, 822, 1625, 0.07430791854858398
27, 1115, 2047, 0.5810765624046326
28, 838, 2030, 0.4727030098438263
29, 1116, 2103, 0.620360791683197
30, 843, 2088, 0.5023427605628967
31, 1074, 2196, 0.3489020764827728
32, 877, 2175, 0.20138400793075562
0, 992, 278, -0.686333954334259
1, 1018, 234, -0.6538599133491516
2, 1036, 233, -0.6541115045547485
3, 1049, 233, -0.6544010043144226
4, 964, 239, -0.656510055065155
5, 946, 240, -0.6567031145095825
6, 929, 241, -0.6570454835891724
7, 1072, 251, -0.4011102020740509
8, 911, 262, -0.407021164894104
9, 1030, 323, -0.586577296257019
10, 961, 328, -0.5883133411407471
11, 1243, 528, -0.23235677182674408
12, 758, 529, -0.2013036459684372
13, 1353, 837, -0.16476266086101532
14, 638, 841, -0.07308372855186462
15, 1278, 1063, -0.4321824908256531
16, 685, 1086, -0.28037846088409424
17, 1273, 1187, -0.5074490308761597
18, 684, 1185, -0.3452242612838745
19, 1229, 1150, -0.5683876872062683
20, 719, 1167, -0.39886474609375
21, 1226, 1095, -0.46041980385780334
22, 735, 1120, -0.30523672699928284
23, 1147, 1132, -0.019078562036156654
24, 866, 1162, 0.019777555018663406
25, 1128, 1648, 0.08409219235181808
26, 824, 1625, 0.10072299838066101
27, 1115, 2047, 0.6173498630523682
28, 839, 2029, 0.5163258910179138
29, 1116, 2103, 0.6591476798057556
30, 844, 2088, 0.5487128496170044
31, 1075, 2195, 0.38592174649238586
32, 878, 2175, 0.24507580697536469
0, 992, 278, -0.691875696182251
1, 1018, 234, -0.6611012816429138
2, 1036, 233, -0.6613479256629944
3, 1049, 233, -0.6616611480712891
4, 964, 239, -0.6636868715286255
5, 946, 240, -0.6638467907905579
6, 929, 242, -0.6641639471054077
7, 1071, 251, -0.40965431928634644
8, 911, 262, -0.4154466390609741
9, 1030, 323, -0.5922200083732605
10, 961, 328, -0.5938265323638916
11, 1243, 528, -0.23760804533958435
12, 758, 528, -0.2073400318622589
13, 1352, 832, -0.16313272714614868
14, 644, 840, -0.046080272644758224
15, 1283, 1060, -0.4134461283683777
16, 678, 1080, -0.2238447666168213
17, 1274, 1182, -0.48507124185562134
18, 663, 1180, -0.2816489636898041
19, 1233, 1149, -0.5471144318580627
20, 711, 1158, -0.3407401442527771
21, 1231, 1096, -0.4413757622241974
22, 723, 1110, -0.25057560205459595
23, 1147, 1133, -0.019041042774915695
24, 867, 1145, 0.019705500453710556
25, 1129, 1646, 0.10072161257266998
26, 830, 1624, 0.11697319149971008
27, 1116, 2042, 0.625969648361206
28, 843, 2028, 0.5307638049125671
29, 1117, 2099, 0.6668113470077515
30, 848, 2086, 0.5632312893867493
31, 1075, 2190, 0.392749160528183
32, 879, 2173, 0.2583650052547455
0, 992, 278, -0.6871996521949768
1, 1018, 234, -0.6595242023468018
2, 1036, 233, -0.659757673740387
3, 1049, 233, -0.6600716710090637
4, 963, 239, -0.6612842679023743
5, 946, 240, -0.661429762840271
6, 928, 242, -0.6617507934570312
7, 1071, 251, -0.41508281230926514
8, 911, 262, -0.41952693462371826
9, 1030, 323, -0.5914152264595032
10, 961, 328, -0.5916568040847778
11, 1243, 528, -0.2460324913263321
12, 758, 528, -0.20801995694637299
13, 1342, 833, -0.17496690154075623
14, 649, 840, -0.05759250000119209
15, 1286, 1067, -0.4168255031108856
16, 676, 1083, -0.21148866415023804
17, 1282, 1187, -0.482842355966568
18, 672, 1178, -0.2626765966415405
19, 1244, 1163, -0.5427643656730652
20, 710, 1170, -0.3204725980758667
21, 1235, 1101, -0.4442385733127594
22, 722, 1114, -0.23755715787410736
23, 1147, 1134, -0.019037563353776932
24, 867, 1137, 0.019703334197402
25, 1124, 1646, 0.1311522126197815
26, 830, 1624, 0.1408347189426422
27, 1114, 2043, 0.6181023716926575
28, 843, 2033, 0.5296647548675537
29, 1116, 2102, 0.6553059220314026
30, 848, 2092, 0.5594960451126099
31, 1072, 2190, 0.3797576129436493
32, 875, 2178, 0.254519522190094
0, 992, 278, -0.6916450262069702
1, 1018, 234, -0.6600905060768127
2, 1036, 233, -0.6603447198867798
3, 1049, 232, -0.660857081413269
4, 963, 239, -0.6667848229408264
5, 946, 240, -0.666946291923523
6, 928, 242, -0.6672953367233276
7, 1071, 251, -0.42242345213890076
8, 911, 262, -0.43771326541900635
9, 1030, 323, -0.5930508971214294
10, 961, 328, -0.5953870415687561
11, 1243, 527, -0.25286972522735596
12, 757, 528, -0.25517934560775757
13, 1337, 836, -0.17067737877368927
14, 658, 852, -0.12267134338617325
15, 1290, 1079, -0.40870341658592224
16, 687, 1102, -0.30043044686317444
17, 1293, 1201, -0.4804997742176056
18, 692, 1201, -0.3669738173484802
19, 1249, 1177, -0.5400543808937073
20, 726, 1183, -0.37134817242622375
21, 1237, 1136, -0.43739375472068787
22, 735, 1142, -0.30860888957977295
23, 1147, 1160, -0.0194553229957819
24, 862, 1158, 0.02014155313372612
25, 1125, 1646, 0.1352894902229309
26, 830, 1628, 0.15521785616874695
27, 1114, 2054, 0.6191070079803467
28, 842, 2043, 0.5439319014549255
29, 1116, 2114, 0.6546096801757812
30, 847, 2105, 0.574448823928833
31, 1073, 2200, 0.37267154455184937
32, 873, 2187, 0.2611845135688782
0, 992, 278, -0.6978961229324341
1, 1017, 234, -0.6657570600509644
2, 1036, 233, -0.6659967303276062
3, 1049, 233, -0.6663933992385864
4, 963, 239, -0.6708478331565857
5, 946, 240, -0.6710154414176941
6, 928, 242, -0.6713628172874451
7, 1071, 251, -0.423656165599823
8, 911, 262, -0.43781420588493347
9, 1030, 323, -0.5987268686294556
10, 961, 328, -0.6006181240081787
11, 1242, 527, -0.2531118094921112
12, 757, 528, -0.25186699628829956
13, 1330, 837, -0.16192308068275452
14, 668, 854, -0.1244567483663559
15, 1300, 1077, -0.40668782591819763
16, 692, 1099, -0.3353281021118164
17, 1309, 1188, -0.48013079166412354
18, 701, 1197, -0.4031543731689453
19, 1262, 1171, -0.5414392352104187
20, 731, 1175, -0.41351979970932007
21, 1251, 1136, -0.4364840090274811
22, 741, 1138, -0.34994760155677795
23, 1146, 1167, -0.02307879365980625
24, 861, 1165, 0.02385873720049858
25, 1125, 1646, 0.09888370335102081
26, 832, 1629, 0.14103670418262482
27, 1114, 2055, 0.5863043069839478
28, 843, 2046, 0.5280216336250305
29, 1117, 2115, 0.6206781268119812
30, 848, 2108, 0.5581785440444946
31, 1073, 2203, 0.33401426672935486
32, 873, 2189, 0.24236372113227844
0, 992, 278, -0.7078202962875366
1, 1017, 234, -0.6736887693405151
2, 1036, 233, -0.6740086674690247
3, 1049, 233, -0.6744149923324585
4, 963, 239, -0.6782259345054626
5, 945, 240, -0.6783700585365295
6, 927, 242, -0.678765594959259
7, 1071, 251, -0.42399173974990845
8, 910, 262, -0.4377135634422302
9, 1030, 323, -0.6068664193153381
10, 960, 328, -0.6079710125923157
11, 1243, 527, -0.25273796916007996
12, 757, 528, -0.24918222427368164
13, 1319, 849, -0.17569884657859802
14, 679, 867, -0.13114337623119354
15, 1303, 1084, -0.44813552498817444
16, 675, 1123, -0.3816510736942291
17, 1313, 1188, -0.5225555300712585
18, 685, 1227, -0.4609290063381195
19, 1270, 1175, -0.5487047433853149
20, 711, 1205, -0.527907133102417
21, 1259, 1138, -0.4668816030025482
22, 726, 1169, -0.4167293310165405
23, 1141, 1176, -0.02536274679005146
24, 854, 1173, 0.026351364329457283
25, 1125, 1651, 0.05616804212331772
26, 832, 1634, 0.12545526027679443
27, 1116, 2065, 0.5547065138816833
28, 843, 2055, 0.5167348980903625
29, 1120, 2126, 0.587951123714447
30, 848, 2119, 0.5452476739883423
31, 1076, 2212, 0.2866954505443573
32, 874, 2197, 0.20999036729335785
0, 992, 279, -0.7370182871818542
1, 1017, 234, -0.7041526436805725
2, 1036, 233, -0.7044726610183716
3, 1049, 233, -0.704795241355896
4, 962, 239, -0.7084255814552307
5, 945, 241, -0.7086086869239807
6, 927, 242, -0.7090426087379456
7, 1071, 251, -0.4471432864665985
8, 910, 262, -0.4586644470691681
9, 1030, 323, -0.6350085139274597
10, 959, 329, -0.6373433470726013
11, 1243, 528, -0.25867316126823425
12, 757, 529, -0.2622939646244049
13, 1310, 865, -0.18235018849372864
14, 689, 883, -0.16369643807411194
15, 1304, 1089, -0.4643658399581909
16, 676, 1147, -0.42624717950820923
17, 1315, 1190, -0.5419997572898865
18, 671, 1242, -0.5028975009918213
19, 1288, 1178, -0.5621137619018555
20, 693, 1221, -0.5774897336959839
21, 1269, 1145, -0.48283523321151733
22, 712, 1186, -0.46307891607284546
23, 1140, 1180, -0.02520587667822838
24, 853, 1179, 0.026199523359537125
25, 1126, 1651, 0.03686588257551193
26, 834, 1634, 0.10278383642435074
27, 1129, 2066, 0.5263151526451111
28, 852, 2057, 0.47954562306404114
29, 1135, 2127, 0.5584405660629272
30, 855, 2122, 0.5058134198188782
31, 1094, 2212, 0.26194068789482117
32, 887, 2198, 0.179300919175148
0, 991, 279, -0.7686418294906616
1, 1017, 234, -0.7369245290756226
2, 1036, 233, -0.7372146248817444
3, 1049, 233, -0.737461268901825
4, 962, 239, -0.7413139939308167
5, 944, 241, -0.7415248155593872
6, 926, 242, -0.7419700026512146
7, 1071, 251, -0.4773288071155548
8, 909, 263, -0.49084657430648804
9, 1029, 324, -0.665840208530426
10, 958, 329, -0.6695356369018555
11, 1243, 529, -0.2681103050708771
12, 757, 529, -0.28938785195350647
13, 1300, 878, -0.17386287450790405
14, 696, 886, -0.20398427546024323
15, 1314, 1096, -0.4435150921344757
16, 667, 1147, -0.4675518870353699
17, 1346, 1195, -0.5139591097831726
18, 662, 1240, -0.5404068231582642
19, 1334, 1184, -0.5746957659721375
20, 679, 1220, -0.617097795009613
21, 1306, 1153, -0.47625941038131714
22, 700, 1187, -0.5046893358230591
23, 1141, 1182, -0.02492712251842022
24, 856, 1184, 0.025946246460080147
25, 1131, 1650, 0.023660732433199883
26, 844, 1634, 0.08344228565692902
27, 1148, 2065, 0.5131828784942627
28, 870, 2058, 0.45519745349884033
29, 1155, 2126, 0.5450767278671265
30, 873, 2122, 0.4807044267654419
31, 1117, 2211, 0.2515319883823395
32, 908, 2197, 0.15756838023662567
0, 990, 279, -0.7642104029655457
1, 1017, 234, -0.7334720492362976
2, 1035, 233, -0.7337414026260376
3, 1049, 233, -0.73399817943573
4, 961, 239, -0.738012433052063
5, 943, 241, -0.7382040023803711
6, 926, 242, -0.7386377453804016
7, 1071, 251, -0.4752335250377655
8, 908, 263, -0.4889053702354431
9, 1028, 324, -0.6616876721382141
10, 957, 329, -0.6654642820358276
11, 1243, 529, -0.26798519492149353
12, 757, 529, -0.29152151942253113
13, 1293, 878, -0.16429641842842102
14, 699, 886, -0.2008047252893448
15, 1311, 1108, -0.41881710290908813
16, 666, 1149, -0.455809086561203
17, 1332, 1214, -0.4874245524406433
18, 663, 1238, -0.528412401676178
19, 1315, 1197, -0.5558248162269592
20, 681, 1221, -0.603244960308075
21, 1291, 1165, -0.4538029730319977
22, 702, 1188, -0.4916820824146271
23, 1143, 1182, -0.0245483610779047
24, 857, 1182, 0.025592001155018806
25, 1138, 1652, 0.03473290428519249
26, 852, 1636, 0.08360882103443146
27, 1156, 2067, 0.5186358094215393
28, 876, 2061, 0.4521314799785614
29, 1162, 2128, 0.550381064414978
30, 878, 2126, 0.4778991937637329
31, 1123, 2213, 0.25526517629623413
32, 913, 2199, 0.15434828400611877
0, 990, 279, -0.7578818798065186
1, 1017, 234, -0.7268427610397339
2, 1035, 233, -0.7271085381507874
3, 1049, 233, -0.7273644208908081
4, 961, 240, -0.7312107086181641
5, 943, 241, -0.7313917875289917
6, 925, 243, -0.7318133115768433
7, 1071, 251, -0.46920445561408997
8, 908, 263, -0.48200204968452454
9, 1028, 324, -0.6558336615562439
10, 957, 329, -0.6594029068946838
11, 1242, 529, -0.267627090215683
12, 758, 529, -0.28757521510124207
13, 1288, 880, -0.15854381024837494
14, 700, 886, -0.20065274834632874
15, 1311, 1117, -0.4108737111091614
16, 670, 1152, -0.45462852716445923
17, 1327, 1223, -0.4807238280773163
18, 665, 1241, -0.5271036624908447
19, 1312, 1203, -0.5488750338554382
20, 685, 1225, -0.6020836234092712
21, 1288, 1171, -0.44561854004859924
22, 705, 1192, -0.49042320251464844
23, 1146, 1182, -0.024438491091132164
24, 860, 1182, 0.02547755278646946
25, 1144, 1654, 0.03981200233101845
26, 859, 1639, 0.0865422785282135
27, 1161, 2071, 0.5262278914451599
28, 881, 2066, 0.45413920283317566
29, 1167, 2132, 0.5585861206054688
30, 882, 2132, 0.4809180200099945
31, 1127, 2217, 0.2645130157470703
32, 918, 2203, 0.16137909889221191
0, 990, 279, -0.7580848932266235
1, 1016, 234, -0.7269569039344788
2, 1035, 233, -0.727219820022583
3, 1049, 232, -0.7274998426437378
4, 961, 239, -0.7319621443748474
5, 943, 241, -0.7321552038192749
6, 925, 243, -0.7325795292854309
7, 1071, 251, -0.4694099426269531
8, 908, 263, -0.48571711778640747
9, 1028, 323, -0.656165361404419
10, 957, 329, -0.6607082486152649
11, 1242, 529, -0.26725074648857117
12, 758, 529, -0.2966870963573456
13, 1287, 885, -0.1525620073080063
14, 700, 887, -0.2146526426076889
15, 1317, 1128, -0.3890801966190338
16, 672, 1159, -0.461540549993515
17, 1342, 1239, -0.45421868562698364
18, 663, 1248, -0.531632125377655
19, 1333, 1220, -0.5236299633979797
20, 685, 1235, -0.6059500575065613
21, 1304, 1189, -0.42369917035102844
22, 705, 1201, -0.4965575337409973
23, 1149, 1151, -0.023797839879989624
24, 860, 1184, 0.024809805676341057
25, 1146, 1658, 0.03827342763543129
26, 861, 1645, 0.0832657441496849
27, 1164, 2077, 0.5210157036781311
28, 884, 2075, 0.44952088594436646
29, 1170, 2139, 0.5531461834907532
30, 884, 2141, 0.4759860038757324
31, 1129, 2225, 0.2625221014022827
32, 922, 2212, 0.15574122965335846
0, 990, 279, -0.7683037519454956
1, 1016, 234, -0.7379836440086365
2, 1035, 233, -0.7382269501686096
3, 1049, 232, -0.7384985685348511
4, 961, 239, -0.7445985078811646
5, 943, 241, -0.7448046803474426
6, 925, 243, -0.7452353835105896
7, 1071, 251, -0.4814073145389557
8, 908, 263, -0.5057742595672607
9, 1028, 323, -0.6662740707397461
10, 957, 329, -0.6731406450271606
11, 1242, 529, -0.27110496163368225
12, 758, 529, -0.3203881084918976
13, 1287, 885, -0.1478281319141388
14, 699, 888, -0.2420112043619156
15, 1325, 1126, -0.3688281178474426
16, 667, 1160, -0.47588685154914856
17, 1356, 1238, -0.42748957872390747
18, 664, 1250, -0.5423935055732727
19, 1359, 1226, -0.4977409243583679
20, 687, 1237, -0.6144472360610962
21, 1328, 1195, -0.40345528721809387
22, 706, 1204, -0.5094815492630005
23, 1149, 1167, -0.02117161825299263
24, 860, 1185, 0.02211969904601574
25, 1148, 1661, 0.04155091941356659
26, 862, 1652, 0.08325351029634476
27, 1166, 2082, 0.5228495597839355
28, 886, 2084, 0.4435577094554901
29, 1172, 2144, 0.5544736385345459
30, 886, 2149, 0.46926334500312805
31, 1131, 2232, 0.26509732007980347
32, 924, 2222, 0.14939220249652863
0, 991, 279, -0.7758175730705261
1, 1017, 234, -0.7452326416969299
2, 1035, 233, -0.7454717755317688
3, 1049, 232, -0.7457278370857239
4, 961, 239, -0.752522885799408
5, 944, 241, -0.7527398467063904
6, 926, 243, -0.753174364566803
7, 1071, 251, -0.4877389371395111
8, 908, 263, -0.5153307914733887
9, 1028, 323, -0.6734837293624878
10, 957, 329, -0.6813980937004089
11, 1241, 528, -0.27429914474487305
12, 758, 529, -0.32681602239608765
13, 1288, 884, -0.1500728279352188
14, 698, 888, -0.24733558297157288
15, 1329, 1126, -0.3770841062068939
16, 665, 1159, -0.4814661741256714
17, 1359, 1237, -0.43658074736595154
18, 665, 1248, -0.5474320650100708
19, 1361, 1225, -0.5066556334495544
20, 687, 1234, -0.6188834309577942
21, 1331, 1194, -0.41161999106407166
22, 706, 1201, -0.5146459937095642
23, 1149, 1173, -0.019561467692255974
24, 861, 1185, 0.020480848848819733
25, 1148, 1661, 0.04364816099405289
26, 862, 1652, 0.0778743177652359
27, 1166, 2083, 0.5121691226959229
28, 886, 2085, 0.4266456961631775
29, 1172, 2144, 0.5421211123466492
30, 887, 2150, 0.4509064853191376
31, 1132, 2232, 0.2541791498661041
32, 924, 2224, 0.13120555877685547
0, 991, 279, -0.7805076837539673
1, 1017, 234, -0.7491690516471863
2, 1036, 233, -0.7494146227836609
3, 1049, 232, -0.7496843934059143
4, 962, 239, -0.7564710378646851
5, 944, 241, -0.7566803097724915
6, 926, 243, -0.7571083307266235
7, 1071, 251, -0.48883381485939026
8, 908, 263, -0.5156799554824829
9, 1029, 323, -0.6774747371673584
10, 958, 329, -0.6852295994758606
11, 1241, 527, -0.27561378479003906
12, 758, 529, -0.3280346691608429
13, 1289, 885, -0.15142656862735748
14, 697, 888, -0.24846622347831726
15, 1333, 1131, -0.38768476247787476
16, 663, 1158, -0.4893937110900879
17, 1365, 1245, -0.4512302279472351
18, 637, 1258, -0.5580333471298218
19, 1368, 1234, -0.5214860439300537
20, 687, 1231, -0.6317591071128845
21, 1336, 1203, -0.4225904643535614
22, 706, 1199, -0.5236667990684509
23, 1149, 1177, -0.018504060804843903
24, 861, 1186, 0.019399458542466164
25, 1150, 1664, 0.06379245221614838
26, 863, 1658, 0.08498933911323547
27, 1167, 2088, 0.5431174039840698
28, 886, 2093, 0.4501006007194519
29, 1173, 2149, 0.574435830116272
30, 888, 2158, 0.4764907658100128
31, 1132, 2238, 0.28104937076568604
32, 924, 2234, 0.14198952913284302
0, 992, 279, -0.7774805426597595
1, 1017, 234, -0.7466651797294617
2, 1036, 233, -0.7469031810760498
3, 1049, 232, -0.7471383213996887
4, 962, 239, -0.7523056268692017
5, 945, 241, -0.7525043487548828
6, 927, 243, -0.7529252767562866
7, 1071, 251, -0.4876178801059723
8, 908, 263, -0.5086897611618042
9, 1029, 323, -0.6753396391868591
10, 958, 330, -0.6809833645820618
11, 1241, 527, -0.27141478657722473
12, 758, 529, -0.3187825083732605
13, 1290, 884, -0.1509532481431961
14, 697, 888, -0.23884417116641998
15, 1333, 1127, -0.3958381712436676
16, 661, 1156, -0.4828393757343292
17, 1365, 1240, -0.4615575671195984
18, 627, 1260, -0.5526756048202515
19, 1367, 1228, -0.5302990674972534
20, 687, 1230, -0.6251956820487976
21, 1336, 1197, -0.4302811622619629
22, 705, 1197, -0.5168483853340149
23, 1149, 1180, -0.017741961404681206
24, 861, 1186, 0.018631743267178535
25, 1150, 1665, 0.0756470337510109
26, 863, 1660, 0.09457488358020782
27, 1166, 2090, 0.5555374622344971
28, 886, 2095, 0.4659736752510071
29, 1172, 2151, 0.5875206589698792
30, 887, 2160, 0.49306774139404297
31, 1131, 2240, 0.2957291007041931
32, 924, 2236, 0.1606193482875824
