0, 0, 0, 0, 0, 0.0
0, 0, 1, 0, 0, 0.0
0, 0, 2, 0, 0, 0.0
0, 0, 3, 0, 0, 0.0
0, 0, 4, 0, 0, 0.0
0, 0, 5, 0, 0, 0.0
0, 0, 6, 0, 0, 0.0
0, 0, 7, 0, 0, 0.0
0, 0, 8, 0, 0, 0.0
0, 0, 9, 0, 0, 0.0
0, 0, 10, 0, 0, 0.0
0, 0, 11, 0, 0, 0.0
0, 0, 12, 0, 0, 0.0
0, 0, 13, 0, 0, 0.0
0, 0, 14, 0, 0, 0.0
0, 0, 15, 0, 0, 0.0
0, 0, 16, 0, 0, 0.0
0, 0, 17, 0, 0, 0.0
0, 0, 18, 0, 0, 0.0
0, 0, 19, 0, 0, 0.0
0, 0, 20, 0, 0, 0.0
0, 1, 0, 0, 0, 0.0
0, 1, 1, 0, 0, 0.0
0, 1, 2, 0, 0, 0.0
0, 1, 3, 0, 0, 0.0
0, 1, 4, 0, 0, 0.0
0, 1, 5, 0, 0, 0.0
0, 1, 6, 0, 0, 0.0
0, 1, 7, 0, 0, 0.0
0, 1, 8, 0, 0, 0.0
0, 1, 9, 0, 0, 0.0
0, 1, 10, 0, 0, 0.0
0, 1, 11, 0, 0, 0.0
0, 1, 12, 0, 0, 0.0
0, 1, 13, 0, 0, 0.0
0, 1, 14, 0, 0, 0.0
0, 1, 15, 0, 0, 0.0
0, 1, 16, 0, 0, 0.0
0, 1, 17, 0, 0, 0.0
0, 1, 18, 0, 0, 0.0
0, 1, 19, 0, 0, 0.0
0, 1, 20, 0, 0, 0.0
1, 0, 0, 0, 0, 0.0
1, 0, 1, 0, 0, 0.0
1, 0, 2, 0, 0, 0.0
1, 0, 3, 0, 0, 0.0
1, 0, 4, 0, 0, 0.0
1, 0, 5, 0, 0, 0.0
1, 0, 6, 0, 0, 0.0
1, 0, 7, 0, 0, 0.0
1, 0, 8, 0, 0, 0.0
1, 0, 9, 0, 0, 0.0
1, 0, 10, 0, 0, 0.0
1, 0, 11, 0, 0, 0.0
1, 0, 12, 0, 0, 0.0
1, 0, 13, 0, 0, 0.0
1, 0, 14, 0, 0, 0.0
1, 0, 15, 0, 0, 0.0
1, 0, 16, 0, 0, 0.0
1, 0, 17, 0, 0, 0.0
1, 0, 18, 0, 0, 0.0
1, 0, 19, 0, 0, 0.0
1, 0, 20, 0, 0, 0.0
1, 1, 0, 0, 0, 0.0
1, 1, 1, 0, 0, 0.0
1, 1, 2, 0, 0, 0.0
1, 1, 3, 0, 0, 0.0
1, 1, 4, 0, 0, 0.0
1, 1, 5, 0, 0, 0.0
1, 1, 6, 0, 0, 0.0
1, 1, 7, 0, 0, 0.0
1, 1, 8, 0, 0, 0.0
1, 1, 9, 0, 0, 0.0
1, 1, 10, 0, 0, 0.0
1, 1, 11, 0, 0, 0.0
1, 1, 12, 0, 0, 0.0
1, 1, 13, 0, 0, 0.0
1, 1, 14, 0, 0, 0.0
1, 1, 15, 0, 0, 0.0
1, 1, 16, 0, 0, 0.0
1, 1, 17, 0, 0, 0.0
1, 1, 18, 0, 0, 0.0
1, 1, 19, 0, 0, 0.0
1, 1, 20, 0, 0, 0.0
2, 0, 0, 0, 0, 0.0
2, 0, 1, 0, 0, 0.0
2, 0, 2, 0, 0, 0.0
2, 0, 3, 0, 0, 0.0
2, 0, 4, 0, 0, 0.0
2, 0, 5, 0, 0, 0.0
2, 0, 6, 0, 0, 0.0
2, 0, 7, 0, 0, 0.0
2, 0, 8, 0, 0, 0.0
2, 0, 9, 0, 0, 0.0
2, 0, 10, 0, 0, 0.0
2, 0, 11, 0, 0, 0.0
2, 0, 12, 0, 0, 0.0
2, 0, 13, 0, 0, 0.0
2, 0, 14, 0, 0, 0.0
2, 0, 15, 0, 0, 0.0
2, 0, 16, 0, 0, 0.0
2, 0, 17, 0, 0, 0.0
2, 0, 18, 0, 0, 0.0
2, 0, 19, 0, 0, 0.0
2, 0, 20, 0, 0, 0.0
2, 1, 0, 0, 0, 0.0
2, 1, 1, 0, 0, 0.0
2, 1, 2, 0, 0, 0.0
2, 1, 3, 0, 0, 0.0
2, 1, 4, 0, 0, 0.0
2, 1, 5, 0, 0, 0.0
2, 1, 6, 0, 0, 0.0
2, 1, 7, 0, 0, 0.0
2, 1, 8, 0, 0, 0.0
2, 1, 9, 0, 0, 0.0
2, 1, 10, 0, 0, 0.0
2, 1, 11, 0, 0, 0.0
2, 1, 12, 0, 0, 0.0
2, 1, 13, 0, 0, 0.0
2, 1, 14, 0, 0, 0.0
2, 1, 15, 0, 0, 0.0
2, 1, 16, 0, 0, 0.0
2, 1, 17, 0, 0, 0.0
2, 1, 18, 0, 0, 0.0
2, 1, 19, 0, 0, 0.0
2, 1, 20, 0, 0, 0.0
3, 0, 0, 0, 0, 0.0
3, 0, 1, 0, 0, 0.0
3, 0, 2, 0, 0, 0.0
3, 0, 3, 0, 0, 0.0
3, 0, 4, 0, 0, 0.0
3, 0, 5, 0, 0, 0.0
3, 0, 6, 0, 0, 0.0
3, 0, 7, 0, 0, 0.0
3, 0, 8, 0, 0, 0.0
3, 0, 9, 0, 0, 0.0
3, 0, 10, 0, 0, 0.0
3, 0, 11, 0, 0, 0.0
3, 0, 12, 0, 0, 0.0
3, 0, 13, 0, 0, 0.0
3, 0, 14, 0, 0, 0.0
3, 0, 15, 0, 0, 0.0
3, 0, 16, 0, 0, 0.0
3, 0, 17, 0, 0, 0.0
3, 0, 18, 0, 0, 0.0
3, 0, 19, 0, 0, 0.0
3, 0, 20, 0, 0, 0.0
3, 1, 0, 0, 0, 0.0
3, 1, 1, 0, 0, 0.0
3, 1, 2, 0, 0, 0.0
3, 1, 3, 0, 0, 0.0
3, 1, 4, 0, 0, 0.0
3, 1, 5, 0, 0, 0.0
3, 1, 6, 0, 0, 0.0
3, 1, 7, 0, 0, 0.0
3, 1, 8, 0, 0, 0.0
3, 1, 9, 0, 0, 0.0
3, 1, 10, 0, 0, 0.0
3, 1, 11, 0, 0, 0.0
3, 1, 12, 0, 0, 0.0
3, 1, 13, 0, 0, 0.0
3, 1, 14, 0, 0, 0.0
3, 1, 15, 0, 0, 0.0
3, 1, 16, 0, 0, 0.0
3, 1, 17, 0, 0, 0.0
3, 1, 18, 0, 0, 0.0
3, 1, 19, 0, 0, 0.0
3, 1, 20, 0, 0, 0.0
4, 0, 0, 0, 0, 0.0
4, 0, 1, 0, 0, 0.0
4, 0, 2, 0, 0, 0.0
4, 0, 3, 0, 0, 0.0
4, 0, 4, 0, 0, 0.0
4, 0, 5, 0, 0, 0.0
4, 0, 6, 0, 0, 0.0
4, 0, 7, 0, 0, 0.0
4, 0, 8, 0, 0, 0.0
4, 0, 9, 0, 0, 0.0
4, 0, 10, 0, 0, 0.0
4, 0, 11, 0, 0, 0.0
4, 0, 12, 0, 0, 0.0
4, 0, 13, 0, 0, 0.0
4, 0, 14, 0, 0, 0.0
4, 0, 15, 0, 0, 0.0
4, 0, 16, 0, 0, 0.0
4, 0, 17, 0, 0, 0.0
4, 0, 18, 0, 0, 0.0
4, 0, 19, 0, 0, 0.0
4, 0, 20, 0, 0, 0.0
4, 1, 0, 0, 0, 0.0
4, 1, 1, 0, 0, 0.0
4, 1, 2, 0, 0, 0.0
4, 1, 3, 0, 0, 0.0
4, 1, 4, 0, 0, 0.0
4, 1, 5, 0, 0, 0.0
4, 1, 6, 0, 0, 0.0
4, 1, 7, 0, 0, 0.0
4, 1, 8, 0, 0, 0.0
4, 1, 9, 0, 0, 0.0
4, 1, 10, 0, 0, 0.0
4, 1, 11, 0, 0, 0.0
4, 1, 12, 0, 0, 0.0
4, 1, 13, 0, 0, 0.0
4, 1, 14, 0, 0, 0.0
4, 1, 15, 0, 0, 0.0
4, 1, 16, 0, 0, 0.0
4, 1, 17, 0, 0, 0.0
4, 1, 18, 0, 0, 0.0
4, 1, 19, 0, 0, 0.0
4, 1, 20, 0, 0, 0.0
5, 0, 0, 0, 0, 0.0
5, 0, 1, 0, 0, 0.0
5, 0, 2, 0, 0, 0.0
5, 0, 3, 0, 0, 0.0
5, 0, 4, 0, 0, 0.0
5, 0, 5, 0, 0, 0.0
5, 0, 6, 0, 0, 0.0
5, 0, 7, 0, 0, 0.0
5, 0, 8, 0, 0, 0.0
5, 0, 9, 0, 0, 0.0
5, 0, 10, 0, 0, 0.0
5, 0, 11, 0, 0, 0.0
5, 0, 12, 0, 0, 0.0
5, 0, 13, 0, 0, 0.0
5, 0, 14, 0, 0, 0.0
5, 0, 15, 0, 0, 0.0
5, 0, 16, 0, 0, 0.0
5, 0, 17, 0, 0, 0.0
5, 0, 18, 0, 0, 0.0
5, 0, 19, 0, 0, 0.0
5, 0, 20, 0, 0, 0.0
5, 1, 0, 0, 0, 0.0
5, 1, 1, 0, 0, 0.0
5, 1, 2, 0, 0, 0.0
5, 1, 3, 0, 0, 0.0
5, 1, 4, 0, 0, 0.0
5, 1, 5, 0, 0, 0.0
5, 1, 6, 0, 0, 0.0
5, 1, 7, 0, 0, 0.0
5, 1, 8, 0, 0, 0.0
5, 1, 9, 0, 0, 0.0
5, 1, 10, 0, 0, 0.0
5, 1, 11, 0, 0, 0.0
5, 1, 12, 0, 0, 0.0
5, 1, 13, 0, 0, 0.0
5, 1, 14, 0, 0, 0.0
5, 1, 15, 0, 0, 0.0
5, 1, 16, 0, 0, 0.0
5, 1, 17, 0, 0, 0.0
5, 1, 18, 0, 0, 0.0
5, 1, 19, 0, 0, 0.0
5, 1, 20, 0, 0, 0.0
6, 0, 0, 0, 0, 0.0
6, 0, 1, 0, 0, 0.0
6, 0, 2, 0, 0, 0.0
6, 0, 3, 0, 0, 0.0
6, 0, 4, 0, 0, 0.0
6, 0, 5, 0, 0, 0.0
6, 0, 6, 0, 0, 0.0
6, 0, 7, 0, 0, 0.0
6, 0, 8, 0, 0, 0.0
6, 0, 9, 0, 0, 0.0
6, 0, 10, 0, 0, 0.0
6, 0, 11, 0, 0, 0.0
6, 0, 12, 0, 0, 0.0
6, 0, 13, 0, 0, 0.0
6, 0, 14, 0, 0, 0.0
6, 0, 15, 0, 0, 0.0
6, 0, 16, 0, 0, 0.0
6, 0, 17, 0, 0, 0.0
6, 0, 18, 0, 0, 0.0
6, 0, 19, 0, 0, 0.0
6, 0, 20, 0, 0, 0.0
6, 1, 0, 0, 0, 0.0
6, 1, 1, 0, 0, 0.0
6, 1, 2, 0, 0, 0.0
6, 1, 3, 0, 0, 0.0
6, 1, 4, 0, 0, 0.0
6, 1, 5, 0, 0, 0.0
6, 1, 6, 0, 0, 0.0
6, 1, 7, 0, 0, 0.0
6, 1, 8, 0, 0, 0.0
6, 1, 9, 0, 0, 0.0
6, 1, 10, 0, 0, 0.0
6, 1, 11, 0, 0, 0.0
6, 1, 12, 0, 0, 0.0
6, 1, 13, 0, 0, 0.0
6, 1, 14, 0, 0, 0.0
6, 1, 15, 0, 0, 0.0
6, 1, 16, 0, 0, 0.0
6, 1, 17, 0, 0, 0.0
6, 1, 18, 0, 0, 0.0
6, 1, 19, 0, 0, 0.0
6, 1, 20, 0, 0, 0.0
7, 0, 0, 0, 0, 0.0
7, 0, 1, 0, 0, 0.0
7, 0, 2, 0, 0, 0.0
7, 0, 3, 0, 0, 0.0
7, 0, 4, 0, 0, 0.0
7, 0, 5, 0, 0, 0.0
7, 0, 6, 0, 0, 0.0
7, 0, 7, 0, 0, 0.0
7, 0, 8, 0, 0, 0.0
7, 0, 9, 0, 0, 0.0
7, 0, 10, 0, 0, 0.0
7, 0, 11, 0, 0, 0.0
7, 0, 12, 0, 0, 0.0
7, 0, 13, 0, 0, 0.0
7, 0, 14, 0, 0, 0.0
7, 0, 15, 0, 0, 0.0
7, 0, 16, 0, 0, 0.0
7, 0, 17, 0, 0, 0.0
7, 0, 18, 0, 0, 0.0
7, 0, 19, 0, 0, 0.0
7, 0, 20, 0, 0, 0.0
7, 1, 0, 0, 0, 0.0
7, 1, 1, 0, 0, 0.0
7, 1, 2, 0, 0, 0.0
7, 1, 3, 0, 0, 0.0
7, 1, 4, 0, 0, 0.0
7, 1, 5, 0, 0, 0.0
7, 1, 6, 0, 0, 0.0
7, 1, 7, 0, 0, 0.0
7, 1, 8, 0, 0, 0.0
7, 1, 9, 0, 0, 0.0
7, 1, 10, 0, 0, 0.0
7, 1, 11, 0, 0, 0.0
7, 1, 12, 0, 0, 0.0
7, 1, 13, 0, 0, 0.0
7, 1, 14, 0, 0, 0.0
7, 1, 15, 0, 0, 0.0
7, 1, 16, 0, 0, 0.0
7, 1, 17, 0, 0, 0.0
7, 1, 18, 0, 0, 0.0
7, 1, 19, 0, 0, 0.0
7, 1, 20, 0, 0, 0.0
8, 0, 0, 0, 0, 0.0
8, 0, 1, 0, 0, 0.0
8, 0, 2, 0, 0, 0.0
8, 0, 3, 0, 0, 0.0
8, 0, 4, 0, 0, 0.0
8, 0, 5, 0, 0, 0.0
8, 0, 6, 0, 0, 0.0
8, 0, 7, 0, 0, 0.0
8, 0, 8, 0, 0, 0.0
8, 0, 9, 0, 0, 0.0
8, 0, 10, 0, 0, 0.0
8, 0, 11, 0, 0, 0.0
8, 0, 12, 0, 0, 0.0
8, 0, 13, 0, 0, 0.0
8, 0, 14, 0, 0, 0.0
8, 0, 15, 0, 0, 0.0
8, 0, 16, 0, 0, 0.0
8, 0, 17, 0, 0, 0.0
8, 0, 18, 0, 0, 0.0
8, 0, 19, 0, 0, 0.0
8, 0, 20, 0, 0, 0.0
8, 1, 0, 0, 0, 0.0
8, 1, 1, 0, 0, 0.0
8, 1, 2, 0, 0, 0.0
8, 1, 3, 0, 0, 0.0
8, 1, 4, 0, 0, 0.0
8, 1, 5, 0, 0, 0.0
8, 1, 6, 0, 0, 0.0
8, 1, 7, 0, 0, 0.0
8, 1, 8, 0, 0, 0.0
8, 1, 9, 0, 0, 0.0
8, 1, 10, 0, 0, 0.0
8, 1, 11, 0, 0, 0.0
8, 1, 12, 0, 0, 0.0
8, 1, 13, 0, 0, 0.0
8, 1, 14, 0, 0, 0.0
8, 1, 15, 0, 0, 0.0
8, 1, 16, 0, 0, 0.0
8, 1, 17, 0, 0, 0.0
8, 1, 18, 0, 0, 0.0
8, 1, 19, 0, 0, 0.0
8, 1, 20, 0, 0, 0.0
9, 0, 0, 0, 0, 0.0
9, 0, 1, 0, 0, 0.0
9, 0, 2, 0, 0, 0.0
9, 0, 3, 0, 0, 0.0
9, 0, 4, 0, 0, 0.0
9, 0, 5, 0, 0, 0.0
9, 0, 6, 0, 0, 0.0
9, 0, 7, 0, 0, 0.0
9, 0, 8, 0, 0, 0.0
9, 0, 9, 0, 0, 0.0
9, 0, 10, 0, 0, 0.0
9, 0, 11, 0, 0, 0.0
9, 0, 12, 0, 0, 0.0
9, 0, 13, 0, 0, 0.0
9, 0, 14, 0, 0, 0.0
9, 0, 15, 0, 0, 0.0
9, 0, 16, 0, 0, 0.0
9, 0, 17, 0, 0, 0.0
9, 0, 18, 0, 0, 0.0
9, 0, 19, 0, 0, 0.0
9, 0, 20, 0, 0, 0.0
9, 1, 0, 0, 0, 0.0
9, 1, 1, 0, 0, 0.0
9, 1, 2, 0, 0, 0.0
9, 1, 3, 0, 0, 0.0
9, 1, 4, 0, 0, 0.0
9, 1, 5, 0, 0, 0.0
9, 1, 6, 0, 0, 0.0
9, 1, 7, 0, 0, 0.0
9, 1, 8, 0, 0, 0.0
9, 1, 9, 0, 0, 0.0
9, 1, 10, 0, 0, 0.0
9, 1, 11, 0, 0, 0.0
9, 1, 12, 0, 0, 0.0
9, 1, 13, 0, 0, 0.0
9, 1, 14, 0, 0, 0.0
9, 1, 15, 0, 0, 0.0
9, 1, 16, 0, 0, 0.0
9, 1, 17, 0, 0, 0.0
9, 1, 18, 0, 0, 0.0
9, 1, 19, 0, 0, 0.0
9, 1, 20, 0, 0, 0.0
10, 0, 0, 0, 0, 0.0
10, 0, 1, 0, 0, 0.0
10, 0, 2, 0, 0, 0.0
10, 0, 3, 0, 0, 0.0
10, 0, 4, 0, 0, 0.0
10, 0, 5, 0, 0, 0.0
10, 0, 6, 0, 0, 0.0
10, 0, 7, 0, 0, 0.0
10, 0, 8, 0, 0, 0.0
10, 0, 9, 0, 0, 0.0
10, 0, 10, 0, 0, 0.0
10, 0, 11, 0, 0, 0.0
10, 0, 12, 0, 0, 0.0
10, 0, 13, 0, 0, 0.0
10, 0, 14, 0, 0, 0.0
10, 0, 15, 0, 0, 0.0
10, 0, 16, 0, 0, 0.0
10, 0, 17, 0, 0, 0.0
10, 0, 18, 0, 0, 0.0
10, 0, 19, 0, 0, 0.0
10, 0, 20, 0, 0, 0.0
10, 1, 0, 0, 0, 0.0
10, 1, 1, 0, 0, 0.0
10, 1, 2, 0, 0, 0.0
10, 1, 3, 0, 0, 0.0
10, 1, 4, 0, 0, 0.0
10, 1, 5, 0, 0, 0.0
10, 1, 6, 0, 0, 0.0
10, 1, 7, 0, 0, 0.0
10, 1, 8, 0, 0, 0.0
10, 1, 9, 0, 0, 0.0
10, 1, 10, 0, 0, 0.0
10, 1, 11, 0, 0, 0.0
10, 1, 12, 0, 0, 0.0
10, 1, 13, 0, 0, 0.0
10, 1, 14, 0, 0, 0.0
10, 1, 15, 0, 0, 0.0
10, 1, 16, 0, 0, 0.0
10, 1, 17, 0, 0, 0.0
10, 1, 18, 0, 0, 0.0
10, 1, 19, 0, 0, 0.0
10, 1, 20, 0, 0, 0.0
11, 0, 0, 0, 0, 0.0
11, 0, 1, 0, 0, 0.0
11, 0, 2, 0, 0, 0.0
11, 0, 3, 0, 0, 0.0
11, 0, 4, 0, 0, 0.0
11, 0, 5, 0, 0, 0.0
11, 0, 6, 0, 0, 0.0
11, 0, 7, 0, 0, 0.0
11, 0, 8, 0, 0, 0.0
11, 0, 9, 0, 0, 0.0
11, 0, 10, 0, 0, 0.0
11, 0, 11, 0, 0, 0.0
11, 0, 12, 0, 0, 0.0
11, 0, 13, 0, 0, 0.0
11, 0, 14, 0, 0, 0.0
11, 0, 15, 0, 0, 0.0
11, 0, 16, 0, 0, 0.0
11, 0, 17, 0, 0, 0.0
11, 0, 18, 0, 0, 0.0
11, 0, 19, 0, 0, 0.0
11, 0, 20, 0, 0, 0.0
11, 1, 0, 0, 0, 0.0
11, 1, 1, 0, 0, 0.0
11, 1, 2, 0, 0, 0.0
11, 1, 3, 0, 0, 0.0
11, 1, 4, 0, 0, 0.0
11, 1, 5, 0, 0, 0.0
11, 1, 6, 0, 0, 0.0
11, 1, 7, 0, 0, 0.0
11, 1, 8, 0, 0, 0.0
11, 1, 9, 0, 0, 0.0
11, 1, 10, 0, 0, 0.0
11, 1, 11, 0, 0, 0.0
11, 1, 12, 0, 0, 0.0
11, 1, 13, 0, 0, 0.0
11, 1, 14, 0, 0, 0.0
11, 1, 15, 0, 0, 0.0
11, 1, 16, 0, 0, 0.0
11, 1, 17, 0, 0, 0.0
11, 1, 18, 0, 0, 0.0
11, 1, 19, 0, 0, 0.0
11, 1, 20, 0, 0, 0.0
12, 0, 0, 0, 0, 0.0
12, 0, 1, 0, 0, 0.0
12, 0, 2, 0, 0, 0.0
12, 0, 3, 0, 0, 0.0
12, 0, 4, 0, 0, 0.0
12, 0, 5, 0, 0, 0.0
12, 0, 6, 0, 0, 0.0
12, 0, 7, 0, 0, 0.0
12, 0, 8, 0, 0, 0.0
12, 0, 9, 0, 0, 0.0
12, 0, 10, 0, 0, 0.0
12, 0, 11, 0, 0, 0.0
12, 0, 12, 0, 0, 0.0
12, 0, 13, 0, 0, 0.0
12, 0, 14, 0, 0, 0.0
12, 0, 15, 0, 0, 0.0
12, 0, 16, 0, 0, 0.0
12, 0, 17, 0, 0, 0.0
12, 0, 18, 0, 0, 0.0
12, 0, 19, 0, 0, 0.0
12, 0, 20, 0, 0, 0.0
12, 1, 0, 0, 0, 0.0
12, 1, 1, 0, 0, 0.0
12, 1, 2, 0, 0, 0.0
12, 1, 3, 0, 0, 0.0
12, 1, 4, 0, 0, 0.0
12, 1, 5, 0, 0, 0.0
12, 1, 6, 0, 0, 0.0
12, 1, 7, 0, 0, 0.0
12, 1, 8, 0, 0, 0.0
12, 1, 9, 0, 0, 0.0
12, 1, 10, 0, 0, 0.0
12, 1, 11, 0, 0, 0.0
12, 1, 12, 0, 0, 0.0
12, 1, 13, 0, 0, 0.0
12, 1, 14, 0, 0, 0.0
12, 1, 15, 0, 0, 0.0
12, 1, 16, 0, 0, 0.0
12, 1, 17, 0, 0, 0.0
12, 1, 18, 0, 0, 0.0
12, 1, 19, 0, 0, 0.0
12, 1, 20, 0, 0, 0.0
13, 0, 0, 0, 0, 0.0
13, 0, 1, 0, 0, 0.0
13, 0, 2, 0, 0, 0.0
13, 0, 3, 0, 0, 0.0
13, 0, 4, 0, 0, 0.0
13, 0, 5, 0, 0, 0.0
13, 0, 6, 0, 0, 0.0
13, 0, 7, 0, 0, 0.0
13, 0, 8, 0, 0, 0.0
13, 0, 9, 0, 0, 0.0
13, 0, 10, 0, 0, 0.0
13, 0, 11, 0, 0, 0.0
13, 0, 12, 0, 0, 0.0
13, 0, 13, 0, 0, 0.0
13, 0, 14, 0, 0, 0.0
13, 0, 15, 0, 0, 0.0
13, 0, 16, 0, 0, 0.0
13, 0, 17, 0, 0, 0.0
13, 0, 18, 0, 0, 0.0
13, 0, 19, 0, 0, 0.0
13, 0, 20, 0, 0, 0.0
13, 1, 0, 0, 0, 0.0
13, 1, 1, 0, 0, 0.0
13, 1, 2, 0, 0, 0.0
13, 1, 3, 0, 0, 0.0
13, 1, 4, 0, 0, 0.0
13, 1, 5, 0, 0, 0.0
13, 1, 6, 0, 0, 0.0
13, 1, 7, 0, 0, 0.0
13, 1, 8, 0, 0, 0.0
13, 1, 9, 0, 0, 0.0
13, 1, 10, 0, 0, 0.0
13, 1, 11, 0, 0, 0.0
13, 1, 12, 0, 0, 0.0
13, 1, 13, 0, 0, 0.0
13, 1, 14, 0, 0, 0.0
13, 1, 15, 0, 0, 0.0
13, 1, 16, 0, 0, 0.0
13, 1, 17, 0, 0, 0.0
13, 1, 18, 0, 0, 0.0
13, 1, 19, 0, 0, 0.0
13, 1, 20, 0, 0, 0.0
14, 0, 0, 0, 0, 0.0
14, 0, 1, 0, 0, 0.0
14, 0, 2, 0, 0, 0.0
14, 0, 3, 0, 0, 0.0
14, 0, 4, 0, 0, 0.0
14, 0, 5, 0, 0, 0.0
14, 0, 6, 0, 0, 0.0
14, 0, 7, 0, 0, 0.0
14, 0, 8, 0, 0, 0.0
14, 0, 9, 0, 0, 0.0
14, 0, 10, 0, 0, 0.0
14, 0, 11, 0, 0, 0.0
14, 0, 12, 0, 0, 0.0
14, 0, 13, 0, 0, 0.0
14, 0, 14, 0, 0, 0.0
14, 0, 15, 0, 0, 0.0
14, 0, 16, 0, 0, 0.0
14, 0, 17, 0, 0, 0.0
14, 0, 18, 0, 0, 0.0
14, 0, 19, 0, 0, 0.0
14, 0, 20, 0, 0, 0.0
14, 1, 0, 0, 0, 0.0
14, 1, 1, 0, 0, 0.0
14, 1, 2, 0, 0, 0.0
14, 1, 3, 0, 0, 0.0
14, 1, 4, 0, 0, 0.0
14, 1, 5, 0, 0, 0.0
14, 1, 6, 0, 0, 0.0
14, 1, 7, 0, 0, 0.0
14, 1, 8, 0, 0, 0.0
14, 1, 9, 0, 0, 0.0
14, 1, 10, 0, 0, 0.0
14, 1, 11, 0, 0, 0.0
14, 1, 12, 0, 0, 0.0
14, 1, 13, 0, 0, 0.0
14, 1, 14, 0, 0, 0.0
14, 1, 15, 0, 0, 0.0
14, 1, 16, 0, 0, 0.0
14, 1, 17, 0, 0, 0.0
14, 1, 18, 0, 0, 0.0
14, 1, 19, 0, 0, 0.0
14, 1, 20, 0, 0, 0.0
15, 0, 0, 535, 450, 2.5600886033316783e-07
15, 0, 1, 525, 442, -0.01766113005578518
15, 0, 2, 512, 441, -0.027740459889173508
15, 0, 3, 504, 436, -0.035438861697912216
15, 0, 4, 504, 432, -0.04319010674953461
15, 0, 5, 509, 471, -0.019219567999243736
15, 0, 6, 498, 482, -0.026951059699058533
15, 0, 7, 489, 490, -0.03330957889556885
15, 0, 8, 482, 496, -0.037626802921295166
15, 0, 9, 517, 480, -0.013932867906987667
15, 0, 10, 506, 491, -0.020019086077809334
15, 0, 11, 498, 500, -0.02513265237212181
15, 0, 12, 491, 506, -0.029119374230504036
15, 0, 13, 524, 485, -0.009689735248684883
15, 0, 14, 516, 496, -0.013486667536199093
15, 0, 15, 510, 504, -0.015804551541805267
15, 0, 16, 503, 511, -0.017592770978808403
15, 0, 17, 530, 487, -0.00720756221562624
15, 0, 18, 525, 498, -0.008583220653235912
15, 0, 19, 520, 505, -0.00893397070467472
15, 0, 20, 515, 512, -0.009602837264537811
15, 1, 0, 0, 0, 0.0
15, 1, 1, 0, 0, 0.0
15, 1, 2, 0, 0, 0.0
15, 1, 3, 0, 0, 0.0
15, 1, 4, 0, 0, 0.0
15, 1, 5, 0, 0, 0.0
15, 1, 6, 0, 0, 0.0
15, 1, 7, 0, 0, 0.0
15, 1, 8, 0, 0, 0.0
15, 1, 9, 0, 0, 0.0
15, 1, 10, 0, 0, 0.0
15, 1, 11, 0, 0, 0.0
15, 1, 12, 0, 0, 0.0
15, 1, 13, 0, 0, 0.0
15, 1, 14, 0, 0, 0.0
15, 1, 15, 0, 0, 0.0
15, 1, 16, 0, 0, 0.0
15, 1, 17, 0, 0, 0.0
15, 1, 18, 0, 0, 0.0
15, 1, 19, 0, 0, 0.0
15, 1, 20, 0, 0, 0.0
16, 0, 0, 0, 0, 0.0
16, 0, 1, 0, 0, 0.0
16, 0, 2, 0, 0, 0.0
16, 0, 3, 0, 0, 0.0
16, 0, 4, 0, 0, 0.0
16, 0, 5, 0, 0, 0.0
16, 0, 6, 0, 0, 0.0
16, 0, 7, 0, 0, 0.0
16, 0, 8, 0, 0, 0.0
16, 0, 9, 0, 0, 0.0
16, 0, 10, 0, 0, 0.0
16, 0, 11, 0, 0, 0.0
16, 0, 12, 0, 0, 0.0
16, 0, 13, 0, 0, 0.0
16, 0, 14, 0, 0, 0.0
16, 0, 15, 0, 0, 0.0
16, 0, 16, 0, 0, 0.0
16, 0, 17, 0, 0, 0.0
16, 0, 18, 0, 0, 0.0
16, 0, 19, 0, 0, 0.0
16, 0, 20, 0, 0, 0.0
16, 1, 0, 0, 0, 0.0
16, 1, 1, 0, 0, 0.0
16, 1, 2, 0, 0, 0.0
16, 1, 3, 0, 0, 0.0
16, 1, 4, 0, 0, 0.0
16, 1, 5, 0, 0, 0.0
16, 1, 6, 0, 0, 0.0
16, 1, 7, 0, 0, 0.0
16, 1, 8, 0, 0, 0.0
16, 1, 9, 0, 0, 0.0
16, 1, 10, 0, 0, 0.0
16, 1, 11, 0, 0, 0.0
16, 1, 12, 0, 0, 0.0
16, 1, 13, 0, 0, 0.0
16, 1, 14, 0, 0, 0.0
16, 1, 15, 0, 0, 0.0
16, 1, 16, 0, 0, 0.0
16, 1, 17, 0, 0, 0.0
16, 1, 18, 0, 0, 0.0
16, 1, 19, 0, 0, 0.0
16, 1, 20, 0, 0, 0.0
17, 0, 0, 503, 406, -2.525302704725618e-07
17, 0, 1, 499, 387, -0.011443834751844406
17, 0, 2, 494, 373, -0.01890159584581852
17, 0, 3, 487, 364, -0.02485300973057747
17, 0, 4, 482, 360, -0.03266581520438194
17, 0, 5, 497, 389, -0.02604343183338642
17, 0, 6, 494, 406, -0.037857428193092346
17, 0, 7, 492, 422, -0.04830284044146538
17, 0, 8, 489, 435, -0.05512231960892677
17, 0, 9, 496, 406, -0.025959741324186325
17, 0, 10, 491, 422, -0.03643731400370598
17, 0, 11, 488, 433, -0.04564180597662926
17, 0, 12, 488, 444, -0.054121922701597214
17, 0, 13, 495, 418, -0.025446202605962753
17, 0, 14, 489, 432, -0.0367797389626503
17, 0, 15, 485, 442, -0.042359527200460434
17, 0, 16, 484, 450, -0.04661669209599495
17, 0, 17, 494, 427, -0.025458551943302155
17, 0, 18, 488, 439, -0.03406669944524765
17, 0, 19, 486, 447, -0.03510503098368645
17, 0, 20, 485, 452, -0.036537330597639084
17, 1, 0, 391, 406, 5.721727447394187e-08
17, 1, 1, 394, 384, -0.013391196727752686
17, 1, 2, 408, 371, -0.02142024040222168
17, 1, 3, 419, 366, -0.02782723680138588
17, 1, 4, 425, 359, -0.03401495888829231
17, 1, 5, 424, 396, -0.01441336702555418
17, 1, 6, 434, 403, -0.021351361647248268
17, 1, 7, 437, 410, -0.027420632541179657
17, 1, 8, 442, 418, -0.031796544790267944
17, 1, 9, 425, 413, -0.01340308878570795
17, 1, 10, 435, 425, -0.01785949617624283
17, 1, 11, 440, 435, -0.02134617045521736
17, 1, 12, 446, 446, -0.025018705055117607
17, 1, 13, 423, 425, -0.013686247169971466
17, 1, 14, 436, 439, -0.020226597785949707
17, 1, 15, 442, 448, -0.022051053121685982
17, 1, 16, 450, 458, -0.023443013429641724
17, 1, 17, 420, 435, -0.01505614910274744
17, 1, 18, 433, 445, -0.018902398645877838
17, 1, 19, 440, 452, -0.017533045262098312
17, 1, 20, 448, 459, -0.016970401629805565
18, 0, 0, 510, 406, -1.2047649988744524e-07
18, 0, 1, 504, 389, -0.008900994434952736
18, 0, 2, 494, 376, -0.014945880509912968
18, 0, 3, 487, 367, -0.020342564210295677
18, 0, 4, 481, 362, -0.026395650580525398
18, 0, 5, 491, 396, -0.015826057642698288
18, 0, 6, 487, 402, -0.02437387965619564
18, 0, 7, 488, 409, -0.03089793212711811
18, 0, 8, 488, 416, -0.03481512516736984
18, 0, 9, 490, 411, -0.014972575940191746
18, 0, 10, 487, 422, -0.022068526595830917
18, 0, 11, 486, 432, -0.02936621382832527
18, 0, 12, 486, 441, -0.035605475306510925
18, 0, 13, 489, 422, -0.01415967382490635
18, 0, 14, 486, 434, -0.02171281911432743
18, 0, 15, 485, 443, -0.02803729474544525
18, 0, 16, 485, 451, -0.03287196531891823
18, 0, 17, 489, 430, -0.013632525689899921
18, 0, 18, 485, 440, -0.01823684573173523
18, 0, 19, 484, 448, -0.020209968090057373
18, 0, 20, 482, 454, -0.022353388369083405
18, 1, 0, 389, 407, 9.66728137541395e-08
18, 1, 1, 394, 385, -0.011042745783925056
18, 1, 2, 409, 372, -0.018613791093230247
18, 1, 3, 420, 365, -0.025040872395038605
18, 1, 4, 427, 357, -0.031284332275390625
18, 1, 5, 427, 399, -0.010151633061468601
18, 1, 6, 434, 405, -0.01656644232571125
18, 1, 7, 437, 411, -0.023303627967834473
18, 1, 8, 440, 421, -0.028274554759263992
18, 1, 9, 426, 414, -0.010245249606668949
18, 1, 10, 433, 425, -0.014305402524769306
18, 1, 11, 439, 435, -0.018623655661940575
18, 1, 12, 444, 447, -0.0228042583912611
18, 1, 13, 424, 426, -0.011608293280005455
18, 1, 14, 434, 437, -0.018086642026901245
18, 1, 15, 440, 447, -0.021230805665254593
18, 1, 16, 447, 458, -0.0233774334192276
18, 1, 17, 421, 434, -0.013866467401385307
18, 1, 18, 431, 445, -0.018493566662073135
18, 1, 19, 438, 452, -0.01823190227150917
18, 1, 20, 445, 460, -0.018146609887480736
19, 0, 0, 0, 0, 0.0
19, 0, 1, 0, 0, 0.0
19, 0, 2, 0, 0, 0.0
19, 0, 3, 0, 0, 0.0
19, 0, 4, 0, 0, 0.0
19, 0, 5, 0, 0, 0.0
19, 0, 6, 0, 0, 0.0
19, 0, 7, 0, 0, 0.0
19, 0, 8, 0, 0, 0.0
19, 0, 9, 0, 0, 0.0
19, 0, 10, 0, 0, 0.0
19, 0, 11, 0, 0, 0.0
19, 0, 12, 0, 0, 0.0
19, 0, 13, 0, 0, 0.0
19, 0, 14, 0, 0, 0.0
19, 0, 15, 0, 0, 0.0
19, 0, 16, 0, 0, 0.0
19, 0, 17, 0, 0, 0.0
19, 0, 18, 0, 0, 0.0
19, 0, 19, 0, 0, 0.0
19, 0, 20, 0, 0, 0.0
19, 1, 0, 0, 0, 0.0
19, 1, 1, 0, 0, 0.0
19, 1, 2, 0, 0, 0.0
19, 1, 3, 0, 0, 0.0
19, 1, 4, 0, 0, 0.0
19, 1, 5, 0, 0, 0.0
19, 1, 6, 0, 0, 0.0
19, 1, 7, 0, 0, 0.0
19, 1, 8, 0, 0, 0.0
19, 1, 9, 0, 0, 0.0
19, 1, 10, 0, 0, 0.0
19, 1, 11, 0, 0, 0.0
19, 1, 12, 0, 0, 0.0
19, 1, 13, 0, 0, 0.0
19, 1, 14, 0, 0, 0.0
19, 1, 15, 0, 0, 0.0
19, 1, 16, 0, 0, 0.0
19, 1, 17, 0, 0, 0.0
19, 1, 18, 0, 0, 0.0
19, 1, 19, 0, 0, 0.0
19, 1, 20, 0, 0, 0.0
20, 0, 0, 497, 380, 4.995711933020175e-08
20, 0, 1, 494, 360, -0.0033765528351068497
20, 0, 2, 484, 342, -0.007568062748759985
20, 0, 3, 475, 330, -0.011042327620089054
20, 0, 4, 469, 321, -0.014852605760097504
20, 0, 5, 476, 354, -0.011435306631028652
20, 0, 6, 466, 349, -0.01650121621787548
20, 0, 7, 463, 347, -0.02007129415869713
20, 0, 8, 461, 344, -0.022257495671510696
20, 0, 9, 472, 369, -0.012035355903208256
20, 0, 10, 459, 364, -0.015130928717553616
20, 0, 11, 453, 361, -0.016504528000950813
20, 0, 12, 450, 357, -0.018310001119971275
20, 0, 13, 468, 383, -0.01236047875136137
20, 0, 14, 453, 379, -0.015268447808921337
20, 0, 15, 444, 376, -0.014298349618911743
20, 0, 16, 438, 373, -0.014056569896638393
20, 0, 17, 465, 395, -0.012626663781702518
20, 0, 18, 450, 392, -0.013940657489001751
20, 0, 19, 442, 389, -0.011554540134966373
20, 0, 20, 436, 387, -0.009903737343847752
20, 1, 0, 0, 0, 0.0
20, 1, 1, 0, 0, 0.0
20, 1, 2, 0, 0, 0.0
20, 1, 3, 0, 0, 0.0
20, 1, 4, 0, 0, 0.0
20, 1, 5, 0, 0, 0.0
20, 1, 6, 0, 0, 0.0
20, 1, 7, 0, 0, 0.0
20, 1, 8, 0, 0, 0.0
20, 1, 9, 0, 0, 0.0
20, 1, 10, 0, 0, 0.0
20, 1, 11, 0, 0, 0.0
20, 1, 12, 0, 0, 0.0
20, 1, 13, 0, 0, 0.0
20, 1, 14, 0, 0, 0.0
20, 1, 15, 0, 0, 0.0
20, 1, 16, 0, 0, 0.0
20, 1, 17, 0, 0, 0.0
20, 1, 18, 0, 0, 0.0
20, 1, 19, 0, 0, 0.0
20, 1, 20, 0, 0, 0.0
21, 0, 0, 403, 349, -1.357795120782157e-08
21, 0, 1, 410, 324, -0.004339856561273336
21, 0, 2, 426, 304, -0.008095351979136467
21, 0, 3, 441, 292, -0.011160881258547306
21, 0, 4, 450, 284, -0.013506518676877022
21, 0, 5, 425, 313, -0.014665304683148861
21, 0, 6, 439, 309, -0.02208208478987217
21, 0, 7, 447, 308, -0.025574415922164917
21, 0, 8, 452, 307, -0.027976084500551224
21, 0, 9, 426, 330, -0.016998641192913055
21, 0, 10, 440, 329, -0.02348651923239231
21, 0, 11, 449, 329, -0.025343596935272217
21, 0, 12, 458, 328, -0.027310026809573174
21, 0, 13, 427, 346, -0.01927657425403595
21, 0, 14, 440, 346, -0.027738815173506737
21, 0, 15, 451, 347, -0.029083216562867165
21, 0, 16, 461, 345, -0.02974165789783001
21, 0, 17, 428, 363, -0.02150201052427292
21, 0, 18, 442, 365, -0.029545070603489876
21, 0, 19, 451, 367, -0.030817361548542976
21, 0, 20, 459, 367, -0.031199589371681213
21, 1, 0, 499, 368, 1.2181617137230205e-07
21, 1, 1, 487, 348, -0.002809935947880149
21, 1, 2, 472, 331, -0.004233487881720066
21, 1, 3, 460, 321, -0.005639486946165562
21, 1, 4, 451, 317, -0.0074899387545883656
21, 1, 5, 480, 336, -0.008289801888167858
21, 1, 6, 474, 324, -0.013402754440903664
21, 1, 7, 470, 315, -0.016967518255114555
21, 1, 8, 466, 306, -0.01956561952829361
21, 1, 9, 479, 348, -0.009413554333150387
21, 1, 10, 476, 338, -0.012368816882371902
21, 1, 11, 471, 332, -0.014450469985604286
21, 1, 12, 465, 325, -0.0176896620541811
21, 1, 13, 476, 361, -0.010929163545370102
21, 1, 14, 471, 354, -0.014707040973007679
21, 1, 15, 465, 348, -0.0154610900208354
21, 1, 16, 460, 342, -0.01704753004014492
21, 1, 17, 471, 377, -0.012668871320784092
21, 1, 18, 463, 374, -0.01567896082997322
21, 1, 19, 459, 370, -0.01592845842242241
21, 1, 20, 455, 364, -0.01681261882185936
22, 0, 0, 403, 349, 9.041402648790609e-08
22, 0, 1, 409, 326, -0.004418359138071537
22, 0, 2, 423, 305, -0.007731589954346418
22, 0, 3, 438, 294, -0.010271475650370121
22, 0, 4, 448, 285, -0.012161968275904655
22, 0, 5, 423, 314, -0.012259786017239094
22, 0, 6, 436, 309, -0.019313454627990723
22, 0, 7, 446, 308, -0.02320832386612892
22, 0, 8, 453, 308, -0.025778548792004585
22, 0, 9, 424, 330, -0.014029010199010372
22, 0, 10, 438, 328, -0.01924675889313221
22, 0, 11, 448, 328, -0.02091221883893013
22, 0, 12, 456, 329, -0.022697102278470993
22, 0, 13, 426, 346, -0.015948235988616943
22, 0, 14, 438, 345, -0.02229822799563408
22, 0, 15, 449, 346, -0.022923188284039497
22, 0, 16, 458, 346, -0.023377668112516403
22, 0, 17, 426, 361, -0.01797059178352356
22, 0, 18, 438, 364, -0.024610323831439018
22, 0, 19, 447, 365, -0.025604968890547752
22, 0, 20, 456, 366, -0.025791145861148834
22, 1, 0, 493, 360, 8.92651286221735e-08
22, 1, 1, 485, 339, -0.0015378324314951897
22, 1, 2, 473, 318, -0.004601729102432728
22, 1, 3, 465, 303, -0.007644278928637505
22, 1, 4, 461, 291, -0.012007067911326885
22, 1, 5, 478, 327, -0.015409481711685658
22, 1, 6, 469, 315, -0.021891608834266663
22, 1, 7, 464, 307, -0.026038100942969322
22, 1, 8, 459, 300, -0.029441777616739273
22, 1, 9, 478, 339, -0.01910288631916046
22, 1, 10, 473, 333, -0.0236261747777462
22, 1, 11, 467, 328, -0.026201589033007622
22, 1, 12, 461, 324, -0.03027806244790554
22, 1, 13, 475, 354, -0.022386161610484123
22, 1, 14, 469, 351, -0.027404561638832092
22, 1, 15, 462, 348, -0.028818568214774132
22, 1, 16, 455, 344, -0.03176524117588997
22, 1, 17, 471, 371, -0.02552606910467148
22, 1, 18, 462, 372, -0.030852414667606354
22, 1, 19, 457, 371, -0.03259054571390152
22, 1, 20, 451, 368, -0.03493184223771095
23, 0, 0, 489, 352, 7.137350621633232e-08
23, 0, 1, 482, 329, -0.001807962078601122
23, 0, 2, 472, 307, -0.0036756021436303854
23, 0, 3, 466, 290, -0.005617358256131411
23, 0, 4, 460, 278, -0.008566640317440033
23, 0, 5, 477, 316, -0.009471981786191463
23, 0, 6, 473, 305, -0.014469210058450699
23, 0, 7, 468, 299, -0.0186031274497509
23, 0, 8, 463, 294, -0.02194126322865486
23, 0, 9, 475, 329, -0.011998518370091915
23, 0, 10, 472, 321, -0.014577259309589863
23, 0, 11, 467, 316, -0.01683635450899601
23, 0, 12, 463, 312, -0.020747199654579163
23, 0, 13, 470, 344, -0.014447277411818504
23, 0, 14, 466, 337, -0.017346706241369247
23, 0, 15, 462, 333, -0.017864588648080826
23, 0, 16, 459, 330, -0.020188845694065094
23, 0, 17, 463, 359, -0.017017580568790436
23, 0, 18, 458, 358, -0.02032642997801304
23, 0, 19, 457, 355, -0.02077365852892399
23, 0, 20, 456, 352, -0.022097136825323105
23, 1, 0, 0, 0, 0.0
23, 1, 1, 0, 0, 0.0
23, 1, 2, 0, 0, 0.0
23, 1, 3, 0, 0, 0.0
23, 1, 4, 0, 0, 0.0
23, 1, 5, 0, 0, 0.0
23, 1, 6, 0, 0, 0.0
23, 1, 7, 0, 0, 0.0
23, 1, 8, 0, 0, 0.0
23, 1, 9, 0, 0, 0.0
23, 1, 10, 0, 0, 0.0
23, 1, 11, 0, 0, 0.0
23, 1, 12, 0, 0, 0.0
23, 1, 13, 0, 0, 0.0
23, 1, 14, 0, 0, 0.0
23, 1, 15, 0, 0, 0.0
23, 1, 16, 0, 0, 0.0
23, 1, 17, 0, 0, 0.0
23, 1, 18, 0, 0, 0.0
23, 1, 19, 0, 0, 0.0
23, 1, 20, 0, 0, 0.0
24, 0, 0, 486, 350, 1.7363950277626827e-08
24, 0, 1, 479, 327, -0.002183950040489435
24, 0, 2, 470, 305, -0.0045869299210608006
24, 0, 3, 463, 289, -0.006872544530779123
24, 0, 4, 457, 277, -0.010168170556426048
24, 0, 5, 476, 313, -0.012182171456515789
24, 0, 6, 471, 302, -0.0183157566934824
24, 0, 7, 466, 297, -0.023130696266889572
24, 0, 8, 463, 293, -0.026933621615171432
24, 0, 9, 473, 325, -0.014854229986667633
24, 0, 10, 470, 320, -0.018633626401424408
24, 0, 11, 466, 316, -0.021251020953059196
24, 0, 12, 464, 312, -0.02552074007689953
24, 0, 13, 469, 340, -0.017339514568448067
24, 0, 14, 465, 335, -0.021577138453722
24, 0, 15, 462, 332, -0.02241571806371212
24, 0, 16, 462, 330, -0.02499784156680107
24, 0, 17, 462, 356, -0.01986785978078842
24, 0, 18, 458, 356, -0.024340331554412842
24, 0, 19, 457, 354, -0.02520172856748104
24, 0, 20, 456, 352, -0.026867171749472618
24, 1, 0, 0, 0, 0.0
24, 1, 1, 0, 0, 0.0
24, 1, 2, 0, 0, 0.0
24, 1, 3, 0, 0, 0.0
24, 1, 4, 0, 0, 0.0
24, 1, 5, 0, 0, 0.0
24, 1, 6, 0, 0, 0.0
24, 1, 7, 0, 0, 0.0
24, 1, 8, 0, 0, 0.0
24, 1, 9, 0, 0, 0.0
24, 1, 10, 0, 0, 0.0
24, 1, 11, 0, 0, 0.0
24, 1, 12, 0, 0, 0.0
24, 1, 13, 0, 0, 0.0
24, 1, 14, 0, 0, 0.0
24, 1, 15, 0, 0, 0.0
24, 1, 16, 0, 0, 0.0
24, 1, 17, 0, 0, 0.0
24, 1, 18, 0, 0, 0.0
24, 1, 19, 0, 0, 0.0
24, 1, 20, 0, 0, 0.0
25, 0, 0, 486, 344, 4.26619184423771e-09
25, 0, 1, 479, 321, -0.0027955370023846626
25, 0, 2, 470, 299, -0.005795002914965153
25, 0, 3, 464, 283, -0.008566023781895638
25, 0, 4, 459, 273, -0.012131120078265667
25, 0, 5, 475, 306, -0.013035960495471954
25, 0, 6, 466, 296, -0.020563872531056404
25, 0, 7, 462, 293, -0.026167375966906548
25, 0, 8, 461, 291, -0.030144579708576202
25, 0, 9, 472, 319, -0.015548670664429665
25, 0, 10, 467, 314, -0.020341141149401665
25, 0, 11, 464, 311, -0.023091884329915047
25, 0, 12, 463, 308, -0.02731090411543846
25, 0, 13, 468, 334, -0.01803726702928543
25, 0, 14, 462, 330, -0.022879553958773613
25, 0, 15, 459, 327, -0.023549117147922516
25, 0, 16, 459, 325, -0.025941502302885056
25, 0, 17, 461, 351, -0.020623860880732536
25, 0, 18, 454, 350, -0.02545260079205036
25, 0, 19, 452, 348, -0.02642626129090786
25, 0, 20, 451, 345, -0.02814064361155033
25, 1, 0, 0, 0, 0.0
25, 1, 1, 0, 0, 0.0
25, 1, 2, 0, 0, 0.0
25, 1, 3, 0, 0, 0.0
25, 1, 4, 0, 0, 0.0
25, 1, 5, 0, 0, 0.0
25, 1, 6, 0, 0, 0.0
25, 1, 7, 0, 0, 0.0
25, 1, 8, 0, 0, 0.0
25, 1, 9, 0, 0, 0.0
25, 1, 10, 0, 0, 0.0
25, 1, 11, 0, 0, 0.0
25, 1, 12, 0, 0, 0.0
25, 1, 13, 0, 0, 0.0
25, 1, 14, 0, 0, 0.0
25, 1, 15, 0, 0, 0.0
25, 1, 16, 0, 0, 0.0
25, 1, 17, 0, 0, 0.0
25, 1, 18, 0, 0, 0.0
25, 1, 19, 0, 0, 0.0
25, 1, 20, 0, 0, 0.0
26, 0, 0, 487, 344, 2.536283127962946e-10
26, 0, 1, 481, 321, -0.003233935683965683
26, 0, 2, 472, 299, -0.006737125106155872
26, 0, 3, 465, 283, -0.009850812144577503
26, 0, 4, 459, 273, -0.013895630836486816
26, 0, 5, 476, 306, -0.014746015891432762
26, 0, 6, 467, 296, -0.022672198712825775
26, 0, 7, 462, 293, -0.028553737327456474
26, 0, 8, 460, 290, -0.03274504467844963
26, 0, 9, 473, 319, -0.017020072788000107
26, 0, 10, 467, 313, -0.022021319717168808
26, 0, 11, 463, 310, -0.024658750742673874
26, 0, 12, 462, 308, -0.028664974495768547
26, 0, 13, 468, 334, -0.01919069141149521
26, 0, 14, 462, 329, -0.024114854633808136
26, 0, 15, 459, 327, -0.02448112517595291
26, 0, 16, 458, 325, -0.026476586237549782
26, 0, 17, 462, 351, -0.02145223133265972
26, 0, 18, 455, 349, -0.02616013213992119
26, 0, 19, 452, 347, -0.026712870225310326
26, 0, 20, 451, 345, -0.027973640710115433
26, 1, 0, 0, 0, 0.0
26, 1, 1, 0, 0, 0.0
26, 1, 2, 0, 0, 0.0
26, 1, 3, 0, 0, 0.0
26, 1, 4, 0, 0, 0.0
26, 1, 5, 0, 0, 0.0
26, 1, 6, 0, 0, 0.0
26, 1, 7, 0, 0, 0.0
26, 1, 8, 0, 0, 0.0
26, 1, 9, 0, 0, 0.0
26, 1, 10, 0, 0, 0.0
26, 1, 11, 0, 0, 0.0
26, 1, 12, 0, 0, 0.0
26, 1, 13, 0, 0, 0.0
26, 1, 14, 0, 0, 0.0
26, 1, 15, 0, 0, 0.0
26, 1, 16, 0, 0, 0.0
26, 1, 17, 0, 0, 0.0
26, 1, 18, 0, 0, 0.0
26, 1, 19, 0, 0, 0.0
26, 1, 20, 0, 0, 0.0
27, 0, 0, 487, 344, 6.016479758841342e-09
27, 0, 1, 480, 322, -0.00424941536039114
27, 0, 2, 471, 300, -0.008209560066461563
27, 0, 3, 464, 284, -0.01169795636087656
27, 0, 4, 458, 273, -0.01605573482811451
27, 0, 5, 476, 306, -0.016408313065767288
27, 0, 6, 468, 296, -0.025402449071407318
27, 0, 7, 463, 292, -0.031995099037885666
27, 0, 8, 460, 290, -0.036638204008340836
27, 0, 9, 473, 319, -0.018670765683054924
27, 0, 10, 470, 313, -0.02533782087266445
27, 0, 11, 466, 311, -0.028815604746341705
27, 0, 12, 464, 308, -0.03326284512877464
27, 0, 13, 469, 334, -0.020920442417263985
27, 0, 14, 465, 330, -0.02730557508766651
27, 0, 15, 462, 327, -0.028210921213030815
27, 0, 16, 461, 324, -0.030525656417012215
27, 0, 17, 463, 351, -0.023405684158205986
27, 0, 18, 458, 350, -0.029635673388838768
27, 0, 19, 456, 347, -0.031007247045636177
27, 0, 20, 457, 343, -0.03277714177966118
27, 1, 0, 0, 0, 0.0
27, 1, 1, 0, 0, 0.0
27, 1, 2, 0, 0, 0.0
27, 1, 3, 0, 0, 0.0
27, 1, 4, 0, 0, 0.0
27, 1, 5, 0, 0, 0.0
27, 1, 6, 0, 0, 0.0
27, 1, 7, 0, 0, 0.0
27, 1, 8, 0, 0, 0.0
27, 1, 9, 0, 0, 0.0
27, 1, 10, 0, 0, 0.0
27, 1, 11, 0, 0, 0.0
27, 1, 12, 0, 0, 0.0
27, 1, 13, 0, 0, 0.0
27, 1, 14, 0, 0, 0.0
27, 1, 15, 0, 0, 0.0
27, 1, 16, 0, 0, 0.0
27, 1, 17, 0, 0, 0.0
27, 1, 18, 0, 0, 0.0
27, 1, 19, 0, 0, 0.0
27, 1, 20, 0, 0, 0.0
28, 0, 0, 487, 345, 1.3851434665923534e-08
28, 0, 1, 480, 322, -0.0040553268045187
28, 0, 2, 471, 300, -0.007966346107423306
28, 0, 3, 464, 284, -0.011442981660366058
28, 0, 4, 458, 273, -0.01579427532851696
28, 0, 5, 476, 307, -0.01638152077794075
28, 0, 6, 468, 296, -0.025371495634317398
28, 0, 7, 463, 292, -0.0319429486989975
28, 0, 8, 460, 289, -0.03661524876952171
28, 0, 9, 473, 320, -0.018856067210435867
28, 0, 10, 470, 313, -0.02565031684935093
28, 0, 11, 466, 310, -0.029146859422326088
28, 0, 12, 464, 308, -0.03359000384807587
28, 0, 13, 469, 335, -0.02130589820444584
28, 0, 14, 465, 330, -0.027874574065208435
28, 0, 15, 462, 327, -0.028790509328246117
28, 0, 16, 461, 324, -0.031052717939019203
28, 0, 17, 462, 351, -0.02397424727678299
28, 0, 18, 457, 350, -0.030305860564112663
28, 0, 19, 455, 347, -0.0317009799182415
28, 0, 20, 455, 343, -0.0334927923977375
28, 1, 0, 0, 0, 0.0
28, 1, 1, 0, 0, 0.0
28, 1, 2, 0, 0, 0.0
28, 1, 3, 0, 0, 0.0
28, 1, 4, 0, 0, 0.0
28, 1, 5, 0, 0, 0.0
28, 1, 6, 0, 0, 0.0
28, 1, 7, 0, 0, 0.0
28, 1, 8, 0, 0, 0.0
28, 1, 9, 0, 0, 0.0
28, 1, 10, 0, 0, 0.0
28, 1, 11, 0, 0, 0.0
28, 1, 12, 0, 0, 0.0
28, 1, 13, 0, 0, 0.0
28, 1, 14, 0, 0, 0.0
28, 1, 15, 0, 0, 0.0
28, 1, 16, 0, 0, 0.0
28, 1, 17, 0, 0, 0.0
28, 1, 18, 0, 0, 0.0
28, 1, 19, 0, 0, 0.0
28, 1, 20, 0, 0, 0.0
29, 0, 0, 489, 346, -4.2462779958896135e-08
29, 0, 1, 485, 323, -0.002305746078491211
29, 0, 2, 480, 300, -0.005524291191250086
29, 0, 3, 475, 284, -0.00840731430798769
29, 0, 4, 467, 279, -0.012159972451627254
29, 0, 5, 480, 308, -0.012716112658381462
29, 0, 6, 471, 298, -0.02055276744067669
29, 0, 7, 465, 297, -0.026783999055624008
29, 0, 8, 462, 298, -0.030978409573435783
29, 0, 9, 476, 321, -0.015487950295209885
29, 0, 10, 469, 316, -0.01974850706756115
29, 0, 11, 464, 314, -0.022337891161441803
29, 0, 12, 462, 313, -0.026360565796494484
29, 0, 13, 471, 336, -0.018178585916757584
29, 0, 14, 465, 333, -0.022160371765494347
29, 0, 15, 460, 331, -0.021985722705721855
29, 0, 16, 459, 328, -0.023913832381367683
29, 0, 17, 466, 351, -0.021000882610678673
29, 0, 18, 459, 351, -0.02449742704629898
29, 0, 19, 458, 350, -0.02382105588912964
29, 0, 20, 458, 347, -0.024414412677288055
29, 1, 0, 0, 0, 0.0
29, 1, 1, 0, 0, 0.0
29, 1, 2, 0, 0, 0.0
29, 1, 3, 0, 0, 0.0
29, 1, 4, 0, 0, 0.0
29, 1, 5, 0, 0, 0.0
29, 1, 6, 0, 0, 0.0
29, 1, 7, 0, 0, 0.0
29, 1, 8, 0, 0, 0.0
29, 1, 9, 0, 0, 0.0
29, 1, 10, 0, 0, 0.0
29, 1, 11, 0, 0, 0.0
29, 1, 12, 0, 0, 0.0
29, 1, 13, 0, 0, 0.0
29, 1, 14, 0, 0, 0.0
29, 1, 15, 0, 0, 0.0
29, 1, 16, 0, 0, 0.0
29, 1, 17, 0, 0, 0.0
29, 1, 18, 0, 0, 0.0
29, 1, 19, 0, 0, 0.0
29, 1, 20, 0, 0, 0.0
30, 0, 0, 406, 339, 5.0505452264815176e-08
30, 0, 1, 408, 315, -0.004657047335058451
30, 0, 2, 414, 293, -0.011088669300079346
30, 0, 3, 422, 279, -0.01707867719233036
30, 0, 4, 432, 272, -0.022670453414320946
30, 0, 5, 410, 302, -0.01967569999396801
30, 0, 6, 432, 297, -0.029107794165611267
30, 0, 7, 442, 297, -0.03360229358077049
30, 0, 8, 449, 297, -0.036477021872997284
30, 0, 9, 414, 319, -0.02301899716258049
30, 0, 10, 437, 315, -0.031361255794763565
30, 0, 11, 449, 315, -0.03254420682787895
30, 0, 12, 456, 314, -0.0343732088804245
30, 0, 13, 419, 336, -0.02617489919066429
30, 0, 14, 441, 333, -0.03478981554508209
30, 0, 15, 454, 332, -0.03407777100801468
30, 0, 16, 461, 330, -0.03373657539486885
30, 0, 17, 426, 350, -0.029418524354696274
30, 0, 18, 443, 350, -0.03615671023726463
30, 0, 19, 453, 348, -0.03550124168395996
30, 0, 20, 460, 346, -0.03498333692550659
30, 1, 0, 486, 343, -7.870776919105538e-09
30, 1, 1, 483, 321, -0.002221489092335105
30, 1, 2, 479, 299, -0.005113307852298021
30, 1, 3, 474, 284, -0.007751754019409418
30, 1, 4, 467, 278, -0.011415873654186726
30, 1, 5, 479, 307, -0.01257712859660387
30, 1, 6, 472, 297, -0.019757740199565887
30, 1, 7, 466, 296, -0.02563413418829441
30, 1, 8, 463, 296, -0.029587000608444214
30, 1, 9, 476, 320, -0.015253692865371704
30, 1, 10, 470, 315, -0.01959976553916931
30, 1, 11, 465, 312, -0.022366466000676155
30, 1, 12, 463, 311, -0.026358073577284813
30, 1, 13, 471, 335, -0.01777126081287861
30, 1, 14, 466, 332, -0.02160610631108284
30, 1, 15, 462, 330, -0.021644791588187218
30, 1, 16, 460, 329, -0.02352849580347538
30, 1, 17, 466, 349, -0.020423108711838722
30, 1, 18, 461, 348, -0.023801954463124275
30, 1, 19, 458, 347, -0.023264722898602486
30, 1, 20, 457, 345, -0.023841504007577896
31, 0, 0, 474, 324, -4.314271606631337e-08
31, 0, 1, 481, 307, -0.006640431471168995
31, 0, 2, 489, 292, -0.01255002524703741
31, 0, 3, 493, 287, -0.018547317013144493
31, 0, 4, 495, 292, -0.025742333382368088
31, 0, 5, 484, 308, -0.02039329521358013
31, 0, 6, 491, 309, -0.03165503218770027
31, 0, 7, 493, 310, -0.04082227498292923
31, 0, 8, 491, 312, -0.04713187739253044
31, 0, 9, 475, 321, -0.02304847538471222
31, 0, 10, 482, 326, -0.03196456655859947
31, 0, 11, 481, 327, -0.037207648158073425
31, 0, 12, 478, 327, -0.04276708513498306
31, 0, 13, 467, 333, -0.025562427937984467
31, 0, 14, 472, 339, -0.03375411033630371
31, 0, 15, 473, 341, -0.03519031032919884
31, 0, 16, 471, 341, -0.03724954277276993
31, 0, 17, 459, 343, -0.02877802774310112
31, 0, 18, 462, 350, -0.03337264060974121
31, 0, 19, 463, 353, -0.03230791911482811
31, 0, 20, 462, 354, -0.03271457552909851
31, 1, 0, 0, 0, 0.0
31, 1, 1, 0, 0, 0.0
31, 1, 2, 0, 0, 0.0
31, 1, 3, 0, 0, 0.0
31, 1, 4, 0, 0, 0.0
31, 1, 5, 0, 0, 0.0
31, 1, 6, 0, 0, 0.0
31, 1, 7, 0, 0, 0.0
31, 1, 8, 0, 0, 0.0
31, 1, 9, 0, 0, 0.0
31, 1, 10, 0, 0, 0.0
31, 1, 11, 0, 0, 0.0
31, 1, 12, 0, 0, 0.0
31, 1, 13, 0, 0, 0.0
31, 1, 14, 0, 0, 0.0
31, 1, 15, 0, 0, 0.0
31, 1, 16, 0, 0, 0.0
31, 1, 17, 0, 0, 0.0
31, 1, 18, 0, 0, 0.0
31, 1, 19, 0, 0, 0.0
31, 1, 20, 0, 0, 0.0
32, 0, 0, 411, 331, 3.1601402050718264e-10
32, 0, 1, 405, 311, -0.01223705243319273
32, 0, 2, 401, 295, -0.023273706436157227
32, 0, 3, 402, 292, -0.033447861671447754
32, 0, 4, 406, 303, -0.043302517384290695
32, 0, 5, 405, 313, -0.026606909930706024
32, 0, 6, 413, 319, -0.04039374366402626
32, 0, 7, 421, 326, -0.04883010312914848
32, 0, 8, 429, 333, -0.05333901196718216
32, 0, 9, 418, 330, -0.027522141113877296
32, 0, 10, 430, 336, -0.041200533509254456
32, 0, 11, 441, 343, -0.04678070917725563
32, 0, 12, 450, 349, -0.04994724318385124
32, 0, 13, 428, 341, -0.02848765440285206
32, 0, 14, 439, 346, -0.04268474876880646
32, 0, 15, 449, 351, -0.045747604221105576
32, 0, 16, 457, 355, -0.04534487798810005
32, 0, 17, 436, 347, -0.030109286308288574
32, 0, 18, 447, 352, -0.03723636269569397
32, 0, 19, 454, 355, -0.03584162890911102
32, 0, 20, 461, 357, -0.03388911858201027
32, 1, 0, 461, 326, -6.674058283806517e-08
32, 1, 1, 471, 308, -0.002855537459254265
32, 1, 2, 483, 295, -0.005850494839251041
32, 1, 3, 492, 288, -0.009878493845462799
32, 1, 4, 497, 290, -0.014213546179234982
32, 1, 5, 475, 304, -0.008776993490755558
32, 1, 6, 490, 309, -0.016520202159881592
32, 1, 7, 492, 311, -0.022508811205625534
32, 1, 8, 490, 311, -0.026951272040605545
32, 1, 9, 466, 319, -0.013595535419881344
32, 1, 10, 476, 328, -0.019955899566411972
32, 1, 11, 478, 331, -0.02305552177131176
32, 1, 12, 478, 329, -0.026760105043649673
32, 1, 13, 460, 332, -0.01860002614557743
32, 1, 14, 467, 342, -0.0250158179551363
32, 1, 15, 469, 344, -0.02476866915822029
32, 1, 16, 469, 339, -0.02570747770369053
32, 1, 17, 455, 342, -0.02408706769347191
32, 1, 18, 459, 354, -0.02752392739057541
32, 1, 19, 460, 356, -0.02515651471912861
32, 1, 20, 460, 355, -0.02437487244606018
33, 0, 0, 405, 337, 1.256546084960064e-07
33, 0, 1, 407, 315, -0.008303097449243069
33, 0, 2, 413, 295, -0.016401341184973717
33, 0, 3, 422, 283, -0.02324773371219635
33, 0, 4, 433, 283, -0.029707180336117744
33, 0, 5, 419, 308, -0.02253211848437786
33, 0, 6, 435, 307, -0.03213973343372345
33, 0, 7, 445, 310, -0.037074461579322815
33, 0, 8, 454, 314, -0.04059375450015068
33, 0, 9, 422, 326, -0.023649204522371292
33, 0, 10, 437, 325, -0.03244280442595482
33, 0, 11, 449, 328, -0.034908317029476166
33, 0, 12, 459, 331, -0.0376250222325325
33, 0, 13, 425, 341, -0.02492239885032177
33, 0, 14, 439, 341, -0.03431053087115288
33, 0, 15, 450, 344, -0.03508472070097923
33, 0, 16, 460, 346, -0.0356663316488266
33, 0, 17, 427, 353, -0.026524489745497704
33, 0, 18, 439, 355, -0.03451200947165489
33, 0, 19, 448, 356, -0.035887811332941055
33, 0, 20, 457, 358, -0.03688916563987732
33, 1, 0, 464, 346, -1.349949485529578e-07
33, 1, 1, 472, 320, -0.004866770002990961
33, 1, 2, 475, 300, -0.00948182400316
33, 1, 3, 474, 287, -0.014803891070187092
33, 1, 4, 465, 280, -0.02008732780814171
33, 1, 5, 479, 313, -0.00790076982229948
33, 1, 6, 474, 302, -0.019217858090996742
33, 1, 7, 465, 301, -0.02756188064813614
33, 1, 8, 461, 303, -0.03279416635632515
33, 1, 9, 476, 328, -0.01175585575401783
33, 1, 10, 468, 320, -0.020388560369610786
33, 1, 11, 460, 322, -0.023554328829050064
33, 1, 12, 458, 325, -0.02659137360751629
33, 1, 13, 471, 343, -0.016802452504634857
33, 1, 14, 463, 338, -0.025936495512723923
33, 1, 15, 456, 339, -0.024801533669233322
33, 1, 16, 455, 341, -0.02392851561307907
33, 1, 17, 465, 355, -0.0224225502461195
33, 1, 18, 459, 354, -0.02792257070541382
33, 1, 19, 453, 353, -0.02530919760465622
33, 1, 20, 451, 354, -0.023541126400232315
34, 0, 0, 403, 339, 1.480541271803304e-07
34, 0, 1, 404, 317, -0.008662045933306217
34, 0, 2, 410, 297, -0.0165771022439003
34, 0, 3, 421, 286, -0.02319420501589775
34, 0, 4, 433, 284, -0.029242701828479767
34, 0, 5, 419, 309, -0.02073029801249504
34, 0, 6, 433, 306, -0.03067745268344879
34, 0, 7, 444, 308, -0.03605419024825096
34, 0, 8, 454, 312, -0.039650268852710724
34, 0, 9, 422, 326, -0.021850187331438065
34, 0, 10, 437, 326, -0.031134845688939095
34, 0, 11, 450, 328, -0.03405286744236946
34, 0, 12, 461, 331, -0.0365825779736042
34, 0, 13, 425, 341, -0.02326660230755806
34, 0, 14, 439, 340, -0.033400338143110275
34, 0, 15, 451, 343, -0.03431315720081329
34, 0, 16, 461, 346, -0.03436648100614548
34, 0, 17, 427, 353, -0.025042928755283356
34, 0, 18, 439, 354, -0.033410701900720596
34, 0, 19, 448, 356, -0.03432341665029526
34, 0, 20, 456, 357, -0.034455571323633194
34, 1, 0, 473, 339, -1.0105581083053039e-07
34, 1, 1, 477, 315, -0.007418642286211252
34, 1, 2, 476, 298, -0.012784604914486408
34, 1, 3, 473, 285, -0.017919547855854034
34, 1, 4, 464, 279, -0.023229895159602165
34, 1, 5, 481, 309, -0.010700694285333157
34, 1, 6, 469, 302, -0.021432053297758102
34, 1, 7, 460, 303, -0.030017774552106857
34, 1, 8, 459, 305, -0.035756975412368774
34, 1, 9, 478, 326, -0.01317716483026743
34, 1, 10, 465, 319, -0.020733386278152466
34, 1, 11, 457, 321, -0.02412847988307476
34, 1, 12, 457, 324, -0.02785918489098549
34, 1, 13, 474, 341, -0.0166755560785532
34, 1, 14, 460, 336, -0.02543903887271881
34, 1, 15, 453, 336, -0.024122094735503197
34, 1, 16, 452, 338, -0.02340840734541416
34, 1, 17, 468, 353, -0.020888159051537514
34, 1, 18, 457, 350, -0.026283355429768562
34, 1, 19, 451, 350, -0.02309267409145832
34, 1, 20, 450, 352, -0.020992880687117577
35, 0, 0, 404, 337, 1.4831863381914445e-07
35, 0, 1, 406, 315, -0.006609628908336163
35, 0, 2, 414, 293, -0.012453584931790829
35, 0, 3, 424, 280, -0.017373519018292427
35, 0, 4, 431, 282, -0.021697204560041428
35, 0, 5, 419, 304, -0.01518437173217535
35, 0, 6, 432, 302, -0.02220347337424755
35, 0, 7, 442, 303, -0.025683701038360596
35, 0, 8, 449, 306, -0.028105705976486206
35, 0, 9, 422, 321, -0.016410980373620987
35, 0, 10, 436, 320, -0.022780943661928177
35, 0, 11, 447, 322, -0.024493824690580368
35, 0, 12, 456, 324, -0.026163989678025246
35, 0, 13, 425, 336, -0.01781650260090828
35, 0, 14, 438, 335, -0.025129595771431923
35, 0, 15, 448, 337, -0.02567494846880436
35, 0, 16, 456, 340, -0.02560267597436905
35, 0, 17, 427, 349, -0.019500846043229103
35, 0, 18, 439, 350, -0.02505224384367466
35, 0, 19, 447, 352, -0.0253538079559803
35, 0, 20, 455, 353, -0.025285964831709862
35, 1, 0, 478, 329, -1.1404442545881466e-07
35, 1, 1, 477, 309, -0.006482339929789305
35, 1, 2, 476, 293, -0.009564820677042007
35, 1, 3, 474, 281, -0.012275389395654202
35, 1, 4, 470, 281, -0.015316467732191086
35, 1, 5, 480, 306, -0.009548096917569637
35, 1, 6, 470, 302, -0.017806071788072586
35, 1, 7, 463, 303, -0.02472011372447014
35, 1, 8, 462, 306, -0.029529454186558723
35, 1, 9, 476, 323, -0.011268064379692078
35, 1, 10, 463, 320, -0.01623554714024067
35, 1, 11, 457, 322, -0.018919527530670166
35, 1, 12, 459, 324, -0.02251797914505005
35, 1, 13, 471, 336, -0.01367905829101801
35, 1, 14, 457, 336, -0.0197280403226614
35, 1, 15, 452, 337, -0.019362421706318855
35, 1, 16, 453, 337, -0.020065205171704292
35, 1, 17, 465, 347, -0.016785454005002975
35, 1, 18, 452, 349, -0.021181680262088776
35, 1, 19, 447, 350, -0.019374385476112366
35, 1, 20, 447, 350, -0.018681176006793976
36, 0, 0, 484, 342, -7.738895391184997e-08
36, 0, 1, 478, 323, -0.005485715810209513
36, 0, 2, 475, 301, -0.009113951586186886
36, 0, 3, 473, 286, -0.01198104489594698
36, 0, 4, 470, 282, -0.015671635046601295
36, 0, 5, 482, 309, -0.015921534970402718
36, 0, 6, 476, 299, -0.02503155544400215
36, 0, 7, 469, 298, -0.03268097713589668
36, 0, 8, 465, 299, -0.037774208933115005
36, 0, 9, 477, 322, -0.017504436895251274
36, 0, 10, 472, 321, -0.02425151690840721
36, 0, 11, 465, 321, -0.02822406031191349
36, 0, 12, 461, 320, -0.032668907195329666
36, 0, 13, 472, 336, -0.019143374636769295
36, 0, 14, 466, 338, -0.02483067288994789
36, 0, 15, 459, 337, -0.025323638692498207
36, 0, 16, 456, 336, -0.027191465720534325
36, 0, 17, 467, 349, -0.021276921033859253
36, 0, 18, 458, 354, -0.0263840164989233
36, 0, 19, 453, 354, -0.026348380371928215
36, 0, 20, 452, 352, -0.02686442993581295
36, 1, 0, 0, 0, 0.0
36, 1, 1, 0, 0, 0.0
36, 1, 2, 0, 0, 0.0
36, 1, 3, 0, 0, 0.0
36, 1, 4, 0, 0, 0.0
36, 1, 5, 0, 0, 0.0
36, 1, 6, 0, 0, 0.0
36, 1, 7, 0, 0, 0.0
36, 1, 8, 0, 0, 0.0
36, 1, 9, 0, 0, 0.0
36, 1, 10, 0, 0, 0.0
36, 1, 11, 0, 0, 0.0
36, 1, 12, 0, 0, 0.0
36, 1, 13, 0, 0, 0.0
36, 1, 14, 0, 0, 0.0
36, 1, 15, 0, 0, 0.0
36, 1, 16, 0, 0, 0.0
36, 1, 17, 0, 0, 0.0
36, 1, 18, 0, 0, 0.0
36, 1, 19, 0, 0, 0.0
36, 1, 20, 0, 0, 0.0
37, 0, 0, 417, 320, -1.864271581553112e-08
37, 0, 1, 410, 301, -0.006674842908978462
37, 0, 2, 402, 290, -0.015679672360420227
37, 0, 3, 396, 292, -0.024922659620642662
37, 0, 4, 394, 305, -0.03453900292515755
37, 0, 5, 408, 312, -0.021649101749062538
37, 0, 6, 415, 316, -0.030497947707772255
37, 0, 7, 420, 321, -0.03612314164638519
37, 0, 8, 427, 325, -0.039786197245121
37, 0, 9, 418, 328, -0.02440628781914711
37, 0, 10, 428, 331, -0.03129850700497627
37, 0, 11, 435, 334, -0.033193521201610565
37, 0, 12, 442, 336, -0.035757165402173996
37, 0, 13, 427, 337, -0.026772968471050262
37, 0, 14, 436, 341, -0.03449038416147232
37, 0, 15, 443, 344, -0.03421048820018768
37, 0, 16, 448, 345, -0.03378238156437874
37, 0, 17, 433, 343, -0.02957095019519329
37, 0, 18, 442, 347, -0.03257127106189728
37, 0, 19, 448, 349, -0.029062101617455482
37, 0, 20, 452, 350, -0.027116522192955017
37, 1, 0, 468, 314, -4.108846951567102e-08
37, 1, 1, 477, 300, -0.0052782692946493626
37, 1, 2, 487, 293, -0.011233219876885414
37, 1, 3, 494, 289, -0.017934415489435196
37, 1, 4, 503, 289, -0.025760695338249207
37, 1, 5, 483, 306, -0.015191692858934402
37, 1, 6, 491, 307, -0.025850912556052208
37, 1, 7, 495, 311, -0.03459455072879791
37, 1, 8, 495, 314, -0.0403132364153862
37, 1, 9, 473, 318, -0.018238283693790436
37, 1, 10, 480, 322, -0.025745639577507973
37, 1, 11, 482, 325, -0.030161136761307716
37, 1, 12, 481, 325, -0.03523186594247818
37, 1, 13, 463, 328, -0.021381890401244164
37, 1, 14, 468, 333, -0.0290045365691185
37, 1, 15, 469, 335, -0.029396113008260727
37, 1, 16, 467, 336, -0.030679862946271896
37, 1, 17, 454, 335, -0.025128042325377464
37, 1, 18, 457, 341, -0.028974270448088646
37, 1, 19, 459, 345, -0.026423534378409386
37, 1, 20, 458, 346, -0.025725839659571648
38, 0, 0, 423, 305, -3.7142203979101396e-08
38, 0, 1, 411, 296, -0.02474181540310383
38, 0, 2, 400, 295, -0.04025665298104286
38, 0, 3, 396, 300, -0.05214029923081398
38, 0, 4, 394, 309, -0.06326626241207123
38, 0, 5, 410, 320, -0.03644595667719841
38, 0, 6, 422, 325, -0.0534270778298378
38, 0, 7, 431, 327, -0.06445802748203278
38, 0, 8, 441, 328, -0.07138952612876892
38, 0, 9, 421, 332, -0.030460042878985405
38, 0, 10, 435, 335, -0.04514143243432045
38, 0, 11, 447, 336, -0.052818093448877335
38, 0, 12, 459, 336, -0.05858812481164932
38, 0, 13, 431, 339, -0.025994710624217987
38, 0, 14, 444, 341, -0.03917645290493965
38, 0, 15, 455, 342, -0.04406816139817238
38, 0, 16, 465, 344, -0.047263581305742264
38, 0, 17, 439, 342, -0.023417623713612556
38, 0, 18, 448, 346, -0.03360981494188309
38, 0, 19, 457, 346, -0.03730308637022972
38, 0, 20, 464, 346, -0.03965165093541145
38, 1, 0, 467, 317, -2.0703312841874322e-08
38, 1, 1, 474, 303, -0.00759564433246851
38, 1, 2, 486, 291, -0.014894027262926102
38, 1, 3, 495, 287, -0.021665094420313835
38, 1, 4, 503, 286, -0.02871323749423027
38, 1, 5, 482, 303, -0.019692981615662575
38, 1, 6, 493, 305, -0.02874850481748581
38, 1, 7, 497, 308, -0.034521427005529404
38, 1, 8, 497, 310, -0.03813941031694412
38, 1, 9, 475, 317, -0.02099895104765892
38, 1, 10, 482, 321, -0.028058359399437904
38, 1, 11, 483, 323, -0.030727138742804527
38, 1, 12, 481, 324, -0.03365965560078621
38, 1, 13, 467, 328, -0.022475767880678177
38, 1, 14, 471, 331, -0.03083891049027443
38, 1, 15, 470, 333, -0.030697189271450043
38, 1, 16, 470, 333, -0.030818786472082138
38, 1, 17, 459, 336, -0.024319235235452652
38, 1, 18, 462, 341, -0.032247379422187805
38, 1, 19, 462, 343, -0.03190099447965622
38, 1, 20, 460, 343, -0.03159017860889435
39, 0, 0, 427, 312, 7.350858766130841e-08
39, 0, 1, 411, 302, -0.014276455156505108
39, 0, 2, 398, 300, -0.023539800196886063
39, 0, 3, 392, 305, -0.03056701086461544
39, 0, 4, 391, 312, -0.03707175701856613
39, 0, 5, 411, 320, -0.023624978959560394
39, 0, 6, 417, 327, -0.03265807032585144
39, 0, 7, 415, 333, -0.0368715338408947
39, 0, 8, 413, 338, -0.03927042707800865
39, 0, 9, 422, 330, -0.020282022655010223
39, 0, 10, 429, 337, -0.027705617249011993
39, 0, 11, 426, 342, -0.03001115657389164
39, 0, 12, 422, 346, -0.0320846326649189
39, 0, 13, 431, 336, -0.01750432699918747
39, 0, 14, 439, 342, -0.024668514728546143
39, 0, 15, 437, 348, -0.025313636288046837
39, 0, 16, 434, 353, -0.025733707472682
39, 0, 17, 440, 339, -0.015773197636008263
39, 0, 18, 446, 345, -0.021899422630667686
39, 0, 19, 445, 351, -0.022975575178861618
39, 0, 20, 443, 356, -0.023402176797389984
39, 1, 0, 479, 316, 7.162366699731137e-08
39, 1, 1, 488, 306, -0.007338236551731825
39, 1, 2, 496, 300, -0.013640375807881355
39, 1, 3, 505, 298, -0.019705504179000854
39, 1, 4, 515, 300, -0.025454746559262276
39, 1, 5, 479, 307, -0.017171455547213554
39, 1, 6, 489, 315, -0.02680131234228611
39, 1, 7, 495, 319, -0.032239045947790146
39, 1, 8, 499, 322, -0.03570102900266647
39, 1, 9, 469, 315, -0.01907486468553543
39, 1, 10, 476, 330, -0.029588114470243454
39, 1, 11, 480, 333, -0.03122253157198429
39, 1, 12, 481, 334, -0.032559968531131744
39, 1, 13, 462, 323, -0.021528899669647217
39, 1, 14, 468, 338, -0.03241264447569847
39, 1, 15, 470, 339, -0.031451545655727386
39, 1, 16, 473, 337, -0.03023291379213333
39, 1, 17, 457, 329, -0.024521488696336746
39, 1, 18, 460, 344, -0.03382716700434685
39, 1, 19, 462, 346, -0.03414209187030792
39, 1, 20, 463, 343, -0.0340256504714489
40, 0, 0, 425, 315, -1.9931221117985842e-08
40, 0, 1, 412, 302, -0.017249757423996925
40, 0, 2, 399, 298, -0.027345877140760422
40, 0, 3, 393, 303, -0.03463635593652725
40, 0, 4, 392, 313, -0.041158825159072876
40, 0, 5, 406, 328, -0.024565834552049637
40, 0, 6, 419, 330, -0.0335979238152504
40, 0, 7, 422, 330, -0.038516778498888016
40, 0, 8, 421, 331, -0.04169319197535515
40, 0, 9, 415, 339, -0.019952556118369102
40, 0, 10, 431, 341, -0.026497619226574898
40, 0, 11, 434, 340, -0.029393542557954788
40, 0, 12, 432, 341, -0.03244415670633316
40, 0, 13, 424, 346, -0.016137629747390747
40, 0, 14, 440, 347, -0.02295929193496704
40, 0, 15, 443, 348, -0.023848099634051323
40, 0, 16, 442, 349, -0.025026611983776093
40, 0, 17, 433, 348, -0.013725897297263145
40, 0, 18, 446, 350, -0.020307719707489014
40, 0, 19, 449, 351, -0.02155575528740883
40, 0, 20, 449, 353, -0.022112594917416573
40, 1, 0, 470, 318, -3.014169536186273e-08
40, 1, 1, 484, 307, -0.008555276319384575
40, 1, 2, 496, 299, -0.018061164766550064
40, 1, 3, 506, 299, -0.026738781481981277
40, 1, 4, 515, 300, -0.03554835915565491
40, 1, 5, 483, 306, -0.020228644832968712
40, 1, 6, 494, 318, -0.029280181974172592
40, 1, 7, 495, 319, -0.03555495664477348
40, 1, 8, 492, 316, -0.03949093073606491
40, 1, 9, 472, 316, -0.019929341971874237
40, 1, 10, 481, 332, -0.025507807731628418
40, 1, 11, 482, 333, -0.02677490934729576
40, 1, 12, 481, 330, -0.028834687545895576
40, 1, 13, 463, 325, -0.019563810899853706
40, 1, 14, 470, 340, -0.02421627752482891
40, 1, 15, 472, 340, -0.022402457892894745
40, 1, 16, 471, 337, -0.021546397358179092
40, 1, 17, 457, 333, -0.019990915432572365
40, 1, 18, 458, 346, -0.022052204236388206
40, 1, 19, 456, 349, -0.019308563321828842
40, 1, 20, 452, 349, -0.017694521695375443
41, 0, 0, 419, 319, -6.797632323696234e-08
41, 0, 1, 408, 304, -0.014317799359560013
41, 0, 2, 398, 295, -0.02416360192000866
41, 0, 3, 393, 299, -0.03198099136352539
41, 0, 4, 390, 308, -0.03962256759405136
41, 0, 5, 408, 319, -0.026019223034381866
41, 0, 6, 420, 317, -0.03509840369224548
41, 0, 7, 422, 319, -0.03959936276078224
41, 0, 8, 419, 323, -0.042881328612565994
41, 0, 9, 416, 331, -0.023264775052666664
41, 0, 10, 433, 331, -0.03034484200179577
41, 0, 11, 435, 332, -0.03274235129356384
41, 0, 12, 433, 334, -0.035902246832847595
41, 0, 13, 424, 339, -0.020758328959345818
41, 0, 14, 441, 339, -0.02760312147438526
41, 0, 15, 443, 341, -0.028269605711102486
41, 0, 16, 442, 344, -0.02999296970665455
41, 0, 17, 431, 344, -0.019509224221110344
41, 0, 18, 446, 344, -0.02581433206796646
41, 0, 19, 450, 346, -0.02699553593993187
41, 0, 20, 450, 349, -0.028267761692404747
41, 1, 0, 462, 319, -2.5737731945696396e-08
41, 1, 1, 477, 307, -0.002230932004749775
41, 1, 2, 491, 300, -0.00588223896920681
41, 1, 3, 504, 297, -0.010702399536967278
41, 1, 4, 514, 301, -0.01527534518390894
41, 1, 5, 483, 306, -0.006782614625990391
41, 1, 6, 499, 315, -0.01415182277560234
41, 1, 7, 500, 317, -0.019321128726005554
41, 1, 8, 498, 316, -0.022878121584653854
41, 1, 9, 471, 316, -0.011156653054058552
41, 1, 10, 483, 329, -0.016647160053253174
41, 1, 11, 483, 331, -0.018309541046619415
41, 1, 12, 481, 328, -0.020871704444289207
41, 1, 13, 461, 326, -0.015926437452435493
41, 1, 14, 470, 340, -0.02044142223894596
41, 1, 15, 469, 340, -0.018368031829595566
41, 1, 16, 467, 334, -0.01835515908896923
41, 1, 17, 452, 335, -0.021188437938690186
41, 1, 18, 457, 349, -0.023651156574487686
41, 1, 19, 455, 348, -0.020781688392162323
41, 1, 20, 452, 343, -0.019637035205960274
42, 0, 0, 424, 314, -3.629451938991224e-08
42, 0, 1, 410, 301, -0.015617439523339272
42, 0, 2, 397, 295, -0.02488797903060913
42, 0, 3, 393, 300, -0.0317227728664875
42, 0, 4, 390, 308, -0.03815515711903572
42, 0, 5, 407, 320, -0.023555496707558632
42, 0, 6, 420, 320, -0.030731214210391045
42, 0, 7, 423, 324, -0.034403733909130096
42, 0, 8, 424, 328, -0.03742055594921112
42, 0, 9, 416, 332, -0.01959657296538353
42, 0, 10, 432, 332, -0.0253695547580719
42, 0, 11, 435, 333, -0.028198588639497757
42, 0, 12, 434, 337, -0.03161845728754997
42, 0, 13, 425, 339, -0.01607455126941204
42, 0, 14, 441, 339, -0.022342143580317497
42, 0, 15, 444, 343, -0.024155788123607635
42, 0, 16, 444, 347, -0.026421543210744858
42, 0, 17, 434, 344, -0.013770432211458683
42, 0, 18, 446, 344, -0.019980667158961296
42, 0, 19, 449, 347, -0.021974964067339897
42, 0, 20, 450, 351, -0.023573189973831177
42, 1, 0, 466, 317, -3.347041044321486e-08
42, 1, 1, 478, 306, -0.002689012559130788
42, 1, 2, 492, 300, -0.00618763267993927
42, 1, 3, 505, 300, -0.01018546987324953
42, 1, 4, 516, 302, -0.013708459213376045
42, 1, 5, 483, 308, -0.00847739726305008
42, 1, 6, 498, 316, -0.01427012961357832
42, 1, 7, 501, 318, -0.0179902333766222
42, 1, 8, 500, 317, -0.020371071994304657
42, 1, 9, 473, 317, -0.011323804035782814
42, 1, 10, 485, 331, -0.015443052165210247
42, 1, 11, 484, 330, -0.015249495394527912
42, 1, 12, 481, 325, -0.016299227252602577
42, 1, 13, 464, 326, -0.014429531060159206
42, 1, 14, 474, 341, -0.01737593114376068
42, 1, 15, 473, 339, -0.013829470612108707
42, 1, 16, 470, 332, -0.012741291895508766
42, 1, 17, 457, 334, -0.018012572079896927
42, 1, 18, 464, 348, -0.01966787688434124
42, 1, 19, 462, 346, -0.01626550406217575
42, 1, 20, 458, 339, -0.014657075516879559
43, 0, 0, 422, 314, -5.478291242866362e-08
43, 0, 1, 410, 301, -0.014879817143082619
43, 0, 2, 398, 294, -0.023786086589097977
43, 0, 3, 393, 299, -0.03063184767961502
43, 0, 4, 392, 307, -0.037432339042425156
43, 0, 5, 409, 321, -0.02337608113884926
43, 0, 6, 422, 319, -0.031618401408195496
43, 0, 7, 425, 320, -0.03676200285553932
43, 0, 8, 424, 322, -0.04043461009860039
43, 0, 9, 419, 332, -0.020210977643728256
43, 0, 10, 433, 331, -0.02597455121576786
43, 0, 11, 437, 333, -0.029423320665955544
43, 0, 12, 436, 335, -0.03339889273047447
43, 0, 13, 428, 338, -0.01747681200504303
43, 0, 14, 442, 338, -0.02358090877532959
43, 0, 15, 445, 341, -0.025712473317980766
43, 0, 16, 444, 345, -0.028349298983812332
43, 0, 17, 436, 340, -0.015999818220734596
43, 0, 18, 449, 342, -0.022130269557237625
43, 0, 19, 453, 345, -0.023853778839111328
43, 0, 20, 454, 348, -0.02534588798880577
43, 1, 0, 477, 313, 9.316833882166975e-08
43, 1, 1, 487, 302, -0.007357991300523281
43, 1, 2, 497, 296, -0.013712134212255478
43, 1, 3, 505, 295, -0.019641811028122902
43, 1, 4, 514, 295, -0.025357313454151154
43, 1, 5, 486, 304, -0.015310882590711117
43, 1, 6, 494, 309, -0.02378169074654579
43, 1, 7, 498, 312, -0.029502835124731064
43, 1, 8, 499, 314, -0.033360663801431656
43, 1, 9, 474, 313, -0.016920913010835648
43, 1, 10, 477, 322, -0.0246766097843647
43, 1, 11, 480, 328, -0.027464983984827995
43, 1, 12, 482, 331, -0.030330531299114227
43, 1, 13, 465, 321, -0.01906127668917179
43, 1, 14, 466, 330, -0.02837745100259781
43, 1, 15, 469, 335, -0.02845299243927002
43, 1, 16, 471, 337, -0.028461068868637085
43, 1, 17, 457, 326, -0.021607577800750732
43, 1, 18, 457, 337, -0.03044324368238449
43, 1, 19, 458, 341, -0.03056962415575981
43, 1, 20, 459, 343, -0.03031962923705578
44, 0, 0, 429, 311, -1.39963090006745e-08
44, 0, 1, 413, 298, -0.016751352697610855
44, 0, 2, 399, 293, -0.026968011632561684
44, 0, 3, 393, 297, -0.03474113717675209
44, 0, 4, 391, 306, -0.042127858847379684
44, 0, 5, 409, 320, -0.023733124136924744
44, 0, 6, 420, 324, -0.032698486000299454
44, 0, 7, 426, 328, -0.03805368393659592
44, 0, 8, 429, 333, -0.041814882308244705
44, 0, 9, 419, 332, -0.01963358372449875
44, 0, 10, 432, 334, -0.026928259059786797
44, 0, 11, 436, 336, -0.031039098277688026
44, 0, 12, 438, 338, -0.0349830687046051
44, 0, 13, 428, 338, -0.016232769936323166
44, 0, 14, 441, 340, -0.023496950045228004
44, 0, 15, 445, 343, -0.02591976523399353
44, 0, 16, 446, 346, -0.028189431875944138
44, 0, 17, 437, 342, -0.014153503812849522
44, 0, 18, 447, 344, -0.02065526880323887
44, 0, 19, 449, 347, -0.022618183866143227
44, 0, 20, 450, 349, -0.02393333427608013
44, 1, 0, 460, 313, -4.635207417891252e-08
44, 1, 1, 477, 303, -0.01010162103921175
44, 1, 2, 494, 296, -0.02041252888739109
44, 1, 3, 506, 295, -0.029593998566269875
44, 1, 4, 514, 297, -0.03912746161222458
44, 1, 5, 485, 304, -0.02416251227259636
44, 1, 6, 497, 313, -0.03404314070940018
44, 1, 7, 498, 314, -0.040810685604810715
44, 1, 8, 496, 312, -0.045036572962999344
44, 1, 9, 474, 313, -0.022800538688898087
44, 1, 10, 484, 325, -0.02815137803554535
44, 1, 11, 486, 327, -0.029318608343601227
44, 1, 12, 485, 326, -0.03196774050593376
44, 1, 13, 464, 321, -0.021292949095368385
44, 1, 14, 473, 333, -0.0259284395724535
44, 1, 15, 476, 335, -0.024409456178545952
44, 1, 16, 475, 333, -0.024236854165792465
44, 1, 17, 455, 328, -0.02075210213661194
44, 1, 18, 459, 338, -0.022438811138272285
44, 1, 19, 460, 342, -0.019642559811472893
44, 1, 20, 460, 344, -0.018526285886764526
45, 0, 0, 422, 320, -5.480584874817396e-08
45, 0, 1, 409, 305, -0.012338505126535892
45, 0, 2, 398, 295, -0.020750384777784348
45, 0, 3, 392, 298, -0.02781044691801071
45, 0, 4, 392, 307, -0.035165056586265564
45, 0, 5, 411, 319, -0.019732972607016563
45, 0, 6, 421, 318, -0.027826186269521713
45, 0, 7, 425, 319, -0.03398905321955681
45, 0, 8, 425, 322, -0.03840431198477745
45, 0, 9, 422, 329, -0.01797996275126934
45, 0, 10, 432, 332, -0.0228368379175663
45, 0, 11, 437, 334, -0.02699103392660618
45, 0, 12, 437, 335, -0.031985554844141006
45, 0, 13, 431, 336, -0.0165539737790823
45, 0, 14, 440, 338, -0.021570459008216858
45, 0, 15, 444, 341, -0.023735908791422844
45, 0, 16, 444, 344, -0.02692529372870922
45, 0, 17, 439, 339, -0.016203589737415314
45, 0, 18, 449, 342, -0.021009989082813263
45, 0, 19, 452, 345, -0.021916665136814117
45, 0, 20, 454, 348, -0.02342851459980011
45, 1, 0, 476, 313, 9.181447069295245e-08
45, 1, 1, 487, 303, -0.006478772033005953
45, 1, 2, 497, 297, -0.012615901418030262
45, 1, 3, 506, 295, -0.018439438194036484
45, 1, 4, 515, 296, -0.02400669828057289
45, 1, 5, 486, 304, -0.01641961932182312
45, 1, 6, 497, 309, -0.024867204949259758
45, 1, 7, 502, 312, -0.029994262382388115
45, 1, 8, 502, 314, -0.03333137556910515
45, 1, 9, 475, 312, -0.01848321594297886
45, 1, 10, 481, 322, -0.02653093822300434
45, 1, 11, 484, 326, -0.028192859143018723
45, 1, 12, 485, 327, -0.030094081535935402
45, 1, 13, 465, 320, -0.020937101915478706
45, 1, 14, 470, 331, -0.029946153983473778
45, 1, 15, 472, 335, -0.028988376259803772
45, 1, 16, 473, 335, -0.02832593210041523
45, 1, 17, 457, 325, -0.023766085505485535
45, 1, 18, 459, 338, -0.03245851770043373
45, 1, 19, 460, 341, -0.03242536634206772
45, 1, 20, 461, 341, -0.032045867294073105
46, 0, 0, 429, 310, 1.545697081439812e-08
46, 0, 1, 413, 299, -0.01586126908659935
46, 0, 2, 400, 296, -0.026139577850699425
46, 0, 3, 394, 300, -0.03406202048063278
46, 0, 4, 391, 308, -0.04151398688554764
46, 0, 5, 415, 316, -0.024268880486488342
46, 0, 6, 421, 320, -0.033975787460803986
46, 0, 7, 426, 325, -0.03951709344983101
46, 0, 8, 430, 330, -0.04309511557221413
46, 0, 9, 425, 326, -0.020533986389636993
46, 0, 10, 433, 331, -0.028114670887589455
46, 0, 11, 436, 335, -0.031544025987386703
46, 0, 12, 438, 338, -0.03481660038232803
46, 0, 13, 434, 333, -0.017480984330177307
46, 0, 14, 442, 338, -0.02470719814300537
46, 0, 15, 444, 343, -0.026802198961377144
46, 0, 16, 446, 348, -0.02869180589914322
46, 0, 17, 442, 337, -0.01560396421700716
46, 0, 18, 448, 342, -0.021548094227910042
46, 0, 19, 449, 346, -0.02304042875766754
46, 0, 20, 450, 350, -0.024088099598884583
46, 1, 0, 465, 306, -4.023199906555419e-08
46, 1, 1, 481, 296, -0.00712484261021018
46, 1, 2, 500, 293, -0.01574072800576687
46, 1, 3, 511, 292, -0.024424415081739426
46, 1, 4, 512, 298, -0.03400570526719093
46, 1, 5, 494, 306, -0.019795004278421402
46, 1, 6, 503, 311, -0.030937759205698967
46, 1, 7, 503, 313, -0.03924166411161423
46, 1, 8, 498, 313, -0.044633325189352036
46, 1, 9, 483, 317, -0.02106962539255619
46, 1, 10, 489, 322, -0.027907954528927803
46, 1, 11, 487, 323, -0.03037884458899498
46, 1, 12, 483, 322, -0.03433702513575554
46, 1, 13, 470, 325, -0.02229752205312252
46, 1, 14, 475, 331, -0.028130942955613136
46, 1, 15, 473, 332, -0.027732066810131073
46, 1, 16, 469, 331, -0.028930669650435448
46, 1, 17, 459, 330, -0.024418530985713005
46, 1, 18, 462, 338, -0.0264288317412138
46, 1, 19, 462, 342, -0.024053841829299927
46, 1, 20, 460, 343, -0.023964162915945053
47, 0, 0, 424, 316, -3.178670482384405e-08
47, 0, 1, 410, 303, -0.01617876999080181
47, 0, 2, 398, 296, -0.02627597749233246
47, 0, 3, 393, 299, -0.034381184726953506
47, 0, 4, 391, 306, -0.04236476123332977
47, 0, 5, 408, 322, -0.023267820477485657
47, 0, 6, 416, 323, -0.03316609561443329
47, 0, 7, 422, 326, -0.03966527059674263
47, 0, 8, 426, 330, -0.04423915967345238
47, 0, 9, 418, 333, -0.020097166299819946
47, 0, 10, 430, 335, -0.0280398428440094
47, 0, 11, 436, 336, -0.03291412442922592
47, 0, 12, 439, 338, -0.03755868598818779
47, 0, 13, 427, 340, -0.0177779383957386
47, 0, 14, 439, 341, -0.02557656541466713
47, 0, 15, 445, 344, -0.028925836086273193
47, 0, 16, 448, 347, -0.032119229435920715
47, 0, 17, 436, 343, -0.016756214201450348
47, 0, 18, 446, 345, -0.023525789380073547
47, 0, 19, 451, 347, -0.02602781169116497
47, 0, 20, 453, 350, -0.02815401740372181
47, 1, 0, 466, 312, -3.475954102327705e-08
47, 1, 1, 477, 299, -0.007346738129854202
47, 1, 2, 494, 294, -0.01314852200448513
47, 1, 3, 506, 295, -0.018293995410203934
47, 1, 4, 514, 296, -0.023541608825325966
47, 1, 5, 489, 306, -0.01683412306010723
47, 1, 6, 498, 310, -0.024074766784906387
47, 1, 7, 501, 313, -0.02886335551738739
47, 1, 8, 502, 315, -0.03228098526597023
47, 1, 9, 480, 317, -0.01786956377327442
47, 1, 10, 485, 321, -0.023971950635313988
47, 1, 11, 487, 324, -0.026286544278264046
47, 1, 12, 487, 325, -0.02904105931520462
47, 1, 13, 470, 326, -0.01918017864227295
47, 1, 14, 474, 330, -0.02686833217740059
47, 1, 15, 475, 334, -0.02729896828532219
47, 1, 16, 475, 334, -0.02795516885817051
47, 1, 17, 459, 332, -0.020848935469985008
47, 1, 18, 462, 339, -0.028243672102689743
47, 1, 19, 463, 342, -0.028571996837854385
47, 1, 20, 464, 342, -0.028872661292552948
48, 0, 0, 420, 318, -9.06001105249743e-08
48, 0, 1, 409, 303, -0.014532480388879776
48, 0, 2, 397, 295, -0.023797105997800827
48, 0, 3, 392, 298, -0.03113389015197754
48, 0, 4, 392, 307, -0.03863201662898064
48, 0, 5, 405, 322, -0.023890407755970955
48, 0, 6, 416, 319, -0.0332646444439888
48, 0, 7, 423, 319, -0.03975163400173187
48, 0, 8, 425, 321, -0.04437079653143883
48, 0, 9, 415, 334, -0.021217534318566322
48, 0, 10, 430, 333, -0.02716664969921112
48, 0, 11, 437, 333, -0.031346436589956284
48, 0, 12, 440, 334, -0.0363224558532238
48, 0, 13, 425, 341, -0.019062984734773636
48, 0, 14, 440, 341, -0.0251927450299263
48, 0, 15, 446, 342, -0.0279958825558424
48, 0, 16, 449, 345, -0.03157760575413704
48, 0, 17, 435, 344, -0.018097152933478355
48, 0, 18, 447, 345, -0.02388117089867592
48, 0, 19, 453, 346, -0.025690030306577682
48, 0, 20, 456, 348, -0.027744881808757782
48, 1, 0, 468, 315, 4.997114722016249e-09
48, 1, 1, 478, 302, -0.008736755698919296
48, 1, 2, 492, 295, -0.01462720986455679
48, 1, 3, 504, 295, -0.019369089975953102
48, 1, 4, 514, 296, -0.024116626009345055
48, 1, 5, 486, 306, -0.01887829415500164
48, 1, 6, 494, 307, -0.02727597765624523
48, 1, 7, 497, 310, -0.032850589603185654
48, 1, 8, 499, 312, -0.03670123219490051
48, 1, 9, 477, 317, -0.019368518143892288
48, 1, 10, 482, 320, -0.026572613045573235
48, 1, 11, 483, 323, -0.02954433299601078
48, 1, 12, 483, 326, -0.03254373371601105
48, 1, 13, 468, 326, -0.020123012363910675
48, 1, 14, 470, 331, -0.029566872864961624
48, 1, 15, 471, 335, -0.030683770775794983
48, 1, 16, 471, 337, -0.031301215291023254
48, 1, 17, 459, 333, -0.02121456153690815
48, 1, 18, 459, 340, -0.03092374838888645
48, 1, 19, 459, 344, -0.03198496997356415
48, 1, 20, 458, 346, -0.03217875957489014
49, 0, 0, 421, 321, -4.567022315882241e-08
49, 0, 1, 409, 309, -0.013455580919981003
49, 0, 2, 397, 304, -0.021919436752796173
49, 0, 3, 392, 306, -0.029287347570061684
49, 0, 4, 392, 311, -0.036553893238306046
49, 0, 5, 402, 331, -0.017468461766839027
49, 0, 6, 411, 331, -0.02790210396051407
49, 0, 7, 419, 334, -0.03606361150741577
49, 0, 8, 425, 337, -0.04143460839986801
49, 0, 9, 413, 343, -0.015615574084222317
49, 0, 10, 424, 344, -0.023816552013158798
49, 0, 11, 431, 345, -0.02959214709699154
49, 0, 12, 436, 345, -0.03415811434388161
49, 0, 13, 424, 349, -0.014761773869395256
49, 0, 14, 436, 351, -0.022333014756441116
49, 0, 15, 443, 353, -0.02625107765197754
49, 0, 16, 447, 355, -0.02937498688697815
49, 0, 17, 435, 351, -0.015049785375595093
49, 0, 18, 445, 353, -0.021027611568570137
49, 0, 19, 451, 355, -0.023327544331550598
49, 0, 20, 455, 357, -0.02514350228011608
49, 1, 0, 471, 319, 2.4543645338326314e-08
49, 1, 1, 483, 307, -0.007145323790609837
49, 1, 2, 495, 301, -0.011191542260348797
49, 1, 3, 505, 298, -0.014642767608165741
49, 1, 4, 515, 293, -0.018169285729527473
49, 1, 5, 484, 311, -0.013182288967072964
49, 1, 6, 489, 312, -0.020442161709070206
49, 1, 7, 492, 315, -0.02534857951104641
49, 1, 8, 494, 318, -0.028822025284171104
49, 1, 9, 475, 320, -0.014189993031322956
49, 1, 10, 477, 325, -0.020332781597971916
49, 1, 11, 479, 329, -0.023362111300230026
49, 1, 12, 480, 335, -0.0265776626765728
49, 1, 13, 467, 328, -0.015737982466816902
49, 1, 14, 465, 334, -0.024761591106653214
49, 1, 15, 465, 340, -0.0265855360776186
49, 1, 16, 465, 346, -0.027600187808275223
49, 1, 17, 459, 333, -0.017580384388566017
49, 1, 18, 456, 341, -0.025548012927174568
49, 1, 19, 455, 345, -0.026488518342375755
49, 1, 20, 455, 350, -0.02710510604083538
50, 0, 0, 422, 322, -9.061103156682293e-08
50, 0, 1, 409, 308, -0.01441893633455038
50, 0, 2, 397, 301, -0.023992834612727165
50, 0, 3, 392, 303, -0.03226705640554428
50, 0, 4, 390, 310, -0.040332816541194916
50, 0, 5, 397, 331, -0.02027658000588417
50, 0, 6, 409, 328, -0.03181712329387665
50, 0, 7, 416, 330, -0.04057154431939125
50, 0, 8, 421, 333, -0.04645023122429848
50, 0, 9, 408, 343, -0.01867336966097355
50, 0, 10, 421, 343, -0.02758411131799221
50, 0, 11, 428, 343, -0.03307460993528366
50, 0, 12, 432, 343, -0.03776834160089493
50, 0, 13, 420, 350, -0.018163925036787987
50, 0, 14, 433, 351, -0.026532411575317383
50, 0, 15, 440, 352, -0.029773307964205742
50, 0, 16, 444, 354, -0.032744407653808594
50, 0, 17, 432, 352, -0.018915506079792976
50, 0, 18, 443, 354, -0.025976160541176796
50, 0, 19, 450, 355, -0.028210971504449844
50, 0, 20, 453, 356, -0.030006293207406998
50, 1, 0, 474, 320, 4.011589993524467e-08
50, 1, 1, 486, 309, -0.0068200514651834965
50, 1, 2, 498, 303, -0.010996612720191479
50, 1, 3, 507, 298, -0.014584814198315144
50, 1, 4, 515, 292, -0.018100213259458542
50, 1, 5, 485, 310, -0.012571495957672596
50, 1, 6, 488, 312, -0.0197313092648983
50, 1, 7, 490, 315, -0.02470540627837181
50, 1, 8, 492, 319, -0.02827479876577854
50, 1, 9, 475, 319, -0.013750440441071987
50, 1, 10, 476, 324, -0.01970186084508896
50, 1, 11, 477, 330, -0.022571751847863197
50, 1, 12, 479, 335, -0.025749674066901207
50, 1, 13, 466, 327, -0.015423521399497986
50, 1, 14, 465, 333, -0.024079421535134315
50, 1, 15, 465, 339, -0.025233082473278046
50, 1, 16, 467, 344, -0.025838619098067284
50, 1, 17, 459, 332, -0.017389444634318352
50, 1, 18, 457, 340, -0.024689046666026115
50, 1, 19, 456, 344, -0.024861536920070648
50, 1, 20, 457, 348, -0.024997718632221222
51, 0, 0, 422, 351, 2.0062948635768407e-08
51, 0, 1, 409, 337, -0.010574488900601864
51, 0, 2, 398, 326, -0.0194530189037323
51, 0, 3, 395, 319, -0.028145303949713707
51, 0, 4, 398, 317, -0.037702880799770355
51, 0, 5, 405, 347, -0.017227698117494583
51, 0, 6, 407, 351, -0.02876441553235054
51, 0, 7, 413, 352, -0.0381142683327198
51, 0, 8, 419, 351, -0.043390847742557526
51, 0, 9, 416, 360, -0.01676580309867859
51, 0, 10, 420, 367, -0.024285821244120598
51, 0, 11, 427, 369, -0.031121745705604553
51, 0, 12, 433, 371, -0.037044864147901535
51, 0, 13, 426, 370, -0.01705852337181568
51, 0, 14, 431, 377, -0.02362585812807083
51, 0, 15, 437, 383, -0.029356855899095535
51, 0, 16, 442, 388, -0.034081149846315384
51, 0, 17, 435, 375, -0.01811821013689041
51, 0, 18, 440, 384, -0.0222760122269392
51, 0, 19, 446, 390, -0.024381430819630623
51, 0, 20, 451, 396, -0.02692141756415367
51, 1, 0, 474, 335, -6.29011580599581e-08
51, 1, 1, 486, 325, -0.015000817365944386
51, 1, 2, 500, 320, -0.023216815665364265
51, 1, 3, 508, 312, -0.029874010011553764
51, 1, 4, 511, 301, -0.03715413808822632
51, 1, 5, 487, 332, -0.02769315429031849
51, 1, 6, 494, 342, -0.04317168891429901
51, 1, 7, 496, 349, -0.05480287969112396
51, 1, 8, 497, 356, -0.061398863792419434
51, 1, 9, 474, 338, -0.026777567341923714
51, 1, 10, 476, 352, -0.04304695874452591
51, 1, 11, 474, 362, -0.05077953264117241
51, 1, 12, 474, 372, -0.05556869879364967
51, 1, 13, 464, 344, -0.02631322853267193
51, 1, 14, 464, 359, -0.04305890202522278
51, 1, 15, 462, 369, -0.04540454223752022
51, 1, 16, 462, 378, -0.044712722301483154
51, 1, 17, 457, 347, -0.02690202184021473
51, 1, 18, 457, 362, -0.03797643259167671
51, 1, 19, 457, 370, -0.03708648681640625
51, 1, 20, 457, 377, -0.03510705754160881
52, 0, 0, 420, 358, 1.5019501198310081e-09
52, 0, 1, 408, 341, -0.011869510635733604
52, 0, 2, 398, 328, -0.021763145923614502
52, 0, 3, 395, 321, -0.03140302002429962
52, 0, 4, 396, 317, -0.041826047003269196
52, 0, 5, 405, 350, -0.02062184363603592
52, 0, 6, 404, 352, -0.03257013112306595
52, 0, 7, 408, 350, -0.04144751653075218
52, 0, 8, 411, 349, -0.0466831736266613
52, 0, 9, 416, 364, -0.020099937915802002
52, 0, 10, 417, 369, -0.02767041325569153
52, 0, 11, 421, 370, -0.03305387496948242
52, 0, 12, 424, 370, -0.038401439785957336
52, 0, 13, 427, 374, -0.02032470516860485
52, 0, 14, 430, 380, -0.027723396196961403
52, 0, 15, 435, 384, -0.03176935389637947
52, 0, 16, 439, 387, -0.03545844927430153
52, 0, 17, 436, 381, -0.021453384310007095
52, 0, 18, 441, 388, -0.026258079335093498
52, 0, 19, 447, 392, -0.027224140241742134
52, 0, 20, 451, 396, -0.029001818969845772
52, 1, 0, 479, 328, 1.0691839236187661e-07
52, 1, 1, 492, 321, -0.013289988040924072
52, 1, 2, 504, 317, -0.024842150509357452
52, 1, 3, 511, 312, -0.03459823131561279
52, 1, 4, 516, 306, -0.04507795348763466
52, 1, 5, 487, 333, -0.028145620599389076
52, 1, 6, 484, 340, -0.037141136825084686
52, 1, 7, 484, 346, -0.04295074939727783
52, 1, 8, 486, 354, -0.047181371599435806
52, 1, 9, 478, 341, -0.026527784764766693
52, 1, 10, 475, 353, -0.034204695373773575
52, 1, 11, 475, 361, -0.037565819919109344
52, 1, 12, 475, 370, -0.04083440825343132
52, 1, 13, 471, 348, -0.0250615943223238
52, 1, 14, 465, 361, -0.03190308064222336
52, 1, 15, 463, 372, -0.03510834649205208
52, 1, 16, 463, 382, -0.03769904375076294
52, 1, 17, 466, 353, -0.024384289979934692
52, 1, 18, 459, 365, -0.029782770201563835
52, 1, 19, 456, 374, -0.031518541276454926
52, 1, 20, 453, 383, -0.03312442824244499
53, 0, 0, 0, 0, 0.0
53, 0, 1, 0, 0, 0.0
53, 0, 2, 0, 0, 0.0
53, 0, 3, 0, 0, 0.0
53, 0, 4, 0, 0, 0.0
53, 0, 5, 0, 0, 0.0
53, 0, 6, 0, 0, 0.0
53, 0, 7, 0, 0, 0.0
53, 0, 8, 0, 0, 0.0
53, 0, 9, 0, 0, 0.0
53, 0, 10, 0, 0, 0.0
53, 0, 11, 0, 0, 0.0
53, 0, 12, 0, 0, 0.0
53, 0, 13, 0, 0, 0.0
53, 0, 14, 0, 0, 0.0
53, 0, 15, 0, 0, 0.0
53, 0, 16, 0, 0, 0.0
53, 0, 17, 0, 0, 0.0
53, 0, 18, 0, 0, 0.0
53, 0, 19, 0, 0, 0.0
53, 0, 20, 0, 0, 0.0
53, 1, 0, 0, 0, 0.0
53, 1, 1, 0, 0, 0.0
53, 1, 2, 0, 0, 0.0
53, 1, 3, 0, 0, 0.0
53, 1, 4, 0, 0, 0.0
53, 1, 5, 0, 0, 0.0
53, 1, 6, 0, 0, 0.0
53, 1, 7, 0, 0, 0.0
53, 1, 8, 0, 0, 0.0
53, 1, 9, 0, 0, 0.0
53, 1, 10, 0, 0, 0.0
53, 1, 11, 0, 0, 0.0
53, 1, 12, 0, 0, 0.0
53, 1, 13, 0, 0, 0.0
53, 1, 14, 0, 0, 0.0
53, 1, 15, 0, 0, 0.0
53, 1, 16, 0, 0, 0.0
53, 1, 17, 0, 0, 0.0
53, 1, 18, 0, 0, 0.0
53, 1, 19, 0, 0, 0.0
53, 1, 20, 0, 0, 0.0
54, 0, 0, 391, 414, 1.492721146689746e-08
54, 0, 1, 403, 431, -0.004408411215990782
54, 0, 2, 421, 443, -0.009031593799591064
54, 0, 3, 431, 453, -0.014419309794902802
54, 0, 4, 438, 465, -0.020397203043103218
54, 0, 5, 415, 430, -0.010977692902088165
54, 0, 6, 426, 433, -0.017451854422688484
54, 0, 7, 430, 436, -0.02188432402908802
54, 0, 8, 435, 439, -0.025235909968614578
54, 0, 9, 410, 414, -0.013471689075231552
54, 0, 10, 421, 416, -0.017183680087327957
54, 0, 11, 428, 417, -0.019206805154681206
54, 0, 12, 434, 418, -0.02281341142952442
54, 0, 13, 404, 398, -0.01640145853161812
54, 0, 14, 414, 398, -0.021436307579278946
54, 0, 15, 421, 399, -0.022489460185170174
54, 0, 16, 428, 401, -0.02452598139643669
54, 0, 17, 398, 382, -0.019699063152074814
54, 0, 18, 404, 372, -0.023955803364515305
54, 0, 19, 409, 369, -0.023964429274201393
54, 0, 20, 415, 369, -0.024948228150606155
54, 1, 0, 498, 381, -2.773366816199996e-07
54, 1, 1, 503, 367, -0.011838660575449467
54, 1, 2, 507, 359, -0.020359337329864502
54, 1, 3, 512, 352, -0.02742105908691883
54, 1, 4, 509, 342, -0.03424174711108208
54, 1, 5, 494, 386, -0.025194955989718437
54, 1, 6, 488, 401, -0.04054921120405197
54, 1, 7, 480, 416, -0.052922748029232025
54, 1, 8, 475, 428, -0.05888794735074043
54, 1, 9, 488, 402, -0.024280782788991928
54, 1, 10, 484, 418, -0.03926960751414299
54, 1, 11, 479, 429, -0.04833826422691345
54, 1, 12, 477, 437, -0.053995754569768906
54, 1, 13, 486, 410, -0.022862274199724197
54, 1, 14, 480, 424, -0.037269461899995804
54, 1, 15, 474, 433, -0.039429135620594025
54, 1, 16, 472, 439, -0.03851337358355522
54, 1, 17, 484, 410, -0.02195459045469761
54, 1, 18, 477, 421, -0.029070459306240082
54, 1, 19, 473, 428, -0.02556401491165161
54, 1, 20, 473, 434, -0.02169693261384964
55, 0, 0, 0, 0, 0.0
55, 0, 1, 0, 0, 0.0
55, 0, 2, 0, 0, 0.0
55, 0, 3, 0, 0, 0.0
55, 0, 4, 0, 0, 0.0
55, 0, 5, 0, 0, 0.0
55, 0, 6, 0, 0, 0.0
55, 0, 7, 0, 0, 0.0
55, 0, 8, 0, 0, 0.0
55, 0, 9, 0, 0, 0.0
55, 0, 10, 0, 0, 0.0
55, 0, 11, 0, 0, 0.0
55, 0, 12, 0, 0, 0.0
55, 0, 13, 0, 0, 0.0
55, 0, 14, 0, 0, 0.0
55, 0, 15, 0, 0, 0.0
55, 0, 16, 0, 0, 0.0
55, 0, 17, 0, 0, 0.0
55, 0, 18, 0, 0, 0.0
55, 0, 19, 0, 0, 0.0
55, 0, 20, 0, 0, 0.0
55, 1, 0, 0, 0, 0.0
55, 1, 1, 0, 0, 0.0
55, 1, 2, 0, 0, 0.0
55, 1, 3, 0, 0, 0.0
55, 1, 4, 0, 0, 0.0
55, 1, 5, 0, 0, 0.0
55, 1, 6, 0, 0, 0.0
55, 1, 7, 0, 0, 0.0
55, 1, 8, 0, 0, 0.0
55, 1, 9, 0, 0, 0.0
55, 1, 10, 0, 0, 0.0
55, 1, 11, 0, 0, 0.0
55, 1, 12, 0, 0, 0.0
55, 1, 13, 0, 0, 0.0
55, 1, 14, 0, 0, 0.0
55, 1, 15, 0, 0, 0.0
55, 1, 16, 0, 0, 0.0
55, 1, 17, 0, 0, 0.0
55, 1, 18, 0, 0, 0.0
55, 1, 19, 0, 0, 0.0
55, 1, 20, 0, 0, 0.0
56, 0, 0, 531, 450, 2.040528386260121e-07
56, 0, 1, 518, 435, -0.015202459879219532
56, 0, 2, 505, 432, -0.020202219486236572
56, 0, 3, 497, 428, -0.022987904027104378
56, 0, 4, 491, 424, -0.025158893316984177
56, 0, 5, 498, 467, -0.007061023265123367
56, 0, 6, 486, 477, -0.007236954756081104
56, 0, 7, 478, 482, -0.009508107788860798
56, 0, 8, 471, 487, -0.011961832642555237
56, 0, 9, 506, 477, -0.0006638839840888977
56, 0, 10, 497, 489, -0.0001358915033051744
56, 0, 11, 488, 497, -0.003463585628196597
56, 0, 12, 483, 503, -0.0070847454480826855
56, 0, 13, 514, 482, 0.00460662180557847
56, 0, 14, 507, 494, 0.004148063715547323
56, 0, 15, 500, 502, 0.0010297609260305762
56, 0, 16, 494, 508, -0.001848607906140387
56, 0, 17, 521, 484, 0.0084635429084301
56, 0, 18, 516, 494, 0.007185766007751226
56, 0, 19, 512, 501, 0.005894879810512066
56, 0, 20, 507, 506, 0.004602415952831507
56, 1, 0, 0, 0, 0.0
56, 1, 1, 0, 0, 0.0
56, 1, 2, 0, 0, 0.0
56, 1, 3, 0, 0, 0.0
56, 1, 4, 0, 0, 0.0
56, 1, 5, 0, 0, 0.0
56, 1, 6, 0, 0, 0.0
56, 1, 7, 0, 0, 0.0
56, 1, 8, 0, 0, 0.0
56, 1, 9, 0, 0, 0.0
56, 1, 10, 0, 0, 0.0
56, 1, 11, 0, 0, 0.0
56, 1, 12, 0, 0, 0.0
56, 1, 13, 0, 0, 0.0
56, 1, 14, 0, 0, 0.0
56, 1, 15, 0, 0, 0.0
56, 1, 16, 0, 0, 0.0
56, 1, 17, 0, 0, 0.0
56, 1, 18, 0, 0, 0.0
56, 1, 19, 0, 0, 0.0
56, 1, 20, 0, 0, 0.0
57, 0, 0, 0, 0, 0.0
57, 0, 1, 0, 0, 0.0
57, 0, 2, 0, 0, 0.0
57, 0, 3, 0, 0, 0.0
57, 0, 4, 0, 0, 0.0
57, 0, 5, 0, 0, 0.0
57, 0, 6, 0, 0, 0.0
57, 0, 7, 0, 0, 0.0
57, 0, 8, 0, 0, 0.0
57, 0, 9, 0, 0, 0.0
57, 0, 10, 0, 0, 0.0
57, 0, 11, 0, 0, 0.0
57, 0, 12, 0, 0, 0.0
57, 0, 13, 0, 0, 0.0
57, 0, 14, 0, 0, 0.0
57, 0, 15, 0, 0, 0.0
57, 0, 16, 0, 0, 0.0
57, 0, 17, 0, 0, 0.0
57, 0, 18, 0, 0, 0.0
57, 0, 19, 0, 0, 0.0
57, 0, 20, 0, 0, 0.0
57, 1, 0, 0, 0, 0.0
57, 1, 1, 0, 0, 0.0
57, 1, 2, 0, 0, 0.0
57, 1, 3, 0, 0, 0.0
57, 1, 4, 0, 0, 0.0
57, 1, 5, 0, 0, 0.0
57, 1, 6, 0, 0, 0.0
57, 1, 7, 0, 0, 0.0
57, 1, 8, 0, 0, 0.0
57, 1, 9, 0, 0, 0.0
57, 1, 10, 0, 0, 0.0
57, 1, 11, 0, 0, 0.0
57, 1, 12, 0, 0, 0.0
57, 1, 13, 0, 0, 0.0
57, 1, 14, 0, 0, 0.0
57, 1, 15, 0, 0, 0.0
57, 1, 16, 0, 0, 0.0
57, 1, 17, 0, 0, 0.0
57, 1, 18, 0, 0, 0.0
57, 1, 19, 0, 0, 0.0
57, 1, 20, 0, 0, 0.0
58, 0, 0, 0, 0, 0.0
58, 0, 1, 0, 0, 0.0
58, 0, 2, 0, 0, 0.0
58, 0, 3, 0, 0, 0.0
58, 0, 4, 0, 0, 0.0
58, 0, 5, 0, 0, 0.0
58, 0, 6, 0, 0, 0.0
58, 0, 7, 0, 0, 0.0
58, 0, 8, 0, 0, 0.0
58, 0, 9, 0, 0, 0.0
58, 0, 10, 0, 0, 0.0
58, 0, 11, 0, 0, 0.0
58, 0, 12, 0, 0, 0.0
58, 0, 13, 0, 0, 0.0
58, 0, 14, 0, 0, 0.0
58, 0, 15, 0, 0, 0.0
58, 0, 16, 0, 0, 0.0
58, 0, 17, 0, 0, 0.0
58, 0, 18, 0, 0, 0.0
58, 0, 19, 0, 0, 0.0
58, 0, 20, 0, 0, 0.0
58, 1, 0, 0, 0, 0.0
58, 1, 1, 0, 0, 0.0
58, 1, 2, 0, 0, 0.0
58, 1, 3, 0, 0, 0.0
58, 1, 4, 0, 0, 0.0
58, 1, 5, 0, 0, 0.0
58, 1, 6, 0, 0, 0.0
58, 1, 7, 0, 0, 0.0
58, 1, 8, 0, 0, 0.0
58, 1, 9, 0, 0, 0.0
58, 1, 10, 0, 0, 0.0
58, 1, 11, 0, 0, 0.0
58, 1, 12, 0, 0, 0.0
58, 1, 13, 0, 0, 0.0
58, 1, 14, 0, 0, 0.0
58, 1, 15, 0, 0, 0.0
58, 1, 16, 0, 0, 0.0
58, 1, 17, 0, 0, 0.0
58, 1, 18, 0, 0, 0.0
58, 1, 19, 0, 0, 0.0
58, 1, 20, 0, 0, 0.0
59, 0, 0, 0, 0, 0.0
59, 0, 1, 0, 0, 0.0
59, 0, 2, 0, 0, 0.0
59, 0, 3, 0, 0, 0.0
59, 0, 4, 0, 0, 0.0
59, 0, 5, 0, 0, 0.0
59, 0, 6, 0, 0, 0.0
59, 0, 7, 0, 0, 0.0
59, 0, 8, 0, 0, 0.0
59, 0, 9, 0, 0, 0.0
59, 0, 10, 0, 0, 0.0
59, 0, 11, 0, 0, 0.0
59, 0, 12, 0, 0, 0.0
59, 0, 13, 0, 0, 0.0
59, 0, 14, 0, 0, 0.0
59, 0, 15, 0, 0, 0.0
59, 0, 16, 0, 0, 0.0
59, 0, 17, 0, 0, 0.0
59, 0, 18, 0, 0, 0.0
59, 0, 19, 0, 0, 0.0
59, 0, 20, 0, 0, 0.0
59, 1, 0, 0, 0, 0.0
59, 1, 1, 0, 0, 0.0
59, 1, 2, 0, 0, 0.0
59, 1, 3, 0, 0, 0.0
59, 1, 4, 0, 0, 0.0
59, 1, 5, 0, 0, 0.0
59, 1, 6, 0, 0, 0.0
59, 1, 7, 0, 0, 0.0
59, 1, 8, 0, 0, 0.0
59, 1, 9, 0, 0, 0.0
59, 1, 10, 0, 0, 0.0
59, 1, 11, 0, 0, 0.0
59, 1, 12, 0, 0, 0.0
59, 1, 13, 0, 0, 0.0
59, 1, 14, 0, 0, 0.0
59, 1, 15, 0, 0, 0.0
59, 1, 16, 0, 0, 0.0
59, 1, 17, 0, 0, 0.0
59, 1, 18, 0, 0, 0.0
59, 1, 19, 0, 0, 0.0
59, 1, 20, 0, 0, 0.0
60, 0, 0, 0, 0, 0.0
60, 0, 1, 0, 0, 0.0
60, 0, 2, 0, 0, 0.0
60, 0, 3, 0, 0, 0.0
60, 0, 4, 0, 0, 0.0
60, 0, 5, 0, 0, 0.0
60, 0, 6, 0, 0, 0.0
60, 0, 7, 0, 0, 0.0
60, 0, 8, 0, 0, 0.0
60, 0, 9, 0, 0, 0.0
60, 0, 10, 0, 0, 0.0
60, 0, 11, 0, 0, 0.0
60, 0, 12, 0, 0, 0.0
60, 0, 13, 0, 0, 0.0
60, 0, 14, 0, 0, 0.0
60, 0, 15, 0, 0, 0.0
60, 0, 16, 0, 0, 0.0
60, 0, 17, 0, 0, 0.0
60, 0, 18, 0, 0, 0.0
60, 0, 19, 0, 0, 0.0
60, 0, 20, 0, 0, 0.0
60, 1, 0, 0, 0, 0.0
60, 1, 1, 0, 0, 0.0
60, 1, 2, 0, 0, 0.0
60, 1, 3, 0, 0, 0.0
60, 1, 4, 0, 0, 0.0
60, 1, 5, 0, 0, 0.0
60, 1, 6, 0, 0, 0.0
60, 1, 7, 0, 0, 0.0
60, 1, 8, 0, 0, 0.0
60, 1, 9, 0, 0, 0.0
60, 1, 10, 0, 0, 0.0
60, 1, 11, 0, 0, 0.0
60, 1, 12, 0, 0, 0.0
60, 1, 13, 0, 0, 0.0
60, 1, 14, 0, 0, 0.0
60, 1, 15, 0, 0, 0.0
60, 1, 16, 0, 0, 0.0
60, 1, 17, 0, 0, 0.0
60, 1, 18, 0, 0, 0.0
60, 1, 19, 0, 0, 0.0
60, 1, 20, 0, 0, 0.0
61, 0, 0, 0, 0, 0.0
61, 0, 1, 0, 0, 0.0
61, 0, 2, 0, 0, 0.0
61, 0, 3, 0, 0, 0.0
61, 0, 4, 0, 0, 0.0
61, 0, 5, 0, 0, 0.0
61, 0, 6, 0, 0, 0.0
61, 0, 7, 0, 0, 0.0
61, 0, 8, 0, 0, 0.0
61, 0, 9, 0, 0, 0.0
61, 0, 10, 0, 0, 0.0
61, 0, 11, 0, 0, 0.0
61, 0, 12, 0, 0, 0.0
61, 0, 13, 0, 0, 0.0
61, 0, 14, 0, 0, 0.0
61, 0, 15, 0, 0, 0.0
61, 0, 16, 0, 0, 0.0
61, 0, 17, 0, 0, 0.0
61, 0, 18, 0, 0, 0.0
61, 0, 19, 0, 0, 0.0
61, 0, 20, 0, 0, 0.0
61, 1, 0, 0, 0, 0.0
61, 1, 1, 0, 0, 0.0
61, 1, 2, 0, 0, 0.0
61, 1, 3, 0, 0, 0.0
61, 1, 4, 0, 0, 0.0
61, 1, 5, 0, 0, 0.0
61, 1, 6, 0, 0, 0.0
61, 1, 7, 0, 0, 0.0
61, 1, 8, 0, 0, 0.0
61, 1, 9, 0, 0, 0.0
61, 1, 10, 0, 0, 0.0
61, 1, 11, 0, 0, 0.0
61, 1, 12, 0, 0, 0.0
61, 1, 13, 0, 0, 0.0
61, 1, 14, 0, 0, 0.0
61, 1, 15, 0, 0, 0.0
61, 1, 16, 0, 0, 0.0
61, 1, 17, 0, 0, 0.0
61, 1, 18, 0, 0, 0.0
61, 1, 19, 0, 0, 0.0
61, 1, 20, 0, 0, 0.0
62, 0, 0, 0, 0, 0.0
62, 0, 1, 0, 0, 0.0
62, 0, 2, 0, 0, 0.0
62, 0, 3, 0, 0, 0.0
62, 0, 4, 0, 0, 0.0
62, 0, 5, 0, 0, 0.0
62, 0, 6, 0, 0, 0.0
62, 0, 7, 0, 0, 0.0
62, 0, 8, 0, 0, 0.0
62, 0, 9, 0, 0, 0.0
62, 0, 10, 0, 0, 0.0
62, 0, 11, 0, 0, 0.0
62, 0, 12, 0, 0, 0.0
62, 0, 13, 0, 0, 0.0
62, 0, 14, 0, 0, 0.0
62, 0, 15, 0, 0, 0.0
62, 0, 16, 0, 0, 0.0
62, 0, 17, 0, 0, 0.0
62, 0, 18, 0, 0, 0.0
62, 0, 19, 0, 0, 0.0
62, 0, 20, 0, 0, 0.0
62, 1, 0, 0, 0, 0.0
62, 1, 1, 0, 0, 0.0
62, 1, 2, 0, 0, 0.0
62, 1, 3, 0, 0, 0.0
62, 1, 4, 0, 0, 0.0
62, 1, 5, 0, 0, 0.0
62, 1, 6, 0, 0, 0.0
62, 1, 7, 0, 0, 0.0
62, 1, 8, 0, 0, 0.0
62, 1, 9, 0, 0, 0.0
62, 1, 10, 0, 0, 0.0
62, 1, 11, 0, 0, 0.0
62, 1, 12, 0, 0, 0.0
62, 1, 13, 0, 0, 0.0
62, 1, 14, 0, 0, 0.0
62, 1, 15, 0, 0, 0.0
62, 1, 16, 0, 0, 0.0
62, 1, 17, 0, 0, 0.0
62, 1, 18, 0, 0, 0.0
62, 1, 19, 0, 0, 0.0
62, 1, 20, 0, 0, 0.0
63, 0, 0, 0, 0, 0.0
63, 0, 1, 0, 0, 0.0
63, 0, 2, 0, 0, 0.0
63, 0, 3, 0, 0, 0.0
63, 0, 4, 0, 0, 0.0
63, 0, 5, 0, 0, 0.0
63, 0, 6, 0, 0, 0.0
63, 0, 7, 0, 0, 0.0
63, 0, 8, 0, 0, 0.0
63, 0, 9, 0, 0, 0.0
63, 0, 10, 0, 0, 0.0
63, 0, 11, 0, 0, 0.0
63, 0, 12, 0, 0, 0.0
63, 0, 13, 0, 0, 0.0
63, 0, 14, 0, 0, 0.0
63, 0, 15, 0, 0, 0.0
63, 0, 16, 0, 0, 0.0
63, 0, 17, 0, 0, 0.0
63, 0, 18, 0, 0, 0.0
63, 0, 19, 0, 0, 0.0
63, 0, 20, 0, 0, 0.0
63, 1, 0, 0, 0, 0.0
63, 1, 1, 0, 0, 0.0
63, 1, 2, 0, 0, 0.0
63, 1, 3, 0, 0, 0.0
63, 1, 4, 0, 0, 0.0
63, 1, 5, 0, 0, 0.0
63, 1, 6, 0, 0, 0.0
63, 1, 7, 0, 0, 0.0
63, 1, 8, 0, 0, 0.0
63, 1, 9, 0, 0, 0.0
63, 1, 10, 0, 0, 0.0
63, 1, 11, 0, 0, 0.0
63, 1, 12, 0, 0, 0.0
63, 1, 13, 0, 0, 0.0
63, 1, 14, 0, 0, 0.0
63, 1, 15, 0, 0, 0.0
63, 1, 16, 0, 0, 0.0
63, 1, 17, 0, 0, 0.0
63, 1, 18, 0, 0, 0.0
63, 1, 19, 0, 0, 0.0
63, 1, 20, 0, 0, 0.0
64, 0, 0, 0, 0, 0.0
64, 0, 1, 0, 0, 0.0
64, 0, 2, 0, 0, 0.0
64, 0, 3, 0, 0, 0.0
64, 0, 4, 0, 0, 0.0
64, 0, 5, 0, 0, 0.0
64, 0, 6, 0, 0, 0.0
64, 0, 7, 0, 0, 0.0
64, 0, 8, 0, 0, 0.0
64, 0, 9, 0, 0, 0.0
64, 0, 10, 0, 0, 0.0
64, 0, 11, 0, 0, 0.0
64, 0, 12, 0, 0, 0.0
64, 0, 13, 0, 0, 0.0
64, 0, 14, 0, 0, 0.0
64, 0, 15, 0, 0, 0.0
64, 0, 16, 0, 0, 0.0
64, 0, 17, 0, 0, 0.0
64, 0, 18, 0, 0, 0.0
64, 0, 19, 0, 0, 0.0
64, 0, 20, 0, 0, 0.0
64, 1, 0, 0, 0, 0.0
64, 1, 1, 0, 0, 0.0
64, 1, 2, 0, 0, 0.0
64, 1, 3, 0, 0, 0.0
64, 1, 4, 0, 0, 0.0
64, 1, 5, 0, 0, 0.0
64, 1, 6, 0, 0, 0.0
64, 1, 7, 0, 0, 0.0
64, 1, 8, 0, 0, 0.0
64, 1, 9, 0, 0, 0.0
64, 1, 10, 0, 0, 0.0
64, 1, 11, 0, 0, 0.0
64, 1, 12, 0, 0, 0.0
64, 1, 13, 0, 0, 0.0
64, 1, 14, 0, 0, 0.0
64, 1, 15, 0, 0, 0.0
64, 1, 16, 0, 0, 0.0
64, 1, 17, 0, 0, 0.0
64, 1, 18, 0, 0, 0.0
64, 1, 19, 0, 0, 0.0
64, 1, 20, 0, 0, 0.0
65, 0, 0, 0, 0, 0.0
65, 0, 1, 0, 0, 0.0
65, 0, 2, 0, 0, 0.0
65, 0, 3, 0, 0, 0.0
65, 0, 4, 0, 0, 0.0
65, 0, 5, 0, 0, 0.0
65, 0, 6, 0, 0, 0.0
65, 0, 7, 0, 0, 0.0
65, 0, 8, 0, 0, 0.0
65, 0, 9, 0, 0, 0.0
65, 0, 10, 0, 0, 0.0
65, 0, 11, 0, 0, 0.0
65, 0, 12, 0, 0, 0.0
65, 0, 13, 0, 0, 0.0
65, 0, 14, 0, 0, 0.0
65, 0, 15, 0, 0, 0.0
65, 0, 16, 0, 0, 0.0
65, 0, 17, 0, 0, 0.0
65, 0, 18, 0, 0, 0.0
65, 0, 19, 0, 0, 0.0
65, 0, 20, 0, 0, 0.0
65, 1, 0, 0, 0, 0.0
65, 1, 1, 0, 0, 0.0
65, 1, 2, 0, 0, 0.0
65, 1, 3, 0, 0, 0.0
65, 1, 4, 0, 0, 0.0
65, 1, 5, 0, 0, 0.0
65, 1, 6, 0, 0, 0.0
65, 1, 7, 0, 0, 0.0
65, 1, 8, 0, 0, 0.0
65, 1, 9, 0, 0, 0.0
65, 1, 10, 0, 0, 0.0
65, 1, 11, 0, 0, 0.0
65, 1, 12, 0, 0, 0.0
65, 1, 13, 0, 0, 0.0
65, 1, 14, 0, 0, 0.0
65, 1, 15, 0, 0, 0.0
65, 1, 16, 0, 0, 0.0
65, 1, 17, 0, 0, 0.0
65, 1, 18, 0, 0, 0.0
65, 1, 19, 0, 0, 0.0
65, 1, 20, 0, 0, 0.0
