0, 0, 0, 0, 0, 0.0
0, 0, 1, 0, 0, 0.0
0, 0, 2, 0, 0, 0.0
0, 0, 3, 0, 0, 0.0
0, 0, 4, 0, 0, 0.0
0, 0, 5, 0, 0, 0.0
0, 0, 6, 0, 0, 0.0
0, 0, 7, 0, 0, 0.0
0, 0, 8, 0, 0, 0.0
0, 0, 9, 0, 0, 0.0
0, 0, 10, 0, 0, 0.0
0, 0, 11, 0, 0, 0.0
0, 0, 12, 0, 0, 0.0
0, 0, 13, 0, 0, 0.0
0, 0, 14, 0, 0, 0.0
0, 0, 15, 0, 0, 0.0
0, 0, 16, 0, 0, 0.0
0, 0, 17, 0, 0, 0.0
0, 0, 18, 0, 0, 0.0
0, 0, 19, 0, 0, 0.0
0, 0, 20, 0, 0, 0.0
0, 1, 0, 0, 0, 0.0
0, 1, 1, 0, 0, 0.0
0, 1, 2, 0, 0, 0.0
0, 1, 3, 0, 0, 0.0
0, 1, 4, 0, 0, 0.0
0, 1, 5, 0, 0, 0.0
0, 1, 6, 0, 0, 0.0
0, 1, 7, 0, 0, 0.0
0, 1, 8, 0, 0, 0.0
0, 1, 9, 0, 0, 0.0
0, 1, 10, 0, 0, 0.0
0, 1, 11, 0, 0, 0.0
0, 1, 12, 0, 0, 0.0
0, 1, 13, 0, 0, 0.0
0, 1, 14, 0, 0, 0.0
0, 1, 15, 0, 0, 0.0
0, 1, 16, 0, 0, 0.0
0, 1, 17, 0, 0, 0.0
0, 1, 18, 0, 0, 0.0
0, 1, 19, 0, 0, 0.0
0, 1, 20, 0, 0, 0.0
1, 0, 0, 0, 0, 0.0
1, 0, 1, 0, 0, 0.0
1, 0, 2, 0, 0, 0.0
1, 0, 3, 0, 0, 0.0
1, 0, 4, 0, 0, 0.0
1, 0, 5, 0, 0, 0.0
1, 0, 6, 0, 0, 0.0
1, 0, 7, 0, 0, 0.0
1, 0, 8, 0, 0, 0.0
1, 0, 9, 0, 0, 0.0
1, 0, 10, 0, 0, 0.0
1, 0, 11, 0, 0, 0.0
1, 0, 12, 0, 0, 0.0
1, 0, 13, 0, 0, 0.0
1, 0, 14, 0, 0, 0.0
1, 0, 15, 0, 0, 0.0
1, 0, 16, 0, 0, 0.0
1, 0, 17, 0, 0, 0.0
1, 0, 18, 0, 0, 0.0
1, 0, 19, 0, 0, 0.0
1, 0, 20, 0, 0, 0.0
1, 1, 0, 0, 0, 0.0
1, 1, 1, 0, 0, 0.0
1, 1, 2, 0, 0, 0.0
1, 1, 3, 0, 0, 0.0
1, 1, 4, 0, 0, 0.0
1, 1, 5, 0, 0, 0.0
1, 1, 6, 0, 0, 0.0
1, 1, 7, 0, 0, 0.0
1, 1, 8, 0, 0, 0.0
1, 1, 9, 0, 0, 0.0
1, 1, 10, 0, 0, 0.0
1, 1, 11, 0, 0, 0.0
1, 1, 12, 0, 0, 0.0
1, 1, 13, 0, 0, 0.0
1, 1, 14, 0, 0, 0.0
1, 1, 15, 0, 0, 0.0
1, 1, 16, 0, 0, 0.0
1, 1, 17, 0, 0, 0.0
1, 1, 18, 0, 0, 0.0
1, 1, 19, 0, 0, 0.0
1, 1, 20, 0, 0, 0.0
2, 0, 0, 0, 0, 0.0
2, 0, 1, 0, 0, 0.0
2, 0, 2, 0, 0, 0.0
2, 0, 3, 0, 0, 0.0
2, 0, 4, 0, 0, 0.0
2, 0, 5, 0, 0, 0.0
2, 0, 6, 0, 0, 0.0
2, 0, 7, 0, 0, 0.0
2, 0, 8, 0, 0, 0.0
2, 0, 9, 0, 0, 0.0
2, 0, 10, 0, 0, 0.0
2, 0, 11, 0, 0, 0.0
2, 0, 12, 0, 0, 0.0
2, 0, 13, 0, 0, 0.0
2, 0, 14, 0, 0, 0.0
2, 0, 15, 0, 0, 0.0
2, 0, 16, 0, 0, 0.0
2, 0, 17, 0, 0, 0.0
2, 0, 18, 0, 0, 0.0
2, 0, 19, 0, 0, 0.0
2, 0, 20, 0, 0, 0.0
2, 1, 0, 0, 0, 0.0
2, 1, 1, 0, 0, 0.0
2, 1, 2, 0, 0, 0.0
2, 1, 3, 0, 0, 0.0
2, 1, 4, 0, 0, 0.0
2, 1, 5, 0, 0, 0.0
2, 1, 6, 0, 0, 0.0
2, 1, 7, 0, 0, 0.0
2, 1, 8, 0, 0, 0.0
2, 1, 9, 0, 0, 0.0
2, 1, 10, 0, 0, 0.0
2, 1, 11, 0, 0, 0.0
2, 1, 12, 0, 0, 0.0
2, 1, 13, 0, 0, 0.0
2, 1, 14, 0, 0, 0.0
2, 1, 15, 0, 0, 0.0
2, 1, 16, 0, 0, 0.0
2, 1, 17, 0, 0, 0.0
2, 1, 18, 0, 0, 0.0
2, 1, 19, 0, 0, 0.0
2, 1, 20, 0, 0, 0.0
3, 0, 0, 0, 0, 0.0
3, 0, 1, 0, 0, 0.0
3, 0, 2, 0, 0, 0.0
3, 0, 3, 0, 0, 0.0
3, 0, 4, 0, 0, 0.0
3, 0, 5, 0, 0, 0.0
3, 0, 6, 0, 0, 0.0
3, 0, 7, 0, 0, 0.0
3, 0, 8, 0, 0, 0.0
3, 0, 9, 0, 0, 0.0
3, 0, 10, 0, 0, 0.0
3, 0, 11, 0, 0, 0.0
3, 0, 12, 0, 0, 0.0
3, 0, 13, 0, 0, 0.0
3, 0, 14, 0, 0, 0.0
3, 0, 15, 0, 0, 0.0
3, 0, 16, 0, 0, 0.0
3, 0, 17, 0, 0, 0.0
3, 0, 18, 0, 0, 0.0
3, 0, 19, 0, 0, 0.0
3, 0, 20, 0, 0, 0.0
3, 1, 0, 0, 0, 0.0
3, 1, 1, 0, 0, 0.0
3, 1, 2, 0, 0, 0.0
3, 1, 3, 0, 0, 0.0
3, 1, 4, 0, 0, 0.0
3, 1, 5, 0, 0, 0.0
3, 1, 6, 0, 0, 0.0
3, 1, 7, 0, 0, 0.0
3, 1, 8, 0, 0, 0.0
3, 1, 9, 0, 0, 0.0
3, 1, 10, 0, 0, 0.0
3, 1, 11, 0, 0, 0.0
3, 1, 12, 0, 0, 0.0
3, 1, 13, 0, 0, 0.0
3, 1, 14, 0, 0, 0.0
3, 1, 15, 0, 0, 0.0
3, 1, 16, 0, 0, 0.0
3, 1, 17, 0, 0, 0.0
3, 1, 18, 0, 0, 0.0
3, 1, 19, 0, 0, 0.0
3, 1, 20, 0, 0, 0.0
4, 0, 0, 0, 0, 0.0
4, 0, 1, 0, 0, 0.0
4, 0, 2, 0, 0, 0.0
4, 0, 3, 0, 0, 0.0
4, 0, 4, 0, 0, 0.0
4, 0, 5, 0, 0, 0.0
4, 0, 6, 0, 0, 0.0
4, 0, 7, 0, 0, 0.0
4, 0, 8, 0, 0, 0.0
4, 0, 9, 0, 0, 0.0
4, 0, 10, 0, 0, 0.0
4, 0, 11, 0, 0, 0.0
4, 0, 12, 0, 0, 0.0
4, 0, 13, 0, 0, 0.0
4, 0, 14, 0, 0, 0.0
4, 0, 15, 0, 0, 0.0
4, 0, 16, 0, 0, 0.0
4, 0, 17, 0, 0, 0.0
4, 0, 18, 0, 0, 0.0
4, 0, 19, 0, 0, 0.0
4, 0, 20, 0, 0, 0.0
4, 1, 0, 0, 0, 0.0
4, 1, 1, 0, 0, 0.0
4, 1, 2, 0, 0, 0.0
4, 1, 3, 0, 0, 0.0
4, 1, 4, 0, 0, 0.0
4, 1, 5, 0, 0, 0.0
4, 1, 6, 0, 0, 0.0
4, 1, 7, 0, 0, 0.0
4, 1, 8, 0, 0, 0.0
4, 1, 9, 0, 0, 0.0
4, 1, 10, 0, 0, 0.0
4, 1, 11, 0, 0, 0.0
4, 1, 12, 0, 0, 0.0
4, 1, 13, 0, 0, 0.0
4, 1, 14, 0, 0, 0.0
4, 1, 15, 0, 0, 0.0
4, 1, 16, 0, 0, 0.0
4, 1, 17, 0, 0, 0.0
4, 1, 18, 0, 0, 0.0
4, 1, 19, 0, 0, 0.0
4, 1, 20, 0, 0, 0.0
5, 0, 0, 0, 0, 0.0
5, 0, 1, 0, 0, 0.0
5, 0, 2, 0, 0, 0.0
5, 0, 3, 0, 0, 0.0
5, 0, 4, 0, 0, 0.0
5, 0, 5, 0, 0, 0.0
5, 0, 6, 0, 0, 0.0
5, 0, 7, 0, 0, 0.0
5, 0, 8, 0, 0, 0.0
5, 0, 9, 0, 0, 0.0
5, 0, 10, 0, 0, 0.0
5, 0, 11, 0, 0, 0.0
5, 0, 12, 0, 0, 0.0
5, 0, 13, 0, 0, 0.0
5, 0, 14, 0, 0, 0.0
5, 0, 15, 0, 0, 0.0
5, 0, 16, 0, 0, 0.0
5, 0, 17, 0, 0, 0.0
5, 0, 18, 0, 0, 0.0
5, 0, 19, 0, 0, 0.0
5, 0, 20, 0, 0, 0.0
5, 1, 0, 0, 0, 0.0
5, 1, 1, 0, 0, 0.0
5, 1, 2, 0, 0, 0.0
5, 1, 3, 0, 0, 0.0
5, 1, 4, 0, 0, 0.0
5, 1, 5, 0, 0, 0.0
5, 1, 6, 0, 0, 0.0
5, 1, 7, 0, 0, 0.0
5, 1, 8, 0, 0, 0.0
5, 1, 9, 0, 0, 0.0
5, 1, 10, 0, 0, 0.0
5, 1, 11, 0, 0, 0.0
5, 1, 12, 0, 0, 0.0
5, 1, 13, 0, 0, 0.0
5, 1, 14, 0, 0, 0.0
5, 1, 15, 0, 0, 0.0
5, 1, 16, 0, 0, 0.0
5, 1, 17, 0, 0, 0.0
5, 1, 18, 0, 0, 0.0
5, 1, 19, 0, 0, 0.0
5, 1, 20, 0, 0, 0.0
6, 0, 0, 0, 0, 0.0
6, 0, 1, 0, 0, 0.0
6, 0, 2, 0, 0, 0.0
6, 0, 3, 0, 0, 0.0
6, 0, 4, 0, 0, 0.0
6, 0, 5, 0, 0, 0.0
6, 0, 6, 0, 0, 0.0
6, 0, 7, 0, 0, 0.0
6, 0, 8, 0, 0, 0.0
6, 0, 9, 0, 0, 0.0
6, 0, 10, 0, 0, 0.0
6, 0, 11, 0, 0, 0.0
6, 0, 12, 0, 0, 0.0
6, 0, 13, 0, 0, 0.0
6, 0, 14, 0, 0, 0.0
6, 0, 15, 0, 0, 0.0
6, 0, 16, 0, 0, 0.0
6, 0, 17, 0, 0, 0.0
6, 0, 18, 0, 0, 0.0
6, 0, 19, 0, 0, 0.0
6, 0, 20, 0, 0, 0.0
6, 1, 0, 0, 0, 0.0
6, 1, 1, 0, 0, 0.0
6, 1, 2, 0, 0, 0.0
6, 1, 3, 0, 0, 0.0
6, 1, 4, 0, 0, 0.0
6, 1, 5, 0, 0, 0.0
6, 1, 6, 0, 0, 0.0
6, 1, 7, 0, 0, 0.0
6, 1, 8, 0, 0, 0.0
6, 1, 9, 0, 0, 0.0
6, 1, 10, 0, 0, 0.0
6, 1, 11, 0, 0, 0.0
6, 1, 12, 0, 0, 0.0
6, 1, 13, 0, 0, 0.0
6, 1, 14, 0, 0, 0.0
6, 1, 15, 0, 0, 0.0
6, 1, 16, 0, 0, 0.0
6, 1, 17, 0, 0, 0.0
6, 1, 18, 0, 0, 0.0
6, 1, 19, 0, 0, 0.0
6, 1, 20, 0, 0, 0.0
7, 0, 0, 0, 0, 0.0
7, 0, 1, 0, 0, 0.0
7, 0, 2, 0, 0, 0.0
7, 0, 3, 0, 0, 0.0
7, 0, 4, 0, 0, 0.0
7, 0, 5, 0, 0, 0.0
7, 0, 6, 0, 0, 0.0
7, 0, 7, 0, 0, 0.0
7, 0, 8, 0, 0, 0.0
7, 0, 9, 0, 0, 0.0
7, 0, 10, 0, 0, 0.0
7, 0, 11, 0, 0, 0.0
7, 0, 12, 0, 0, 0.0
7, 0, 13, 0, 0, 0.0
7, 0, 14, 0, 0, 0.0
7, 0, 15, 0, 0, 0.0
7, 0, 16, 0, 0, 0.0
7, 0, 17, 0, 0, 0.0
7, 0, 18, 0, 0, 0.0
7, 0, 19, 0, 0, 0.0
7, 0, 20, 0, 0, 0.0
7, 1, 0, 0, 0, 0.0
7, 1, 1, 0, 0, 0.0
7, 1, 2, 0, 0, 0.0
7, 1, 3, 0, 0, 0.0
7, 1, 4, 0, 0, 0.0
7, 1, 5, 0, 0, 0.0
7, 1, 6, 0, 0, 0.0
7, 1, 7, 0, 0, 0.0
7, 1, 8, 0, 0, 0.0
7, 1, 9, 0, 0, 0.0
7, 1, 10, 0, 0, 0.0
7, 1, 11, 0, 0, 0.0
7, 1, 12, 0, 0, 0.0
7, 1, 13, 0, 0, 0.0
7, 1, 14, 0, 0, 0.0
7, 1, 15, 0, 0, 0.0
7, 1, 16, 0, 0, 0.0
7, 1, 17, 0, 0, 0.0
7, 1, 18, 0, 0, 0.0
7, 1, 19, 0, 0, 0.0
7, 1, 20, 0, 0, 0.0
8, 0, 0, 0, 0, 0.0
8, 0, 1, 0, 0, 0.0
8, 0, 2, 0, 0, 0.0
8, 0, 3, 0, 0, 0.0
8, 0, 4, 0, 0, 0.0
8, 0, 5, 0, 0, 0.0
8, 0, 6, 0, 0, 0.0
8, 0, 7, 0, 0, 0.0
8, 0, 8, 0, 0, 0.0
8, 0, 9, 0, 0, 0.0
8, 0, 10, 0, 0, 0.0
8, 0, 11, 0, 0, 0.0
8, 0, 12, 0, 0, 0.0
8, 0, 13, 0, 0, 0.0
8, 0, 14, 0, 0, 0.0
8, 0, 15, 0, 0, 0.0
8, 0, 16, 0, 0, 0.0
8, 0, 17, 0, 0, 0.0
8, 0, 18, 0, 0, 0.0
8, 0, 19, 0, 0, 0.0
8, 0, 20, 0, 0, 0.0
8, 1, 0, 0, 0, 0.0
8, 1, 1, 0, 0, 0.0
8, 1, 2, 0, 0, 0.0
8, 1, 3, 0, 0, 0.0
8, 1, 4, 0, 0, 0.0
8, 1, 5, 0, 0, 0.0
8, 1, 6, 0, 0, 0.0
8, 1, 7, 0, 0, 0.0
8, 1, 8, 0, 0, 0.0
8, 1, 9, 0, 0, 0.0
8, 1, 10, 0, 0, 0.0
8, 1, 11, 0, 0, 0.0
8, 1, 12, 0, 0, 0.0
8, 1, 13, 0, 0, 0.0
8, 1, 14, 0, 0, 0.0
8, 1, 15, 0, 0, 0.0
8, 1, 16, 0, 0, 0.0
8, 1, 17, 0, 0, 0.0
8, 1, 18, 0, 0, 0.0
8, 1, 19, 0, 0, 0.0
8, 1, 20, 0, 0, 0.0
9, 0, 0, 0, 0, 0.0
9, 0, 1, 0, 0, 0.0
9, 0, 2, 0, 0, 0.0
9, 0, 3, 0, 0, 0.0
9, 0, 4, 0, 0, 0.0
9, 0, 5, 0, 0, 0.0
9, 0, 6, 0, 0, 0.0
9, 0, 7, 0, 0, 0.0
9, 0, 8, 0, 0, 0.0
9, 0, 9, 0, 0, 0.0
9, 0, 10, 0, 0, 0.0
9, 0, 11, 0, 0, 0.0
9, 0, 12, 0, 0, 0.0
9, 0, 13, 0, 0, 0.0
9, 0, 14, 0, 0, 0.0
9, 0, 15, 0, 0, 0.0
9, 0, 16, 0, 0, 0.0
9, 0, 17, 0, 0, 0.0
9, 0, 18, 0, 0, 0.0
9, 0, 19, 0, 0, 0.0
9, 0, 20, 0, 0, 0.0
9, 1, 0, 0, 0, 0.0
9, 1, 1, 0, 0, 0.0
9, 1, 2, 0, 0, 0.0
9, 1, 3, 0, 0, 0.0
9, 1, 4, 0, 0, 0.0
9, 1, 5, 0, 0, 0.0
9, 1, 6, 0, 0, 0.0
9, 1, 7, 0, 0, 0.0
9, 1, 8, 0, 0, 0.0
9, 1, 9, 0, 0, 0.0
9, 1, 10, 0, 0, 0.0
9, 1, 11, 0, 0, 0.0
9, 1, 12, 0, 0, 0.0
9, 1, 13, 0, 0, 0.0
9, 1, 14, 0, 0, 0.0
9, 1, 15, 0, 0, 0.0
9, 1, 16, 0, 0, 0.0
9, 1, 17, 0, 0, 0.0
9, 1, 18, 0, 0, 0.0
9, 1, 19, 0, 0, 0.0
9, 1, 20, 0, 0, 0.0
10, 0, 0, 0, 0, 0.0
10, 0, 1, 0, 0, 0.0
10, 0, 2, 0, 0, 0.0
10, 0, 3, 0, 0, 0.0
10, 0, 4, 0, 0, 0.0
10, 0, 5, 0, 0, 0.0
10, 0, 6, 0, 0, 0.0
10, 0, 7, 0, 0, 0.0
10, 0, 8, 0, 0, 0.0
10, 0, 9, 0, 0, 0.0
10, 0, 10, 0, 0, 0.0
10, 0, 11, 0, 0, 0.0
10, 0, 12, 0, 0, 0.0
10, 0, 13, 0, 0, 0.0
10, 0, 14, 0, 0, 0.0
10, 0, 15, 0, 0, 0.0
10, 0, 16, 0, 0, 0.0
10, 0, 17, 0, 0, 0.0
10, 0, 18, 0, 0, 0.0
10, 0, 19, 0, 0, 0.0
10, 0, 20, 0, 0, 0.0
10, 1, 0, 0, 0, 0.0
10, 1, 1, 0, 0, 0.0
10, 1, 2, 0, 0, 0.0
10, 1, 3, 0, 0, 0.0
10, 1, 4, 0, 0, 0.0
10, 1, 5, 0, 0, 0.0
10, 1, 6, 0, 0, 0.0
10, 1, 7, 0, 0, 0.0
10, 1, 8, 0, 0, 0.0
10, 1, 9, 0, 0, 0.0
10, 1, 10, 0, 0, 0.0
10, 1, 11, 0, 0, 0.0
10, 1, 12, 0, 0, 0.0
10, 1, 13, 0, 0, 0.0
10, 1, 14, 0, 0, 0.0
10, 1, 15, 0, 0, 0.0
10, 1, 16, 0, 0, 0.0
10, 1, 17, 0, 0, 0.0
10, 1, 18, 0, 0, 0.0
10, 1, 19, 0, 0, 0.0
10, 1, 20, 0, 0, 0.0
11, 0, 0, 0, 0, 0.0
11, 0, 1, 0, 0, 0.0
11, 0, 2, 0, 0, 0.0
11, 0, 3, 0, 0, 0.0
11, 0, 4, 0, 0, 0.0
11, 0, 5, 0, 0, 0.0
11, 0, 6, 0, 0, 0.0
11, 0, 7, 0, 0, 0.0
11, 0, 8, 0, 0, 0.0
11, 0, 9, 0, 0, 0.0
11, 0, 10, 0, 0, 0.0
11, 0, 11, 0, 0, 0.0
11, 0, 12, 0, 0, 0.0
11, 0, 13, 0, 0, 0.0
11, 0, 14, 0, 0, 0.0
11, 0, 15, 0, 0, 0.0
11, 0, 16, 0, 0, 0.0
11, 0, 17, 0, 0, 0.0
11, 0, 18, 0, 0, 0.0
11, 0, 19, 0, 0, 0.0
11, 0, 20, 0, 0, 0.0
11, 1, 0, 0, 0, 0.0
11, 1, 1, 0, 0, 0.0
11, 1, 2, 0, 0, 0.0
11, 1, 3, 0, 0, 0.0
11, 1, 4, 0, 0, 0.0
11, 1, 5, 0, 0, 0.0
11, 1, 6, 0, 0, 0.0
11, 1, 7, 0, 0, 0.0
11, 1, 8, 0, 0, 0.0
11, 1, 9, 0, 0, 0.0
11, 1, 10, 0, 0, 0.0
11, 1, 11, 0, 0, 0.0
11, 1, 12, 0, 0, 0.0
11, 1, 13, 0, 0, 0.0
11, 1, 14, 0, 0, 0.0
11, 1, 15, 0, 0, 0.0
11, 1, 16, 0, 0, 0.0
11, 1, 17, 0, 0, 0.0
11, 1, 18, 0, 0, 0.0
11, 1, 19, 0, 0, 0.0
11, 1, 20, 0, 0, 0.0
12, 0, 0, 0, 0, 0.0
12, 0, 1, 0, 0, 0.0
12, 0, 2, 0, 0, 0.0
12, 0, 3, 0, 0, 0.0
12, 0, 4, 0, 0, 0.0
12, 0, 5, 0, 0, 0.0
12, 0, 6, 0, 0, 0.0
12, 0, 7, 0, 0, 0.0
12, 0, 8, 0, 0, 0.0
12, 0, 9, 0, 0, 0.0
12, 0, 10, 0, 0, 0.0
12, 0, 11, 0, 0, 0.0
12, 0, 12, 0, 0, 0.0
12, 0, 13, 0, 0, 0.0
12, 0, 14, 0, 0, 0.0
12, 0, 15, 0, 0, 0.0
12, 0, 16, 0, 0, 0.0
12, 0, 17, 0, 0, 0.0
12, 0, 18, 0, 0, 0.0
12, 0, 19, 0, 0, 0.0
12, 0, 20, 0, 0, 0.0
12, 1, 0, 0, 0, 0.0
12, 1, 1, 0, 0, 0.0
12, 1, 2, 0, 0, 0.0
12, 1, 3, 0, 0, 0.0
12, 1, 4, 0, 0, 0.0
12, 1, 5, 0, 0, 0.0
12, 1, 6, 0, 0, 0.0
12, 1, 7, 0, 0, 0.0
12, 1, 8, 0, 0, 0.0
12, 1, 9, 0, 0, 0.0
12, 1, 10, 0, 0, 0.0
12, 1, 11, 0, 0, 0.0
12, 1, 12, 0, 0, 0.0
12, 1, 13, 0, 0, 0.0
12, 1, 14, 0, 0, 0.0
12, 1, 15, 0, 0, 0.0
12, 1, 16, 0, 0, 0.0
12, 1, 17, 0, 0, 0.0
12, 1, 18, 0, 0, 0.0
12, 1, 19, 0, 0, 0.0
12, 1, 20, 0, 0, 0.0
13, 0, 0, 0, 0, 0.0
13, 0, 1, 0, 0, 0.0
13, 0, 2, 0, 0, 0.0
13, 0, 3, 0, 0, 0.0
13, 0, 4, 0, 0, 0.0
13, 0, 5, 0, 0, 0.0
13, 0, 6, 0, 0, 0.0
13, 0, 7, 0, 0, 0.0
13, 0, 8, 0, 0, 0.0
13, 0, 9, 0, 0, 0.0
13, 0, 10, 0, 0, 0.0
13, 0, 11, 0, 0, 0.0
13, 0, 12, 0, 0, 0.0
13, 0, 13, 0, 0, 0.0
13, 0, 14, 0, 0, 0.0
13, 0, 15, 0, 0, 0.0
13, 0, 16, 0, 0, 0.0
13, 0, 17, 0, 0, 0.0
13, 0, 18, 0, 0, 0.0
13, 0, 19, 0, 0, 0.0
13, 0, 20, 0, 0, 0.0
13, 1, 0, 0, 0, 0.0
13, 1, 1, 0, 0, 0.0
13, 1, 2, 0, 0, 0.0
13, 1, 3, 0, 0, 0.0
13, 1, 4, 0, 0, 0.0
13, 1, 5, 0, 0, 0.0
13, 1, 6, 0, 0, 0.0
13, 1, 7, 0, 0, 0.0
13, 1, 8, 0, 0, 0.0
13, 1, 9, 0, 0, 0.0
13, 1, 10, 0, 0, 0.0
13, 1, 11, 0, 0, 0.0
13, 1, 12, 0, 0, 0.0
13, 1, 13, 0, 0, 0.0
13, 1, 14, 0, 0, 0.0
13, 1, 15, 0, 0, 0.0
13, 1, 16, 0, 0, 0.0
13, 1, 17, 0, 0, 0.0
13, 1, 18, 0, 0, 0.0
13, 1, 19, 0, 0, 0.0
13, 1, 20, 0, 0, 0.0
14, 0, 0, 0, 0, 0.0
14, 0, 1, 0, 0, 0.0
14, 0, 2, 0, 0, 0.0
14, 0, 3, 0, 0, 0.0
14, 0, 4, 0, 0, 0.0
14, 0, 5, 0, 0, 0.0
14, 0, 6, 0, 0, 0.0
14, 0, 7, 0, 0, 0.0
14, 0, 8, 0, 0, 0.0
14, 0, 9, 0, 0, 0.0
14, 0, 10, 0, 0, 0.0
14, 0, 11, 0, 0, 0.0
14, 0, 12, 0, 0, 0.0
14, 0, 13, 0, 0, 0.0
14, 0, 14, 0, 0, 0.0
14, 0, 15, 0, 0, 0.0
14, 0, 16, 0, 0, 0.0
14, 0, 17, 0, 0, 0.0
14, 0, 18, 0, 0, 0.0
14, 0, 19, 0, 0, 0.0
14, 0, 20, 0, 0, 0.0
14, 1, 0, 0, 0, 0.0
14, 1, 1, 0, 0, 0.0
14, 1, 2, 0, 0, 0.0
14, 1, 3, 0, 0, 0.0
14, 1, 4, 0, 0, 0.0
14, 1, 5, 0, 0, 0.0
14, 1, 6, 0, 0, 0.0
14, 1, 7, 0, 0, 0.0
14, 1, 8, 0, 0, 0.0
14, 1, 9, 0, 0, 0.0
14, 1, 10, 0, 0, 0.0
14, 1, 11, 0, 0, 0.0
14, 1, 12, 0, 0, 0.0
14, 1, 13, 0, 0, 0.0
14, 1, 14, 0, 0, 0.0
14, 1, 15, 0, 0, 0.0
14, 1, 16, 0, 0, 0.0
14, 1, 17, 0, 0, 0.0
14, 1, 18, 0, 0, 0.0
14, 1, 19, 0, 0, 0.0
14, 1, 20, 0, 0, 0.0
15, 0, 0, 0, 0, 0.0
15, 0, 1, 0, 0, 0.0
15, 0, 2, 0, 0, 0.0
15, 0, 3, 0, 0, 0.0
15, 0, 4, 0, 0, 0.0
15, 0, 5, 0, 0, 0.0
15, 0, 6, 0, 0, 0.0
15, 0, 7, 0, 0, 0.0
15, 0, 8, 0, 0, 0.0
15, 0, 9, 0, 0, 0.0
15, 0, 10, 0, 0, 0.0
15, 0, 11, 0, 0, 0.0
15, 0, 12, 0, 0, 0.0
15, 0, 13, 0, 0, 0.0
15, 0, 14, 0, 0, 0.0
15, 0, 15, 0, 0, 0.0
15, 0, 16, 0, 0, 0.0
15, 0, 17, 0, 0, 0.0
15, 0, 18, 0, 0, 0.0
15, 0, 19, 0, 0, 0.0
15, 0, 20, 0, 0, 0.0
15, 1, 0, 0, 0, 0.0
15, 1, 1, 0, 0, 0.0
15, 1, 2, 0, 0, 0.0
15, 1, 3, 0, 0, 0.0
15, 1, 4, 0, 0, 0.0
15, 1, 5, 0, 0, 0.0
15, 1, 6, 0, 0, 0.0
15, 1, 7, 0, 0, 0.0
15, 1, 8, 0, 0, 0.0
15, 1, 9, 0, 0, 0.0
15, 1, 10, 0, 0, 0.0
15, 1, 11, 0, 0, 0.0
15, 1, 12, 0, 0, 0.0
15, 1, 13, 0, 0, 0.0
15, 1, 14, 0, 0, 0.0
15, 1, 15, 0, 0, 0.0
15, 1, 16, 0, 0, 0.0
15, 1, 17, 0, 0, 0.0
15, 1, 18, 0, 0, 0.0
15, 1, 19, 0, 0, 0.0
15, 1, 20, 0, 0, 0.0
16, 0, 0, 0, 0, 0.0
16, 0, 1, 0, 0, 0.0
16, 0, 2, 0, 0, 0.0
16, 0, 3, 0, 0, 0.0
16, 0, 4, 0, 0, 0.0
16, 0, 5, 0, 0, 0.0
16, 0, 6, 0, 0, 0.0
16, 0, 7, 0, 0, 0.0
16, 0, 8, 0, 0, 0.0
16, 0, 9, 0, 0, 0.0
16, 0, 10, 0, 0, 0.0
16, 0, 11, 0, 0, 0.0
16, 0, 12, 0, 0, 0.0
16, 0, 13, 0, 0, 0.0
16, 0, 14, 0, 0, 0.0
16, 0, 15, 0, 0, 0.0
16, 0, 16, 0, 0, 0.0
16, 0, 17, 0, 0, 0.0
16, 0, 18, 0, 0, 0.0
16, 0, 19, 0, 0, 0.0
16, 0, 20, 0, 0, 0.0
16, 1, 0, 0, 0, 0.0
16, 1, 1, 0, 0, 0.0
16, 1, 2, 0, 0, 0.0
16, 1, 3, 0, 0, 0.0
16, 1, 4, 0, 0, 0.0
16, 1, 5, 0, 0, 0.0
16, 1, 6, 0, 0, 0.0
16, 1, 7, 0, 0, 0.0
16, 1, 8, 0, 0, 0.0
16, 1, 9, 0, 0, 0.0
16, 1, 10, 0, 0, 0.0
16, 1, 11, 0, 0, 0.0
16, 1, 12, 0, 0, 0.0
16, 1, 13, 0, 0, 0.0
16, 1, 14, 0, 0, 0.0
16, 1, 15, 0, 0, 0.0
16, 1, 16, 0, 0, 0.0
16, 1, 17, 0, 0, 0.0
16, 1, 18, 0, 0, 0.0
16, 1, 19, 0, 0, 0.0
16, 1, 20, 0, 0, 0.0
17, 0, 0, 672, 1008, 3.407844317848685e-08
17, 0, 1, 713, 995, -0.00628745649009943
17, 0, 2, 765, 1007, -0.009713614359498024
17, 0, 3, 800, 1031, -0.011589433066546917
17, 0, 4, 828, 1049, -0.012727387249469757
17, 0, 5, 747, 1023, -0.01430093590170145
17, 0, 6, 790, 1046, -0.020182879641652107
17, 0, 7, 817, 1062, -0.02259260229766369
17, 0, 8, 837, 1073, -0.023660965263843536
17, 0, 9, 728, 1049, -0.013824417255818844
17, 0, 10, 770, 1078, -0.017378555610775948
17, 0, 11, 795, 1096, -0.017612626776099205
17, 0, 12, 812, 1110, -0.01782602071762085
17, 0, 13, 708, 1069, -0.013308173976838589
17, 0, 14, 743, 1100, -0.016614247113466263
17, 0, 15, 765, 1116, -0.01473360788077116
17, 0, 16, 779, 1128, -0.013034043833613396
17, 0, 17, 689, 1085, -0.013185735791921616
17, 0, 18, 715, 1114, -0.015546279028058052
17, 0, 19, 732, 1127, -0.013460463844239712
17, 0, 20, 744, 1136, -0.011331806890666485
17, 1, 0, 0, 0, 0.0
17, 1, 1, 0, 0, 0.0
17, 1, 2, 0, 0, 0.0
17, 1, 3, 0, 0, 0.0
17, 1, 4, 0, 0, 0.0
17, 1, 5, 0, 0, 0.0
17, 1, 6, 0, 0, 0.0
17, 1, 7, 0, 0, 0.0
17, 1, 8, 0, 0, 0.0
17, 1, 9, 0, 0, 0.0
17, 1, 10, 0, 0, 0.0
17, 1, 11, 0, 0, 0.0
17, 1, 12, 0, 0, 0.0
17, 1, 13, 0, 0, 0.0
17, 1, 14, 0, 0, 0.0
17, 1, 15, 0, 0, 0.0
17, 1, 16, 0, 0, 0.0
17, 1, 17, 0, 0, 0.0
17, 1, 18, 0, 0, 0.0
17, 1, 19, 0, 0, 0.0
17, 1, 20, 0, 0, 0.0
18, 0, 0, 667, 941, -6.501775828837708e-08
18, 0, 1, 704, 910, -0.013075151480734348
18, 0, 2, 763, 909, -0.02206568233668804
18, 0, 3, 807, 927, -0.026605166494846344
18, 0, 4, 834, 949, -0.03085804171860218
18, 0, 5, 719, 920, -0.042395371943712234
18, 0, 6, 784, 939, -0.05556853115558624
18, 0, 7, 821, 950, -0.05940315127372742
18, 0, 8, 846, 961, -0.06121888384222984
18, 0, 9, 707, 959, -0.03946615755558014
18, 0, 10, 790, 979, -0.05249928683042526
18, 0, 11, 786, 967, -0.04935912415385246
18, 0, 12, 767, 959, -0.04539695382118225
18, 0, 13, 700, 993, -0.03574962913990021
18, 0, 14, 780, 1007, -0.04659721255302429
18, 0, 15, 772, 992, -0.03949869051575661
18, 0, 16, 750, 983, -0.03253767266869545
18, 0, 17, 697, 1020, -0.03258572518825531
18, 0, 18, 762, 1030, -0.041155412793159485
18, 0, 19, 759, 1016, -0.03785527125000954
18, 0, 20, 737, 1006, -0.03418390825390816
18, 1, 0, 666, 983, -1.3366147300075681e-07
18, 1, 1, 680, 989, -0.0043996418826282024
18, 1, 2, 707, 999, -0.008976160548627377
18, 1, 3, 737, 1002, -0.01230768021196127
18, 1, 4, 761, 996, -0.01568710431456566
18, 1, 5, 706, 1009, -0.019074050709605217
18, 1, 6, 766, 1018, -0.02542928420007229
18, 1, 7, 776, 1004, -0.025759167969226837
18, 1, 8, 769, 993, -0.02447015978395939
18, 1, 9, 707, 1015, -0.01873050630092621
18, 1, 10, 774, 1022, -0.02635153755545616
18, 1, 11, 773, 1004, -0.025803260505199432
18, 1, 12, 757, 994, -0.023609749972820282
18, 1, 13, 710, 1018, -0.01775253936648369
18, 1, 14, 772, 1023, -0.023682953789830208
18, 1, 15, 770, 1005, -0.021545184776186943
18, 1, 16, 756, 995, -0.018527647480368614
18, 1, 17, 713, 1019, -0.01646813005208969
18, 1, 18, 763, 1022, -0.020358815789222717
18, 1, 19, 762, 1007, -0.01828448660671711
18, 1, 20, 747, 998, -0.015577059239149094
19, 0, 0, 0, 0, 0.0
19, 0, 1, 0, 0, 0.0
19, 0, 2, 0, 0, 0.0
19, 0, 3, 0, 0, 0.0
19, 0, 4, 0, 0, 0.0
19, 0, 5, 0, 0, 0.0
19, 0, 6, 0, 0, 0.0
19, 0, 7, 0, 0, 0.0
19, 0, 8, 0, 0, 0.0
19, 0, 9, 0, 0, 0.0
19, 0, 10, 0, 0, 0.0
19, 0, 11, 0, 0, 0.0
19, 0, 12, 0, 0, 0.0
19, 0, 13, 0, 0, 0.0
19, 0, 14, 0, 0, 0.0
19, 0, 15, 0, 0, 0.0
19, 0, 16, 0, 0, 0.0
19, 0, 17, 0, 0, 0.0
19, 0, 18, 0, 0, 0.0
19, 0, 19, 0, 0, 0.0
19, 0, 20, 0, 0, 0.0
19, 1, 0, 0, 0, 0.0
19, 1, 1, 0, 0, 0.0
19, 1, 2, 0, 0, 0.0
19, 1, 3, 0, 0, 0.0
19, 1, 4, 0, 0, 0.0
19, 1, 5, 0, 0, 0.0
19, 1, 6, 0, 0, 0.0
19, 1, 7, 0, 0, 0.0
19, 1, 8, 0, 0, 0.0
19, 1, 9, 0, 0, 0.0
19, 1, 10, 0, 0, 0.0
19, 1, 11, 0, 0, 0.0
19, 1, 12, 0, 0, 0.0
19, 1, 13, 0, 0, 0.0
19, 1, 14, 0, 0, 0.0
19, 1, 15, 0, 0, 0.0
19, 1, 16, 0, 0, 0.0
19, 1, 17, 0, 0, 0.0
19, 1, 18, 0, 0, 0.0
19, 1, 19, 0, 0, 0.0
19, 1, 20, 0, 0, 0.0
20, 0, 0, 684, 783, 1.1531007260145998e-07
20, 0, 1, 705, 747, -0.003090101759880781
20, 0, 2, 755, 720, -0.009718738496303558
20, 0, 3, 803, 717, -0.01613543927669525
20, 0, 4, 839, 720, -0.022156668826937675
20, 0, 5, 729, 692, -0.02075730822980404
20, 0, 6, 782, 678, -0.033560384064912796
20, 0, 7, 819, 671, -0.040544457733631134
20, 0, 8, 848, 667, -0.04448646306991577
20, 0, 9, 722, 719, -0.025810780003666878
20, 0, 10, 806, 734, -0.04032563418149948
20, 0, 11, 797, 753, -0.03991539776325226
20, 0, 12, 771, 757, -0.03703349828720093
20, 0, 13, 720, 753, -0.030526278540492058
20, 0, 14, 794, 767, -0.04091629013419151
20, 0, 15, 780, 780, -0.03248606249690056
20, 0, 16, 757, 778, -0.024609487503767014
20, 0, 17, 718, 789, -0.03563347086310387
20, 0, 18, 781, 795, -0.03841640055179596
20, 0, 19, 769, 801, -0.029696635901927948
20, 0, 20, 746, 799, -0.0227764043956995
20, 1, 0, 0, 0, 0.0
20, 1, 1, 0, 0, 0.0
20, 1, 2, 0, 0, 0.0
20, 1, 3, 0, 0, 0.0
20, 1, 4, 0, 0, 0.0
20, 1, 5, 0, 0, 0.0
20, 1, 6, 0, 0, 0.0
20, 1, 7, 0, 0, 0.0
20, 1, 8, 0, 0, 0.0
20, 1, 9, 0, 0, 0.0
20, 1, 10, 0, 0, 0.0
20, 1, 11, 0, 0, 0.0
20, 1, 12, 0, 0, 0.0
20, 1, 13, 0, 0, 0.0
20, 1, 14, 0, 0, 0.0
20, 1, 15, 0, 0, 0.0
20, 1, 16, 0, 0, 0.0
20, 1, 17, 0, 0, 0.0
20, 1, 18, 0, 0, 0.0
20, 1, 19, 0, 0, 0.0
20, 1, 20, 0, 0, 0.0
21, 0, 0, 695, 703, 1.1780780084791331e-07
21, 0, 1, 717, 668, -0.00258496287278831
21, 0, 2, 762, 637, -0.01090272143483162
21, 0, 3, 808, 629, -0.019375234842300415
21, 0, 4, 845, 626, -0.027795366942882538
21, 0, 5, 734, 597, -0.02332116849720478
21, 0, 6, 786, 574, -0.03741903603076935
21, 0, 7, 823, 561, -0.04559171572327614
21, 0, 8, 851, 550, -0.05057705193758011
21, 0, 9, 727, 620, -0.029502585530281067
21, 0, 10, 812, 633, -0.04452051967382431
21, 0, 11, 805, 657, -0.044392965734004974
21, 0, 12, 783, 662, -0.04266519844532013
21, 0, 13, 725, 652, -0.03532499819993973
21, 0, 14, 804, 668, -0.046735551208257675
21, 0, 15, 790, 683, -0.039122167974710464
21, 0, 16, 767, 682, -0.03265706077218056
21, 0, 17, 725, 688, -0.04150146618485451
21, 0, 18, 790, 696, -0.04626578465104103
21, 0, 19, 779, 706, -0.038992419838905334
21, 0, 20, 755, 704, -0.033351585268974304
21, 1, 0, 684, 748, 9.193325212208947e-08
21, 1, 1, 719, 705, 0.0012341034598648548
21, 1, 2, 759, 670, -0.0012854483211413026
21, 1, 3, 795, 649, -0.005101705435663462
21, 1, 4, 828, 636, -0.00840819999575615
21, 1, 5, 743, 644, -0.0025066512171179056
21, 1, 6, 785, 635, -0.00999187771230936
21, 1, 7, 792, 627, -0.014959481544792652
21, 1, 8, 793, 616, -0.017923615872859955
21, 1, 9, 739, 655, -0.006863353308290243
21, 1, 10, 802, 660, -0.013556690886616707
21, 1, 11, 793, 667, -0.013492219150066376
21, 1, 12, 775, 666, -0.012698528356850147
21, 1, 13, 737, 674, -0.011550551280379295
21, 1, 14, 799, 682, -0.0165100134909153
21, 1, 15, 783, 688, -0.012142245657742023
21, 1, 16, 764, 688, -0.00839912611991167
21, 1, 17, 735, 697, -0.01646772027015686
21, 1, 18, 788, 700, -0.017347289249300957
21, 1, 19, 774, 705, -0.012605762109160423
21, 1, 20, 754, 707, -0.008797546848654747
22, 0, 0, 682, 700, 6.324399492996235e-08
22, 0, 1, 714, 661, 0.004636374302208424
22, 0, 2, 747, 629, 0.005388342309743166
22, 0, 3, 772, 607, 0.004096986725926399
22, 0, 4, 792, 591, 0.003550259629264474
22, 0, 5, 742, 589, 0.008202305063605309
22, 0, 6, 783, 585, 0.004686126951128244
22, 0, 7, 787, 586, 0.0011210762895643711
22, 0, 8, 781, 579, -0.0012543684570118785
22, 0, 9, 744, 592, 0.0033810478635132313
22, 0, 10, 792, 593, 0.001829977030865848
22, 0, 11, 792, 597, 0.0009157165768556297
22, 0, 12, 781, 594, -0.0002247517550131306
22, 0, 13, 747, 603, -0.002005942864343524
22, 0, 14, 794, 610, -0.0025742119178175926
22, 0, 15, 786, 613, -0.0014067413285374641
22, 0, 16, 771, 610, -0.0012710326118394732
22, 0, 17, 750, 619, -0.007523706648498774
22, 0, 18, 789, 625, -0.005589589010924101
22, 0, 19, 780, 630, -0.00298290909267962
22, 0, 20, 764, 630, -0.0016367996577173471
22, 1, 0, 0, 0, 0.0
22, 1, 1, 0, 0, 0.0
22, 1, 2, 0, 0, 0.0
22, 1, 3, 0, 0, 0.0
22, 1, 4, 0, 0, 0.0
22, 1, 5, 0, 0, 0.0
22, 1, 6, 0, 0, 0.0
22, 1, 7, 0, 0, 0.0
22, 1, 8, 0, 0, 0.0
22, 1, 9, 0, 0, 0.0
22, 1, 10, 0, 0, 0.0
22, 1, 11, 0, 0, 0.0
22, 1, 12, 0, 0, 0.0
22, 1, 13, 0, 0, 0.0
22, 1, 14, 0, 0, 0.0
22, 1, 15, 0, 0, 0.0
22, 1, 16, 0, 0, 0.0
22, 1, 17, 0, 0, 0.0
22, 1, 18, 0, 0, 0.0
22, 1, 19, 0, 0, 0.0
22, 1, 20, 0, 0, 0.0
23, 0, 0, 712, 600, 3.054917740996643e-08
23, 0, 1, 770, 573, 0.0014408030547201633
23, 0, 2, 801, 538, -0.0043381922878324986
23, 0, 3, 831, 517, -0.012651409022510052
23, 0, 4, 857, 501, -0.020756306126713753
23, 0, 5, 760, 469, -0.006588426418602467
23, 0, 6, 807, 438, -0.016860350966453552
23, 0, 7, 839, 419, -0.0227931160479784
23, 0, 8, 863, 405, -0.026735682040452957
23, 0, 9, 748, 478, -0.014129779301583767
23, 0, 10, 825, 487, -0.02730735018849373
23, 0, 11, 821, 520, -0.027336079627275467
23, 0, 12, 804, 528, -0.02520645409822464
23, 0, 13, 745, 501, -0.021949324756860733
23, 0, 14, 818, 517, -0.03315473347902298
23, 0, 15, 808, 542, -0.027314763516187668
23, 0, 16, 789, 545, -0.021644921973347664
23, 0, 17, 748, 530, -0.030048079788684845
23, 0, 18, 805, 541, -0.034898072481155396
23, 0, 19, 799, 559, -0.029411308467388153
23, 0, 20, 782, 562, -0.024749936535954475
23, 1, 0, 689, 649, 5.364767119431235e-08
23, 1, 1, 736, 614, 0.006926162168383598
23, 1, 2, 766, 582, 0.009108386002480984
23, 1, 3, 788, 558, 0.008298457600176334
23, 1, 4, 805, 540, 0.008519059047102928
23, 1, 5, 740, 534, 0.01641715131700039
23, 1, 6, 782, 531, 0.01342572458088398
23, 1, 7, 782, 536, 0.008927291259169579
23, 1, 8, 774, 531, 0.0059966156259179115
23, 1, 9, 739, 535, 0.010745963081717491
23, 1, 10, 792, 536, 0.008716360665857792
23, 1, 11, 788, 541, 0.006392930634319782
23, 1, 12, 777, 540, 0.004760142881423235
23, 1, 13, 742, 542, 0.004183519631624222
23, 1, 14, 793, 548, 0.003755066078156233
23, 1, 15, 785, 554, 0.004645214416086674
23, 1, 16, 769, 553, 0.004867520648986101
23, 1, 17, 747, 554, -0.002506399527192116
23, 1, 18, 788, 559, -3.0952327279010206e-07
23, 1, 19, 780, 565, 0.0024681577924638987
23, 1, 20, 764, 564, 0.003672328544780612
24, 0, 0, 701, 603, 7.087324060961464e-09
24, 0, 1, 750, 564, 0.0069379014894366264
24, 0, 2, 781, 532, 0.008562984876334667
24, 0, 3, 801, 509, 0.006996859796345234
24, 0, 4, 819, 490, 0.006388074718415737
24, 0, 5, 749, 486, 0.016545558348298073
24, 0, 6, 789, 488, 0.012800208292901516
24, 0, 7, 783, 500, 0.006940552033483982
24, 0, 8, 771, 500, 0.0029329536482691765
24, 0, 9, 744, 485, 0.010668929666280746
24, 0, 10, 794, 490, 0.008270099759101868
24, 0, 11, 787, 500, 0.005048658698797226
24, 0, 12, 773, 502, 0.002729886444285512
24, 0, 13, 744, 492, 0.003922298084944487
24, 0, 14, 793, 499, 0.003162754699587822
24, 0, 15, 784, 509, 0.0042013004422187805
24, 0, 16, 768, 511, 0.004490854684263468
24, 0, 17, 748, 503, -0.003023156663402915
24, 0, 18, 792, 508, -0.0014672507531940937
24, 0, 19, 785, 518, 0.0010805665515363216
24, 0, 20, 771, 520, 0.0026013462338596582
24, 1, 0, 0, 0, 0.0
24, 1, 1, 0, 0, 0.0
24, 1, 2, 0, 0, 0.0
24, 1, 3, 0, 0, 0.0
24, 1, 4, 0, 0, 0.0
24, 1, 5, 0, 0, 0.0
24, 1, 6, 0, 0, 0.0
24, 1, 7, 0, 0, 0.0
24, 1, 8, 0, 0, 0.0
24, 1, 9, 0, 0, 0.0
24, 1, 10, 0, 0, 0.0
24, 1, 11, 0, 0, 0.0
24, 1, 12, 0, 0, 0.0
24, 1, 13, 0, 0, 0.0
24, 1, 14, 0, 0, 0.0
24, 1, 15, 0, 0, 0.0
24, 1, 16, 0, 0, 0.0
24, 1, 17, 0, 0, 0.0
24, 1, 18, 0, 0, 0.0
24, 1, 19, 0, 0, 0.0
24, 1, 20, 0, 0, 0.0
25, 0, 0, 737, 529, 4.247097962206681e-08
25, 0, 1, 794, 512, 0.00040951083065010607
25, 0, 2, 822, 480, -0.0041175829246640205
25, 0, 3, 848, 457, -0.01115122064948082
25, 0, 4, 871, 437, -0.017810454592108727
25, 0, 5, 783, 406, -0.001857544295489788
25, 0, 6, 825, 377, -0.01110682263970375
25, 0, 7, 853, 356, -0.016191307455301285
25, 0, 8, 874, 338, -0.019762232899665833
25, 0, 9, 769, 407, -0.008292394690215588
25, 0, 10, 844, 415, -0.02162167802453041
25, 0, 11, 839, 452, -0.02220366895198822
25, 0, 12, 822, 462, -0.019737625494599342
25, 0, 13, 764, 422, -0.015425407327711582
25, 0, 14, 835, 440, -0.02750750631093979
25, 0, 15, 825, 469, -0.02279050089418888
25, 0, 16, 807, 473, -0.017273658886551857
25, 0, 17, 766, 443, -0.02292090281844139
25, 0, 18, 820, 460, -0.029214095324277878
25, 0, 19, 813, 482, -0.025260960683226585
25, 0, 20, 796, 484, -0.021282315254211426
25, 1, 0, 719, 568, -1.4015757443530674e-08
25, 1, 1, 772, 531, 0.0064959414303302765
25, 1, 2, 803, 495, 0.007607948500663042
25, 1, 3, 827, 470, 0.00583247235044837
25, 1, 4, 850, 449, 0.0051669650711119175
25, 1, 5, 765, 446, 0.015108292922377586
25, 1, 6, 813, 453, 0.010609162040054798
25, 1, 7, 808, 472, 0.0045484574511647224
25, 1, 8, 791, 473, 0.0004377762379590422
25, 1, 9, 757, 444, 0.009392015635967255
25, 1, 10, 815, 454, 0.00598159059882164
25, 1, 11, 808, 470, 0.002725930418819189
25, 1, 12, 790, 472, 0.0006535403663292527
25, 1, 13, 754, 449, 0.0028737871907651424
25, 1, 14, 810, 462, 0.0009934779955074191
25, 1, 15, 801, 479, 0.002260653069242835
25, 1, 16, 783, 481, 0.00310735241509974
25, 1, 17, 756, 461, -0.003761082887649536
25, 1, 18, 803, 470, -0.003152684774249792
25, 1, 19, 798, 484, -0.0006436179974116385
25, 1, 20, 783, 486, 0.0011584896128624678
26, 0, 0, 736, 541, -1.1703432889476062e-08
26, 0, 1, 792, 507, 0.001751990639604628
26, 0, 2, 824, 471, 0.0007903776131570339
26, 0, 3, 847, 449, -0.002143695717677474
26, 0, 4, 871, 425, -0.003497537225484848
26, 0, 5, 781, 411, 0.010688161477446556
26, 0, 6, 836, 415, 0.003127165837213397
26, 0, 7, 831, 440, -0.0035633824300020933
26, 0, 8, 815, 449, -0.0073683373630046844
26, 0, 9, 771, 407, 0.006597467698156834
26, 0, 10, 836, 419, 0.0005983071168884635
26, 0, 11, 827, 444, -0.0024065745528787374
26, 0, 12, 810, 448, -0.003547455184161663
26, 0, 13, 765, 415, 0.0011057943338528275
26, 0, 14, 828, 431, -0.003624378703534603
26, 0, 15, 815, 454, -0.002004137961193919
26, 0, 16, 797, 456, -8.854202314978465e-05
26, 0, 17, 764, 430, -0.004777662456035614
26, 0, 18, 814, 442, -0.006248074118047953
26, 0, 19, 806, 459, -0.0037425346672534943
26, 0, 20, 790, 459, -0.0013602180406451225
26, 1, 0, 0, 0, 0.0
26, 1, 1, 0, 0, 0.0
26, 1, 2, 0, 0, 0.0
26, 1, 3, 0, 0, 0.0
26, 1, 4, 0, 0, 0.0
26, 1, 5, 0, 0, 0.0
26, 1, 6, 0, 0, 0.0
26, 1, 7, 0, 0, 0.0
26, 1, 8, 0, 0, 0.0
26, 1, 9, 0, 0, 0.0
26, 1, 10, 0, 0, 0.0
26, 1, 11, 0, 0, 0.0
26, 1, 12, 0, 0, 0.0
26, 1, 13, 0, 0, 0.0
26, 1, 14, 0, 0, 0.0
26, 1, 15, 0, 0, 0.0
26, 1, 16, 0, 0, 0.0
26, 1, 17, 0, 0, 0.0
26, 1, 18, 0, 0, 0.0
26, 1, 19, 0, 0, 0.0
26, 1, 20, 0, 0, 0.0
27, 0, 0, 751, 518, 1.1307334091270604e-07
27, 0, 1, 806, 491, 0.0019008443923667073
27, 0, 2, 837, 457, 2.1004752852604724e-05
27, 0, 3, 861, 433, -0.004477671347558498
27, 0, 4, 886, 409, -0.008556737564504147
27, 0, 5, 799, 389, 0.009195846505463123
27, 0, 6, 833, 371, 0.0020585262682288885
27, 0, 7, 856, 351, -0.0036246965173631907
27, 0, 8, 872, 330, -0.007967797107994556
27, 0, 9, 786, 384, 0.0025018153246492147
27, 0, 10, 855, 386, -0.01037865225225687
27, 0, 11, 850, 425, -0.013466141186654568
27, 0, 12, 832, 439, -0.01156234834343195
27, 0, 13, 780, 391, -0.005223501939326525
27, 0, 14, 845, 407, -0.017084039747714996
27, 0, 15, 834, 441, -0.01389375701546669
27, 0, 16, 815, 446, -0.008088074624538422
27, 0, 17, 776, 407, -0.013210239820182323
27, 0, 18, 827, 422, -0.01921861059963703
27, 0, 19, 820, 445, -0.015417813323438168
27, 0, 20, 802, 448, -0.010629863478243351
27, 1, 0, 0, 0, 0.0
27, 1, 1, 0, 0, 0.0
27, 1, 2, 0, 0, 0.0
27, 1, 3, 0, 0, 0.0
27, 1, 4, 0, 0, 0.0
27, 1, 5, 0, 0, 0.0
27, 1, 6, 0, 0, 0.0
27, 1, 7, 0, 0, 0.0
27, 1, 8, 0, 0, 0.0
27, 1, 9, 0, 0, 0.0
27, 1, 10, 0, 0, 0.0
27, 1, 11, 0, 0, 0.0
27, 1, 12, 0, 0, 0.0
27, 1, 13, 0, 0, 0.0
27, 1, 14, 0, 0, 0.0
27, 1, 15, 0, 0, 0.0
27, 1, 16, 0, 0, 0.0
27, 1, 17, 0, 0, 0.0
27, 1, 18, 0, 0, 0.0
27, 1, 19, 0, 0, 0.0
27, 1, 20, 0, 0, 0.0
28, 0, 0, 760, 504, 6.04386016789249e-08
28, 0, 1, 811, 485, 0.0008641555905342102
28, 0, 2, 843, 452, -0.002241886453703046
28, 0, 3, 868, 428, -0.00798280630260706
28, 0, 4, 891, 407, -0.013435117900371552
28, 0, 5, 811, 380, 0.004009053111076355
28, 0, 6, 850, 354, -0.004042178392410278
28, 0, 7, 877, 336, -0.008808034472167492
28, 0, 8, 897, 319, -0.011988194659352303
28, 0, 9, 795, 376, -0.002156364032998681
28, 0, 10, 863, 380, -0.015889262780547142
28, 0, 11, 856, 419, -0.018342195078730583
28, 0, 12, 836, 432, -0.016296956688165665
28, 0, 13, 786, 383, -0.009153368882834911
28, 0, 14, 851, 401, -0.022343743592500687
28, 0, 15, 838, 436, -0.019691964611411095
28, 0, 16, 817, 442, -0.014283792115747929
28, 0, 17, 781, 398, -0.016255825757980347
28, 0, 18, 831, 415, -0.02339530549943447
28, 0, 19, 824, 439, -0.02051571011543274
28, 0, 20, 806, 443, -0.016334258019924164
28, 1, 0, 0, 0, 0.0
28, 1, 1, 0, 0, 0.0
28, 1, 2, 0, 0, 0.0
28, 1, 3, 0, 0, 0.0
28, 1, 4, 0, 0, 0.0
28, 1, 5, 0, 0, 0.0
28, 1, 6, 0, 0, 0.0
28, 1, 7, 0, 0, 0.0
28, 1, 8, 0, 0, 0.0
28, 1, 9, 0, 0, 0.0
28, 1, 10, 0, 0, 0.0
28, 1, 11, 0, 0, 0.0
28, 1, 12, 0, 0, 0.0
28, 1, 13, 0, 0, 0.0
28, 1, 14, 0, 0, 0.0
28, 1, 15, 0, 0, 0.0
28, 1, 16, 0, 0, 0.0
28, 1, 17, 0, 0, 0.0
28, 1, 18, 0, 0, 0.0
28, 1, 19, 0, 0, 0.0
28, 1, 20, 0, 0, 0.0
29, 0, 0, 762, 503, 2.7977415939517414e-08
29, 0, 1, 814, 484, 0.0007352346437983215
29, 0, 2, 846, 451, -0.0024113121908158064
29, 0, 3, 871, 426, -0.008253534324467182
29, 0, 4, 897, 403, -0.013676388189196587
29, 0, 5, 815, 379, 0.004972497932612896
29, 0, 6, 854, 352, -0.002458446891978383
29, 0, 7, 881, 334, -0.006705970037728548
29, 0, 8, 901, 319, -0.009717442095279694
29, 0, 9, 801, 375, -0.0012681721709668636
29, 0, 10, 865, 376, -0.014671734534204006
29, 0, 11, 859, 415, -0.01681377738714218
29, 0, 12, 839, 429, -0.014671219512820244
29, 0, 13, 792, 382, -0.008495482616126537
29, 0, 14, 854, 396, -0.021437622606754303
29, 0, 15, 843, 430, -0.01864108070731163
29, 0, 16, 822, 438, -0.01333537045866251
29, 0, 17, 787, 397, -0.015871582552790642
29, 0, 18, 836, 410, -0.022913645952939987
29, 0, 19, 830, 434, -0.01998087763786316
29, 0, 20, 811, 439, -0.015958888456225395
29, 1, 0, 0, 0, 0.0
29, 1, 1, 0, 0, 0.0
29, 1, 2, 0, 0, 0.0
29, 1, 3, 0, 0, 0.0
29, 1, 4, 0, 0, 0.0
29, 1, 5, 0, 0, 0.0
29, 1, 6, 0, 0, 0.0
29, 1, 7, 0, 0, 0.0
29, 1, 8, 0, 0, 0.0
29, 1, 9, 0, 0, 0.0
29, 1, 10, 0, 0, 0.0
29, 1, 11, 0, 0, 0.0
29, 1, 12, 0, 0, 0.0
29, 1, 13, 0, 0, 0.0
29, 1, 14, 0, 0, 0.0
29, 1, 15, 0, 0, 0.0
29, 1, 16, 0, 0, 0.0
29, 1, 17, 0, 0, 0.0
29, 1, 18, 0, 0, 0.0
29, 1, 19, 0, 0, 0.0
29, 1, 20, 0, 0, 0.0
30, 0, 0, 765, 503, 2.83426526692665e-08
30, 0, 1, 818, 482, 0.0011781397042796016
30, 0, 2, 850, 450, -0.001995774684473872
30, 0, 3, 876, 426, -0.008053543977439404
30, 0, 4, 901, 401, -0.013705885037779808
30, 0, 5, 819, 378, 0.0056784083135426044
30, 0, 6, 858, 352, -0.0016145873814821243
30, 0, 7, 885, 334, -0.005653745494782925
30, 0, 8, 904, 319, -0.00848210696130991
30, 0, 9, 804, 374, -0.0009046373888850212
30, 0, 10, 870, 374, -0.014240583404898643
30, 0, 11, 863, 413, -0.016267968341708183
30, 0, 12, 842, 426, -0.013919435441493988
30, 0, 13, 795, 381, -0.008465004153549671
30, 0, 14, 858, 394, -0.02133096009492874
30, 0, 15, 847, 428, -0.01836792752146721
30, 0, 16, 825, 435, -0.012866000644862652
30, 0, 17, 790, 396, -0.016134416684508324
30, 0, 18, 840, 407, -0.022965215146541595
30, 0, 19, 833, 432, -0.019727928563952446
30, 0, 20, 815, 437, -0.015463967807590961
30, 1, 0, 0, 0, 0.0
30, 1, 1, 0, 0, 0.0
30, 1, 2, 0, 0, 0.0
30, 1, 3, 0, 0, 0.0
30, 1, 4, 0, 0, 0.0
30, 1, 5, 0, 0, 0.0
30, 1, 6, 0, 0, 0.0
30, 1, 7, 0, 0, 0.0
30, 1, 8, 0, 0, 0.0
30, 1, 9, 0, 0, 0.0
30, 1, 10, 0, 0, 0.0
30, 1, 11, 0, 0, 0.0
30, 1, 12, 0, 0, 0.0
30, 1, 13, 0, 0, 0.0
30, 1, 14, 0, 0, 0.0
30, 1, 15, 0, 0, 0.0
30, 1, 16, 0, 0, 0.0
30, 1, 17, 0, 0, 0.0
30, 1, 18, 0, 0, 0.0
30, 1, 19, 0, 0, 0.0
30, 1, 20, 0, 0, 0.0
31, 0, 0, 768, 502, 2.6047599632761376e-08
31, 0, 1, 821, 482, 0.0011689186794683337
31, 0, 2, 853, 449, -0.0021021845750510693
31, 0, 3, 879, 426, -0.008233297616243362
31, 0, 4, 904, 401, -0.013920007273554802
31, 0, 5, 822, 377, 0.0053986129350960255
31, 0, 6, 861, 350, -0.001898287795484066
31, 0, 7, 887, 333, -0.006124649662524462
31, 0, 8, 907, 317, -0.009129174053668976
31, 0, 9, 806, 373, -0.0011675546411424875
31, 0, 10, 873, 375, -0.014256158843636513
31, 0, 11, 866, 413, -0.01654808595776558
31, 0, 12, 845, 425, -0.014633466489613056
31, 0, 13, 798, 380, -0.008648336865007877
31, 0, 14, 861, 394, -0.02125607803463936
31, 0, 15, 850, 428, -0.01837858371436596
31, 0, 16, 829, 434, -0.013121713884174824
31, 0, 17, 793, 395, -0.016243575140833855
31, 0, 18, 842, 407, -0.02294868603348732
31, 0, 19, 837, 431, -0.019684143364429474
31, 0, 20, 818, 435, -0.015465162694454193
31, 1, 0, 0, 0, 0.0
31, 1, 1, 0, 0, 0.0
31, 1, 2, 0, 0, 0.0
31, 1, 3, 0, 0, 0.0
31, 1, 4, 0, 0, 0.0
31, 1, 5, 0, 0, 0.0
31, 1, 6, 0, 0, 0.0
31, 1, 7, 0, 0, 0.0
31, 1, 8, 0, 0, 0.0
31, 1, 9, 0, 0, 0.0
31, 1, 10, 0, 0, 0.0
31, 1, 11, 0, 0, 0.0
31, 1, 12, 0, 0, 0.0
31, 1, 13, 0, 0, 0.0
31, 1, 14, 0, 0, 0.0
31, 1, 15, 0, 0, 0.0
31, 1, 16, 0, 0, 0.0
31, 1, 17, 0, 0, 0.0
31, 1, 18, 0, 0, 0.0
31, 1, 19, 0, 0, 0.0
31, 1, 20, 0, 0, 0.0
32, 0, 0, 770, 501, 2.1872459399219224e-08
32, 0, 1, 823, 481, 0.0010182844707742333
32, 0, 2, 856, 449, -0.002173016779124737
32, 0, 3, 881, 425, -0.008225114084780216
32, 0, 4, 907, 400, -0.013851882889866829
32, 0, 5, 824, 376, 0.005498072132468224
32, 0, 6, 863, 350, -0.0018546243663877249
32, 0, 7, 889, 332, -0.005986252799630165
32, 0, 8, 909, 317, -0.00889500416815281
32, 0, 9, 809, 372, -0.0009762494009919465
32, 0, 10, 875, 375, -0.014242722652852535
32, 0, 11, 868, 413, -0.016457688063383102
32, 0, 12, 847, 425, -0.014425232075154781
32, 0, 13, 800, 379, -0.008412595838308334
32, 0, 14, 864, 393, -0.021318893879652023
32, 0, 15, 852, 428, -0.018443740904331207
32, 0, 16, 831, 435, -0.013095897622406483
32, 0, 17, 796, 394, -0.01597050577402115
32, 0, 18, 846, 406, -0.02284845896065235
32, 0, 19, 839, 431, -0.01964162290096283
32, 0, 20, 820, 436, -0.015426639467477798
32, 1, 0, 0, 0, 0.0
32, 1, 1, 0, 0, 0.0
32, 1, 2, 0, 0, 0.0
32, 1, 3, 0, 0, 0.0
32, 1, 4, 0, 0, 0.0
32, 1, 5, 0, 0, 0.0
32, 1, 6, 0, 0, 0.0
32, 1, 7, 0, 0, 0.0
32, 1, 8, 0, 0, 0.0
32, 1, 9, 0, 0, 0.0
32, 1, 10, 0, 0, 0.0
32, 1, 11, 0, 0, 0.0
32, 1, 12, 0, 0, 0.0
32, 1, 13, 0, 0, 0.0
32, 1, 14, 0, 0, 0.0
32, 1, 15, 0, 0, 0.0
32, 1, 16, 0, 0, 0.0
32, 1, 17, 0, 0, 0.0
32, 1, 18, 0, 0, 0.0
32, 1, 19, 0, 0, 0.0
32, 1, 20, 0, 0, 0.0
33, 0, 0, 771, 500, 2.04356247479609e-08
33, 0, 1, 824, 480, 0.0012448873603716493
33, 0, 2, 857, 448, -0.0018594530411064625
33, 0, 3, 882, 425, -0.007892509922385216
33, 0, 4, 907, 400, -0.013521394692361355
33, 0, 5, 826, 375, 0.005730964709073305
33, 0, 6, 865, 349, -0.001567864092066884
33, 0, 7, 891, 331, -0.005751205142587423
33, 0, 8, 910, 315, -0.008757039904594421
33, 0, 9, 811, 371, -0.0009244387620128691
33, 0, 10, 876, 375, -0.014295383356511593
33, 0, 11, 869, 413, -0.016683567315340042
33, 0, 12, 848, 426, -0.014756977558135986
33, 0, 13, 802, 378, -0.008505272679030895
33, 0, 14, 866, 393, -0.021464072167873383
33, 0, 15, 854, 428, -0.018596040084958076
33, 0, 16, 832, 435, -0.013212710618972778
33, 0, 17, 798, 393, -0.01619456335902214
33, 0, 18, 848, 406, -0.02305038459599018
33, 0, 19, 842, 431, -0.019795792177319527
33, 0, 20, 823, 436, -0.01552773267030716
33, 1, 0, 0, 0, 0.0
33, 1, 1, 0, 0, 0.0
33, 1, 2, 0, 0, 0.0
33, 1, 3, 0, 0, 0.0
33, 1, 4, 0, 0, 0.0
33, 1, 5, 0, 0, 0.0
33, 1, 6, 0, 0, 0.0
33, 1, 7, 0, 0, 0.0
33, 1, 8, 0, 0, 0.0
33, 1, 9, 0, 0, 0.0
33, 1, 10, 0, 0, 0.0
33, 1, 11, 0, 0, 0.0
33, 1, 12, 0, 0, 0.0
33, 1, 13, 0, 0, 0.0
33, 1, 14, 0, 0, 0.0
33, 1, 15, 0, 0, 0.0
33, 1, 16, 0, 0, 0.0
33, 1, 17, 0, 0, 0.0
33, 1, 18, 0, 0, 0.0
33, 1, 19, 0, 0, 0.0
33, 1, 20, 0, 0, 0.0
34, 0, 0, 770, 497, 2.1582785336704546e-08
34, 0, 1, 825, 475, 0.0021385939326137304
34, 0, 2, 856, 444, -0.0009339749813079834
34, 0, 3, 882, 421, -0.007069108076393604
34, 0, 4, 907, 397, -0.012766129337251186
34, 0, 5, 821, 371, 0.005585577804595232
34, 0, 6, 863, 345, -0.001732662902213633
34, 0, 7, 890, 328, -0.006203231867402792
34, 0, 8, 909, 314, -0.009510648436844349
34, 0, 9, 808, 368, -0.00145811028778553
34, 0, 10, 878, 374, -0.014409390278160572
34, 0, 11, 870, 411, -0.01673406921327114
34, 0, 12, 849, 422, -0.015197018161416054
34, 0, 13, 803, 377, -0.009308677166700363
34, 0, 14, 868, 393, -0.021080773323774338
34, 0, 15, 857, 426, -0.017904002219438553
34, 0, 16, 836, 433, -0.0129587072879076
34, 0, 17, 802, 394, -0.017325855791568756
34, 0, 18, 852, 408, -0.023250386118888855
34, 0, 19, 845, 432, -0.01998709887266159
34, 0, 20, 827, 437, -0.016143787652254105
34, 1, 0, 0, 0, 0.0
34, 1, 1, 0, 0, 0.0
34, 1, 2, 0, 0, 0.0
34, 1, 3, 0, 0, 0.0
34, 1, 4, 0, 0, 0.0
34, 1, 5, 0, 0, 0.0
34, 1, 6, 0, 0, 0.0
34, 1, 7, 0, 0, 0.0
34, 1, 8, 0, 0, 0.0
34, 1, 9, 0, 0, 0.0
34, 1, 10, 0, 0, 0.0
34, 1, 11, 0, 0, 0.0
34, 1, 12, 0, 0, 0.0
34, 1, 13, 0, 0, 0.0
34, 1, 14, 0, 0, 0.0
34, 1, 15, 0, 0, 0.0
34, 1, 16, 0, 0, 0.0
34, 1, 17, 0, 0, 0.0
34, 1, 18, 0, 0, 0.0
34, 1, 19, 0, 0, 0.0
34, 1, 20, 0, 0, 0.0
35, 0, 0, 764, 489, 2.2575603608743222e-08
35, 0, 1, 823, 467, 0.0016080158529803157
35, 0, 2, 854, 436, -0.0015420705312862992
35, 0, 3, 880, 415, -0.007252221927046776
35, 0, 4, 905, 395, -0.012296606786549091
35, 0, 5, 814, 364, 0.0026737942826002836
35, 0, 6, 862, 338, -0.003544530598446727
35, 0, 7, 889, 324, -0.007664750795811415
35, 0, 8, 910, 311, -0.011035521514713764
35, 0, 9, 806, 364, -0.0035417526960372925
35, 0, 10, 880, 375, -0.014312137849628925
35, 0, 11, 873, 405, -0.016697444021701813
35, 0, 12, 854, 413, -0.01633908785879612
35, 0, 13, 808, 378, -0.010171763598918915
35, 0, 14, 877, 398, -0.01888798549771309
35, 0, 15, 864, 425, -0.016448767855763435
35, 0, 16, 846, 428, -0.013341938145458698
35, 0, 17, 815, 398, -0.01711256615817547
35, 0, 18, 866, 419, -0.02052065171301365
35, 0, 19, 857, 438, -0.017967283725738525
35, 0, 20, 842, 440, -0.01553525123745203
35, 1, 0, 0, 0, 0.0
35, 1, 1, 0, 0, 0.0
35, 1, 2, 0, 0, 0.0
35, 1, 3, 0, 0, 0.0
35, 1, 4, 0, 0, 0.0
35, 1, 5, 0, 0, 0.0
35, 1, 6, 0, 0, 0.0
35, 1, 7, 0, 0, 0.0
35, 1, 8, 0, 0, 0.0
35, 1, 9, 0, 0, 0.0
35, 1, 10, 0, 0, 0.0
35, 1, 11, 0, 0, 0.0
35, 1, 12, 0, 0, 0.0
35, 1, 13, 0, 0, 0.0
35, 1, 14, 0, 0, 0.0
35, 1, 15, 0, 0, 0.0
35, 1, 16, 0, 0, 0.0
35, 1, 17, 0, 0, 0.0
35, 1, 18, 0, 0, 0.0
35, 1, 19, 0, 0, 0.0
35, 1, 20, 0, 0, 0.0
36, 0, 0, 753, 486, 3.885046595542008e-08
36, 0, 1, 774, 440, 0.0031584915705025196
36, 0, 2, 819, 405, 0.00022315872774925083
36, 0, 3, 869, 398, -0.005036299116909504
36, 0, 4, 905, 402, -0.010096400044858456
36, 0, 5, 811, 356, 0.001562013989314437
36, 0, 6, 866, 332, -0.0024240927305072546
36, 0, 7, 894, 320, -0.005523947067558765
36, 0, 8, 917, 309, -0.008597562089562416
36, 0, 9, 818, 367, -0.005116993095725775
36, 0, 10, 889, 386, -0.011330287903547287
36, 0, 11, 877, 409, -0.013327679596841335
36, 0, 12, 857, 410, -0.014279401861131191
36, 0, 13, 827, 390, -0.011624312028288841
36, 0, 14, 889, 414, -0.015542140230536461
36, 0, 15, 870, 431, -0.013471076264977455
36, 0, 16, 849, 427, -0.012340397574007511
36, 0, 17, 837, 417, -0.01837017387151718
36, 0, 18, 882, 439, -0.017930226400494576
36, 0, 19, 865, 454, -0.014304245822131634
36, 0, 20, 847, 451, -0.01210750825703144
36, 1, 0, 0, 0, 0.0
36, 1, 1, 0, 0, 0.0
36, 1, 2, 0, 0, 0.0
36, 1, 3, 0, 0, 0.0
36, 1, 4, 0, 0, 0.0
36, 1, 5, 0, 0, 0.0
36, 1, 6, 0, 0, 0.0
36, 1, 7, 0, 0, 0.0
36, 1, 8, 0, 0, 0.0
36, 1, 9, 0, 0, 0.0
36, 1, 10, 0, 0, 0.0
36, 1, 11, 0, 0, 0.0
36, 1, 12, 0, 0, 0.0
36, 1, 13, 0, 0, 0.0
36, 1, 14, 0, 0, 0.0
36, 1, 15, 0, 0, 0.0
36, 1, 16, 0, 0, 0.0
36, 1, 17, 0, 0, 0.0
36, 1, 18, 0, 0, 0.0
36, 1, 19, 0, 0, 0.0
36, 1, 20, 0, 0, 0.0
37, 0, 0, 750, 487, 5.020158511115369e-09
37, 0, 1, 764, 434, 0.0063010938465595245
37, 0, 2, 801, 392, 0.005786505062133074
37, 0, 3, 841, 382, 0.002744038589298725
37, 0, 4, 872, 387, -0.0002690088003873825
37, 0, 5, 812, 355, 0.0018194640288129449
37, 0, 6, 865, 330, -0.00021049423958174884
37, 0, 7, 893, 317, -0.0009934102417901158
37, 0, 8, 914, 308, -0.0022219561506062746
37, 0, 9, 824, 368, -0.00509982742369175
37, 0, 10, 890, 387, -0.008610845543444157
37, 0, 11, 878, 408, -0.008458697237074375
37, 0, 12, 860, 410, -0.00793113000690937
37, 0, 13, 837, 393, -0.011273563839495182
37, 0, 14, 889, 417, -0.011928103864192963
37, 0, 15, 872, 433, -0.008399595506489277
37, 0, 16, 854, 430, -0.0067439875565469265
37, 0, 17, 847, 421, -0.01744731329381466
37, 0, 18, 885, 442, -0.014289011247456074
37, 0, 19, 869, 455, -0.009440339170396328
37, 0, 20, 852, 453, -0.006499005015939474
37, 1, 0, 0, 0, 0.0
37, 1, 1, 0, 0, 0.0
37, 1, 2, 0, 0, 0.0
37, 1, 3, 0, 0, 0.0
37, 1, 4, 0, 0, 0.0
37, 1, 5, 0, 0, 0.0
37, 1, 6, 0, 0, 0.0
37, 1, 7, 0, 0, 0.0
37, 1, 8, 0, 0, 0.0
37, 1, 9, 0, 0, 0.0
37, 1, 10, 0, 0, 0.0
37, 1, 11, 0, 0, 0.0
37, 1, 12, 0, 0, 0.0
37, 1, 13, 0, 0, 0.0
37, 1, 14, 0, 0, 0.0
37, 1, 15, 0, 0, 0.0
37, 1, 16, 0, 0, 0.0
37, 1, 17, 0, 0, 0.0
37, 1, 18, 0, 0, 0.0
37, 1, 19, 0, 0, 0.0
37, 1, 20, 0, 0, 0.0
38, 0, 0, 756, 488, 1.0981542786225873e-08
38, 0, 1, 766, 432, 0.007194169331341982
38, 0, 2, 799, 388, 0.006802489049732685
38, 0, 3, 837, 375, 0.003686588490381837
38, 0, 4, 868, 379, 0.0005887307343073189
38, 0, 5, 808, 353, 0.0019964652601629496
38, 0, 6, 864, 327, -0.0002497898240108043
38, 0, 7, 893, 315, -0.0006013542879372835
38, 0, 8, 914, 308, -0.0012700955849140882
38, 0, 9, 821, 364, -0.005122361704707146
38, 0, 10, 887, 381, -0.00903216004371643
38, 0, 11, 875, 403, -0.008289335295557976
38, 0, 12, 857, 405, -0.006974958814680576
38, 0, 13, 834, 387, -0.011395980603992939
38, 0, 14, 889, 409, -0.012415713630616665
38, 0, 15, 873, 427, -0.008104450069367886
38, 0, 16, 855, 426, -0.005546295549720526
38, 0, 17, 845, 415, -0.01753081940114498
38, 0, 18, 885, 434, -0.014369351789355278
38, 0, 19, 870, 448, -0.008945118635892868
38, 0, 20, 853, 447, -0.005353088490664959
38, 1, 0, 0, 0, 0.0
38, 1, 1, 0, 0, 0.0
38, 1, 2, 0, 0, 0.0
38, 1, 3, 0, 0, 0.0
38, 1, 4, 0, 0, 0.0
38, 1, 5, 0, 0, 0.0
38, 1, 6, 0, 0, 0.0
38, 1, 7, 0, 0, 0.0
38, 1, 8, 0, 0, 0.0
38, 1, 9, 0, 0, 0.0
38, 1, 10, 0, 0, 0.0
38, 1, 11, 0, 0, 0.0
38, 1, 12, 0, 0, 0.0
38, 1, 13, 0, 0, 0.0
38, 1, 14, 0, 0, 0.0
38, 1, 15, 0, 0, 0.0
38, 1, 16, 0, 0, 0.0
38, 1, 17, 0, 0, 0.0
38, 1, 18, 0, 0, 0.0
38, 1, 19, 0, 0, 0.0
38, 1, 20, 0, 0, 0.0
39, 0, 0, 760, 489, 2.4233282047703142e-08
39, 0, 1, 778, 437, 0.005316522903740406
39, 0, 2, 816, 398, 0.0026280409656465054
39, 0, 3, 863, 387, -0.0028948881663382053
39, 0, 4, 902, 390, -0.008078553713858128
39, 0, 5, 806, 353, 0.0014989090850576758
39, 0, 6, 861, 329, -0.0023926871363073587
39, 0, 7, 890, 317, -0.004250912461429834
39, 0, 8, 912, 308, -0.0060274978168308735
39, 0, 9, 814, 363, -0.005904041230678558
39, 0, 10, 887, 374, -0.012265895493328571
39, 0, 11, 877, 399, -0.012776363641023636
39, 0, 12, 858, 404, -0.012021626345813274
39, 0, 13, 825, 383, -0.012844420969486237
39, 0, 14, 890, 401, -0.01619124226272106
39, 0, 15, 873, 421, -0.012078560888767242
39, 0, 16, 853, 422, -0.009095757268369198
39, 0, 17, 837, 408, -0.019856015220284462
39, 0, 18, 885, 425, -0.01812860183417797
39, 0, 19, 872, 441, -0.013001223094761372
39, 0, 20, 855, 442, -0.009550759568810463
39, 1, 0, 0, 0, 0.0
39, 1, 1, 0, 0, 0.0
39, 1, 2, 0, 0, 0.0
39, 1, 3, 0, 0, 0.0
39, 1, 4, 0, 0, 0.0
39, 1, 5, 0, 0, 0.0
39, 1, 6, 0, 0, 0.0
39, 1, 7, 0, 0, 0.0
39, 1, 8, 0, 0, 0.0
39, 1, 9, 0, 0, 0.0
39, 1, 10, 0, 0, 0.0
39, 1, 11, 0, 0, 0.0
39, 1, 12, 0, 0, 0.0
39, 1, 13, 0, 0, 0.0
39, 1, 14, 0, 0, 0.0
39, 1, 15, 0, 0, 0.0
39, 1, 16, 0, 0, 0.0
39, 1, 17, 0, 0, 0.0
39, 1, 18, 0, 0, 0.0
39, 1, 19, 0, 0, 0.0
39, 1, 20, 0, 0, 0.0
40, 0, 0, 773, 491, 2.3695786666166896e-08
40, 0, 1, 835, 463, 0.002540789544582367
40, 0, 2, 862, 432, -0.0003246705746278167
40, 0, 3, 886, 409, -0.00633200304582715
40, 0, 4, 909, 386, -0.011585792526602745
40, 0, 5, 813, 358, 0.005336713045835495
40, 0, 6, 864, 338, -0.0012319621164351702
40, 0, 7, 891, 324, -0.005939092021435499
40, 0, 8, 912, 313, -0.009587216190993786
40, 0, 9, 808, 360, -0.0016273626824840903
40, 0, 10, 884, 369, -0.013745657168328762
40, 0, 11, 877, 400, -0.01702684722840786
40, 0, 12, 856, 411, -0.016592608764767647
40, 0, 13, 811, 374, -0.009094053879380226
40, 0, 14, 882, 390, -0.018886050209403038
40, 0, 15, 869, 417, -0.0164926927536726
40, 0, 16, 849, 425, -0.012620738707482815
40, 0, 17, 819, 394, -0.01681952178478241
40, 0, 18, 871, 411, -0.02062401734292507
40, 0, 19, 862, 431, -0.01759728416800499
40, 0, 20, 845, 436, -0.014455410651862621
40, 1, 0, 0, 0, 0.0
40, 1, 1, 0, 0, 0.0
40, 1, 2, 0, 0, 0.0
40, 1, 3, 0, 0, 0.0
40, 1, 4, 0, 0, 0.0
40, 1, 5, 0, 0, 0.0
40, 1, 6, 0, 0, 0.0
40, 1, 7, 0, 0, 0.0
40, 1, 8, 0, 0, 0.0
40, 1, 9, 0, 0, 0.0
40, 1, 10, 0, 0, 0.0
40, 1, 11, 0, 0, 0.0
40, 1, 12, 0, 0, 0.0
40, 1, 13, 0, 0, 0.0
40, 1, 14, 0, 0, 0.0
40, 1, 15, 0, 0, 0.0
40, 1, 16, 0, 0, 0.0
40, 1, 17, 0, 0, 0.0
40, 1, 18, 0, 0, 0.0
40, 1, 19, 0, 0, 0.0
40, 1, 20, 0, 0, 0.0
41, 0, 0, 777, 493, 6.77447875574444e-09
41, 0, 1, 834, 471, 0.002101586200296879
41, 0, 2, 864, 437, 0.00012268048885744065
41, 0, 3, 888, 413, -0.004951986018568277
41, 0, 4, 910, 391, -0.009761271998286247
41, 0, 5, 824, 367, 0.0065514384768903255
41, 0, 6, 867, 344, -0.0004635562654584646
41, 0, 7, 895, 330, -0.004993275739252567
41, 0, 8, 916, 316, -0.008366131223738194
41, 0, 9, 811, 365, -4.902016735286452e-05
41, 0, 10, 881, 368, -0.013382700271904469
41, 0, 11, 875, 404, -0.01642993651330471
41, 0, 12, 855, 417, -0.015186197124421597
41, 0, 13, 806, 374, -0.007468612864613533
41, 0, 14, 874, 385, -0.019763236865401268
41, 0, 15, 865, 419, -0.01747315749526024
41, 0, 16, 845, 428, -0.012731737457215786
41, 0, 17, 807, 390, -0.015011336654424667
41, 0, 18, 860, 401, -0.02134174481034279
41, 0, 19, 853, 424, -0.018790369853377342
41, 0, 20, 836, 430, -0.01530839130282402
41, 1, 0, 0, 0, 0.0
41, 1, 1, 0, 0, 0.0
41, 1, 2, 0, 0, 0.0
41, 1, 3, 0, 0, 0.0
41, 1, 4, 0, 0, 0.0
41, 1, 5, 0, 0, 0.0
41, 1, 6, 0, 0, 0.0
41, 1, 7, 0, 0, 0.0
41, 1, 8, 0, 0, 0.0
41, 1, 9, 0, 0, 0.0
41, 1, 10, 0, 0, 0.0
41, 1, 11, 0, 0, 0.0
41, 1, 12, 0, 0, 0.0
41, 1, 13, 0, 0, 0.0
41, 1, 14, 0, 0, 0.0
41, 1, 15, 0, 0, 0.0
41, 1, 16, 0, 0, 0.0
41, 1, 17, 0, 0, 0.0
41, 1, 18, 0, 0, 0.0
41, 1, 19, 0, 0, 0.0
41, 1, 20, 0, 0, 0.0
42, 0, 0, 775, 491, 3.86441989519426e-08
42, 0, 1, 832, 466, 0.0015648390399292111
42, 0, 2, 860, 433, -0.0011860124068334699
42, 0, 3, 884, 410, -0.00656700087711215
42, 0, 4, 908, 389, -0.011403011158108711
42, 0, 5, 814, 362, 0.00376581191085279
42, 0, 6, 863, 338, -0.002791892969980836
42, 0, 7, 891, 325, -0.00714525580406189
42, 0, 8, 913, 315, -0.01050907839089632
42, 0, 9, 806, 363, -0.002314666984602809
42, 0, 10, 881, 368, -0.01368798315525055
42, 0, 11, 877, 402, -0.015907268971204758
42, 0, 12, 857, 415, -0.015065841376781464
42, 0, 13, 807, 376, -0.009021267294883728
42, 0, 14, 878, 388, -0.01879308372735977
42, 0, 15, 868, 419, -0.015812857076525688
42, 0, 16, 850, 428, -0.011718460358679295
42, 0, 17, 812, 396, -0.01599818281829357
42, 0, 18, 866, 408, -0.020264023914933205
42, 0, 19, 860, 430, -0.017279140651226044
42, 0, 20, 845, 436, -0.014181607402861118
42, 1, 0, 0, 0, 0.0
42, 1, 1, 0, 0, 0.0
42, 1, 2, 0, 0, 0.0
42, 1, 3, 0, 0, 0.0
42, 1, 4, 0, 0, 0.0
42, 1, 5, 0, 0, 0.0
42, 1, 6, 0, 0, 0.0
42, 1, 7, 0, 0, 0.0
42, 1, 8, 0, 0, 0.0
42, 1, 9, 0, 0, 0.0
42, 1, 10, 0, 0, 0.0
42, 1, 11, 0, 0, 0.0
42, 1, 12, 0, 0, 0.0
42, 1, 13, 0, 0, 0.0
42, 1, 14, 0, 0, 0.0
42, 1, 15, 0, 0, 0.0
42, 1, 16, 0, 0, 0.0
42, 1, 17, 0, 0, 0.0
42, 1, 18, 0, 0, 0.0
42, 1, 19, 0, 0, 0.0
42, 1, 20, 0, 0, 0.0
43, 0, 0, 763, 486, 4.349167781469987e-08
43, 0, 1, 779, 440, 0.0032640877179801464
43, 0, 2, 817, 402, 0.00038891550502739847
43, 0, 3, 866, 391, -0.004803422372788191
43, 0, 4, 904, 391, -0.009916693903505802
43, 0, 5, 805, 355, 0.0010152059840038419
43, 0, 6, 862, 333, -0.0031040133908391
43, 0, 7, 891, 322, -0.006073271855711937
43, 0, 8, 915, 313, -0.008894464001059532
43, 0, 9, 813, 363, -0.0052748448215425014
43, 0, 10, 885, 379, -0.011218906380236149
43, 0, 11, 876, 404, -0.012755760923027992
43, 0, 12, 856, 408, -0.013444124720990658
43, 0, 13, 824, 384, -0.01137723308056593
43, 0, 14, 887, 405, -0.015099458396434784
43, 0, 15, 871, 426, -0.012765919789671898
43, 0, 16, 849, 426, -0.011365924030542374
43, 0, 17, 836, 409, -0.01770736277103424
43, 0, 18, 881, 430, -0.016928553581237793
43, 0, 19, 867, 446, -0.013342819176614285
43, 0, 20, 849, 447, -0.011142199859023094
43, 1, 0, 0, 0, 0.0
43, 1, 1, 0, 0, 0.0
43, 1, 2, 0, 0, 0.0
43, 1, 3, 0, 0, 0.0
43, 1, 4, 0, 0, 0.0
43, 1, 5, 0, 0, 0.0
43, 1, 6, 0, 0, 0.0
43, 1, 7, 0, 0, 0.0
43, 1, 8, 0, 0, 0.0
43, 1, 9, 0, 0, 0.0
43, 1, 10, 0, 0, 0.0
43, 1, 11, 0, 0, 0.0
43, 1, 12, 0, 0, 0.0
43, 1, 13, 0, 0, 0.0
43, 1, 14, 0, 0, 0.0
43, 1, 15, 0, 0, 0.0
43, 1, 16, 0, 0, 0.0
43, 1, 17, 0, 0, 0.0
43, 1, 18, 0, 0, 0.0
43, 1, 19, 0, 0, 0.0
43, 1, 20, 0, 0, 0.0
44, 0, 0, 759, 485, 7.135768420596378e-09
44, 0, 1, 769, 431, 0.004723104648292065
44, 0, 2, 804, 388, 0.0037561720237135887
44, 0, 3, 842, 376, 0.0006520165479741991
44, 0, 4, 873, 379, -0.0023749920073896646
44, 0, 5, 811, 354, -2.8587779524968937e-05
44, 0, 6, 864, 330, -0.003019181312993169
44, 0, 7, 891, 319, -0.00468561053276062
44, 0, 8, 913, 311, -0.006508259102702141
44, 0, 9, 826, 369, -0.006298253312706947
44, 0, 10, 889, 384, -0.011056270450353622
44, 0, 11, 877, 404, -0.011485341936349869
44, 0, 12, 858, 409, -0.01114015094935894
44, 0, 13, 841, 394, -0.011978845112025738
44, 0, 14, 889, 415, -0.013805057853460312
44, 0, 15, 873, 430, -0.010766340419650078
44, 0, 16, 855, 430, -0.009035086259245872
44, 0, 17, 853, 423, -0.0177591685205698
44, 0, 18, 887, 441, -0.015715831890702248
44, 0, 19, 872, 453, -0.011578715406358242
44, 0, 20, 857, 453, -0.00883270613849163
44, 1, 0, 0, 0, 0.0
44, 1, 1, 0, 0, 0.0
44, 1, 2, 0, 0, 0.0
44, 1, 3, 0, 0, 0.0
44, 1, 4, 0, 0, 0.0
44, 1, 5, 0, 0, 0.0
44, 1, 6, 0, 0, 0.0
44, 1, 7, 0, 0, 0.0
44, 1, 8, 0, 0, 0.0
44, 1, 9, 0, 0, 0.0
44, 1, 10, 0, 0, 0.0
44, 1, 11, 0, 0, 0.0
44, 1, 12, 0, 0, 0.0
44, 1, 13, 0, 0, 0.0
44, 1, 14, 0, 0, 0.0
44, 1, 15, 0, 0, 0.0
44, 1, 16, 0, 0, 0.0
44, 1, 17, 0, 0, 0.0
44, 1, 18, 0, 0, 0.0
44, 1, 19, 0, 0, 0.0
44, 1, 20, 0, 0, 0.0
45, 0, 0, 765, 487, -1.2677433325336551e-08
45, 0, 1, 771, 431, 0.0057936981320381165
45, 0, 2, 800, 390, 0.005929219536483288
45, 0, 3, 833, 380, 0.0040662214159965515
45, 0, 4, 861, 388, 0.0021304981783032417
45, 0, 5, 816, 359, 0.0005063841235823929
45, 0, 6, 866, 329, -0.0006727480795234442
45, 0, 7, 893, 318, -0.0008594911778345704
45, 0, 8, 913, 311, -0.0015066837659105659
45, 0, 9, 837, 378, -0.0049292356707155704
45, 0, 10, 885, 381, -0.006786394864320755
45, 0, 11, 874, 398, -0.005787342321127653
45, 0, 12, 856, 404, -0.004884619731456041
45, 0, 13, 855, 407, -0.009475677274167538
45, 0, 14, 886, 413, -0.008550272323191166
45, 0, 15, 873, 426, -0.004496892914175987
45, 0, 16, 857, 431, -0.0025390719529241323
45, 0, 17, 868, 436, -0.01395123079419136
45, 0, 18, 888, 440, -0.009788142517209053
45, 0, 19, 876, 451, -0.0041983528062701225
45, 0, 20, 861, 456, -0.0005583383608609438
45, 1, 0, 0, 0, 0.0
45, 1, 1, 0, 0, 0.0
45, 1, 2, 0, 0, 0.0
45, 1, 3, 0, 0, 0.0
45, 1, 4, 0, 0, 0.0
45, 1, 5, 0, 0, 0.0
45, 1, 6, 0, 0, 0.0
45, 1, 7, 0, 0, 0.0
45, 1, 8, 0, 0, 0.0
45, 1, 9, 0, 0, 0.0
45, 1, 10, 0, 0, 0.0
45, 1, 11, 0, 0, 0.0
45, 1, 12, 0, 0, 0.0
45, 1, 13, 0, 0, 0.0
45, 1, 14, 0, 0, 0.0
45, 1, 15, 0, 0, 0.0
45, 1, 16, 0, 0, 0.0
45, 1, 17, 0, 0, 0.0
45, 1, 18, 0, 0, 0.0
45, 1, 19, 0, 0, 0.0
45, 1, 20, 0, 0, 0.0
46, 0, 0, 767, 493, -1.8284461944517716e-08
46, 0, 1, 771, 437, 0.004747665952891111
46, 0, 2, 799, 395, 0.004435869865119457
46, 0, 3, 831, 385, 0.002259910339489579
46, 0, 4, 860, 397, 8.779878407949582e-05
46, 0, 5, 819, 364, 7.72325656726025e-05
46, 0, 6, 864, 331, -0.0018453688826411963
46, 0, 7, 890, 319, -0.002561380621045828
46, 0, 8, 909, 310, -0.0034682739060372114
46, 0, 9, 841, 384, -0.005090843886137009
46, 0, 10, 887, 382, -0.008058729581534863
46, 0, 11, 877, 399, -0.007535957731306553
46, 0, 12, 860, 407, -0.0065221055410802364
46, 0, 13, 859, 412, -0.009512854740023613
46, 0, 14, 888, 415, -0.009476423263549805
46, 0, 15, 877, 428, -0.005597759038209915
46, 0, 16, 861, 433, -0.0033147537615150213
46, 0, 17, 871, 442, -0.01396641694009304
46, 0, 18, 891, 443, -0.010320553556084633
46, 0, 19, 879, 453, -0.00472017889842391
46, 0, 20, 865, 459, -0.0008060088148340583
46, 1, 0, 0, 0, 0.0
46, 1, 1, 0, 0, 0.0
46, 1, 2, 0, 0, 0.0
46, 1, 3, 0, 0, 0.0
46, 1, 4, 0, 0, 0.0
46, 1, 5, 0, 0, 0.0
46, 1, 6, 0, 0, 0.0
46, 1, 7, 0, 0, 0.0
46, 1, 8, 0, 0, 0.0
46, 1, 9, 0, 0, 0.0
46, 1, 10, 0, 0, 0.0
46, 1, 11, 0, 0, 0.0
46, 1, 12, 0, 0, 0.0
46, 1, 13, 0, 0, 0.0
46, 1, 14, 0, 0, 0.0
46, 1, 15, 0, 0, 0.0
46, 1, 16, 0, 0, 0.0
46, 1, 17, 0, 0, 0.0
46, 1, 18, 0, 0, 0.0
46, 1, 19, 0, 0, 0.0
46, 1, 20, 0, 0, 0.0
47, 0, 0, 771, 496, -1.6626790610985154e-08
47, 0, 1, 775, 439, 0.005584394093602896
47, 0, 2, 802, 397, 0.005432650912553072
47, 0, 3, 833, 386, 0.003353753127157688
47, 0, 4, 862, 394, 0.0013140927767381072
47, 0, 5, 819, 365, -7.178047235356644e-05
47, 0, 6, 866, 333, -0.0016340443398803473
47, 0, 7, 892, 320, -0.0018774234922602773
47, 0, 8, 911, 312, -0.0024715508334338665
47, 0, 9, 840, 383, -0.005543001927435398
47, 0, 10, 888, 385, -0.008057688362896442
47, 0, 11, 879, 402, -0.007078793365508318
47, 0, 12, 862, 410, -0.005903772544115782
47, 0, 13, 859, 411, -0.010122236795723438
47, 0, 14, 891, 416, -0.009676504880189896
47, 0, 15, 880, 430, -0.0054524485021829605
47, 0, 16, 865, 436, -0.003130265511572361
47, 0, 17, 873, 440, -0.014636964537203312
47, 0, 18, 894, 444, -0.010716171003878117
47, 0, 19, 883, 455, -0.005027066916227341
47, 0, 20, 869, 461, -0.001139821601100266
47, 1, 0, 0, 0, 0.0
47, 1, 1, 0, 0, 0.0
47, 1, 2, 0, 0, 0.0
47, 1, 3, 0, 0, 0.0
47, 1, 4, 0, 0, 0.0
47, 1, 5, 0, 0, 0.0
47, 1, 6, 0, 0, 0.0
47, 1, 7, 0, 0, 0.0
47, 1, 8, 0, 0, 0.0
47, 1, 9, 0, 0, 0.0
47, 1, 10, 0, 0, 0.0
47, 1, 11, 0, 0, 0.0
47, 1, 12, 0, 0, 0.0
47, 1, 13, 0, 0, 0.0
47, 1, 14, 0, 0, 0.0
47, 1, 15, 0, 0, 0.0
47, 1, 16, 0, 0, 0.0
47, 1, 17, 0, 0, 0.0
47, 1, 18, 0, 0, 0.0
47, 1, 19, 0, 0, 0.0
47, 1, 20, 0, 0, 0.0
48, 0, 0, 772, 496, -1.3270887500027584e-08
48, 0, 1, 776, 440, 0.006143768317997456
48, 0, 2, 803, 398, 0.006196219939738512
48, 0, 3, 835, 385, 0.004182696808129549
48, 0, 4, 863, 392, 0.002067746827378869
48, 0, 5, 821, 365, 0.0004923802916891873
48, 0, 6, 867, 334, -0.000848561292514205
48, 0, 7, 893, 320, -0.0012702674139291048
48, 0, 8, 912, 311, -0.0020791771821677685
48, 0, 9, 842, 383, -0.0052604516968131065
48, 0, 10, 891, 386, -0.007465220522135496
48, 0, 11, 882, 404, -0.006809360347688198
48, 0, 12, 865, 411, -0.0059975553303956985
48, 0, 13, 860, 410, -0.010029681958258152
48, 0, 14, 894, 416, -0.009434807114303112
48, 0, 15, 883, 431, -0.005457387305796146
48, 0, 16, 867, 437, -0.003398936940357089
48, 0, 17, 873, 438, -0.014703785069286823
48, 0, 18, 896, 444, -0.010996930301189423
48, 0, 19, 885, 456, -0.005555523559451103
48, 0, 20, 871, 462, -0.0018347934819757938
48, 1, 0, 0, 0, 0.0
48, 1, 1, 0, 0, 0.0
48, 1, 2, 0, 0, 0.0
48, 1, 3, 0, 0, 0.0
48, 1, 4, 0, 0, 0.0
48, 1, 5, 0, 0, 0.0
48, 1, 6, 0, 0, 0.0
48, 1, 7, 0, 0, 0.0
48, 1, 8, 0, 0, 0.0
48, 1, 9, 0, 0, 0.0
48, 1, 10, 0, 0, 0.0
48, 1, 11, 0, 0, 0.0
48, 1, 12, 0, 0, 0.0
48, 1, 13, 0, 0, 0.0
48, 1, 14, 0, 0, 0.0
48, 1, 15, 0, 0, 0.0
48, 1, 16, 0, 0, 0.0
48, 1, 17, 0, 0, 0.0
48, 1, 18, 0, 0, 0.0
48, 1, 19, 0, 0, 0.0
48, 1, 20, 0, 0, 0.0
49, 0, 0, 772, 494, -8.54446913223228e-09
49, 0, 1, 777, 438, 0.005400765687227249
49, 0, 2, 805, 396, 0.005149543285369873
49, 0, 3, 837, 384, 0.0029109374154359102
49, 0, 4, 865, 393, 0.0006902513559907675
49, 0, 5, 820, 364, 0.0005778507329523563
49, 0, 6, 866, 332, -0.0011867661960422993
49, 0, 7, 892, 320, -0.002017236314713955
49, 0, 8, 911, 312, -0.0030835731886327267
49, 0, 9, 841, 382, -0.005011847708374262
49, 0, 10, 890, 384, -0.007978144101798534
49, 0, 11, 881, 402, -0.007718508131802082
49, 0, 12, 865, 410, -0.006966744549572468
49, 0, 13, 860, 409, -0.009765781462192535
49, 0, 14, 893, 414, -0.00972676370292902
49, 0, 15, 883, 428, -0.00592963257804513
49, 0, 16, 868, 434, -0.003800795180723071
49, 0, 17, 874, 438, -0.014518970623612404
49, 0, 18, 896, 442, -0.011144586838781834
49, 0, 19, 885, 453, -0.00578925758600235
49, 0, 20, 872, 459, -0.0020577225368469954
49, 1, 0, 0, 0, 0.0
49, 1, 1, 0, 0, 0.0
49, 1, 2, 0, 0, 0.0
49, 1, 3, 0, 0, 0.0
49, 1, 4, 0, 0, 0.0
49, 1, 5, 0, 0, 0.0
49, 1, 6, 0, 0, 0.0
49, 1, 7, 0, 0, 0.0
49, 1, 8, 0, 0, 0.0
49, 1, 9, 0, 0, 0.0
49, 1, 10, 0, 0, 0.0
49, 1, 11, 0, 0, 0.0
49, 1, 12, 0, 0, 0.0
49, 1, 13, 0, 0, 0.0
49, 1, 14, 0, 0, 0.0
49, 1, 15, 0, 0, 0.0
49, 1, 16, 0, 0, 0.0
49, 1, 17, 0, 0, 0.0
49, 1, 18, 0, 0, 0.0
49, 1, 19, 0, 0, 0.0
49, 1, 20, 0, 0, 0.0
50, 0, 0, 774, 494, -6.7201177955666935e-09
50, 0, 1, 777, 438, 0.005401406902819872
50, 0, 2, 805, 395, 0.00514089222997427
50, 0, 3, 837, 382, 0.002994198352098465
50, 0, 4, 866, 389, 0.0009054129477590322
50, 0, 5, 818, 363, -5.643759504891932e-05
50, 0, 6, 866, 332, -0.0017226093914359808
50, 0, 7, 892, 319, -0.0022628880105912685
50, 0, 8, 912, 311, -0.0031091514974832535
50, 0, 9, 839, 381, -0.005588912405073643
50, 0, 10, 890, 384, -0.00829262100160122
50, 0, 11, 882, 402, -0.0076300413347780704
50, 0, 12, 865, 409, -0.0066734920255839825
50, 0, 13, 858, 408, -0.01023130677640438
50, 0, 14, 893, 413, -0.010086540132761002
50, 0, 15, 883, 428, -0.005991973448544741
50, 0, 16, 867, 434, -0.003698549000546336
50, 0, 17, 872, 437, -0.014834467321634293
50, 0, 18, 895, 441, -0.011494374834001064
50, 0, 19, 885, 453, -0.006033421494066715
50, 0, 20, 872, 460, -0.0022132047452032566
50, 1, 0, 0, 0, 0.0
50, 1, 1, 0, 0, 0.0
50, 1, 2, 0, 0, 0.0
50, 1, 3, 0, 0, 0.0
50, 1, 4, 0, 0, 0.0
50, 1, 5, 0, 0, 0.0
50, 1, 6, 0, 0, 0.0
50, 1, 7, 0, 0, 0.0
50, 1, 8, 0, 0, 0.0
50, 1, 9, 0, 0, 0.0
50, 1, 10, 0, 0, 0.0
50, 1, 11, 0, 0, 0.0
50, 1, 12, 0, 0, 0.0
50, 1, 13, 0, 0, 0.0
50, 1, 14, 0, 0, 0.0
50, 1, 15, 0, 0, 0.0
50, 1, 16, 0, 0, 0.0
50, 1, 17, 0, 0, 0.0
50, 1, 18, 0, 0, 0.0
50, 1, 19, 0, 0, 0.0
50, 1, 20, 0, 0, 0.0
51, 0, 0, 773, 494, -3.888733335344341e-09
51, 0, 1, 778, 437, 0.005662559997290373
51, 0, 2, 807, 395, 0.005359468515962362
51, 0, 3, 840, 381, 0.003052583895623684
51, 0, 4, 870, 388, 0.0008080974221229553
51, 0, 5, 818, 363, 0.00036917891702614725
51, 0, 6, 866, 332, -0.0012690529692918062
51, 0, 7, 892, 318, -0.0017117050010710955
51, 0, 8, 911, 309, -0.0025118528865277767
51, 0, 9, 839, 380, -0.00545895891264081
51, 0, 10, 892, 383, -0.008340838365256786
51, 0, 11, 883, 402, -0.007789161987602711
51, 0, 12, 866, 409, -0.006787201389670372
51, 0, 13, 857, 406, -0.010378639213740826
51, 0, 14, 894, 413, -0.010360992513597012
51, 0, 15, 883, 428, -0.0063215382397174835
51, 0, 16, 868, 434, -0.003982589114457369
51, 0, 17, 871, 434, -0.015265445224940777
51, 0, 18, 895, 440, -0.011865017004311085
51, 0, 19, 885, 453, -0.006480765994638205
51, 0, 20, 872, 459, -0.002720897551625967
51, 1, 0, 0, 0, 0.0
51, 1, 1, 0, 0, 0.0
51, 1, 2, 0, 0, 0.0
51, 1, 3, 0, 0, 0.0
51, 1, 4, 0, 0, 0.0
51, 1, 5, 0, 0, 0.0
51, 1, 6, 0, 0, 0.0
51, 1, 7, 0, 0, 0.0
51, 1, 8, 0, 0, 0.0
51, 1, 9, 0, 0, 0.0
51, 1, 10, 0, 0, 0.0
51, 1, 11, 0, 0, 0.0
51, 1, 12, 0, 0, 0.0
51, 1, 13, 0, 0, 0.0
51, 1, 14, 0, 0, 0.0
51, 1, 15, 0, 0, 0.0
51, 1, 16, 0, 0, 0.0
51, 1, 17, 0, 0, 0.0
51, 1, 18, 0, 0, 0.0
51, 1, 19, 0, 0, 0.0
51, 1, 20, 0, 0, 0.0
52, 0, 0, 773, 493, -3.983191998457869e-09
52, 0, 1, 778, 436, 0.0058773718774318695
52, 0, 2, 806, 394, 0.005861709825694561
52, 0, 3, 839, 381, 0.0037978976033627987
52, 0, 4, 869, 388, 0.0017396544571965933
52, 0, 5, 819, 362, 0.0011298366589471698
52, 0, 6, 866, 332, -0.0002051857445621863
52, 0, 7, 892, 318, -0.0006259800866246223
52, 0, 8, 910, 309, -0.0014390867436304688
52, 0, 9, 839, 380, -0.004693766124546528
52, 0, 10, 891, 381, -0.007278539706021547
52, 0, 11, 883, 400, -0.0068679312244057655
52, 0, 12, 866, 408, -0.006003440357744694
52, 0, 13, 858, 406, -0.009601042605936527
52, 0, 14, 894, 410, -0.009401862509548664
52, 0, 15, 884, 426, -0.005471541080623865
52, 0, 16, 869, 432, -0.0031846945639699697
52, 0, 17, 872, 435, -0.014434179291129112
52, 0, 18, 897, 437, -0.010961264371871948
52, 0, 19, 887, 450, -0.005487256217747927
52, 0, 20, 874, 457, -0.001653520856052637
52, 1, 0, 0, 0, 0.0
52, 1, 1, 0, 0, 0.0
52, 1, 2, 0, 0, 0.0
52, 1, 3, 0, 0, 0.0
52, 1, 4, 0, 0, 0.0
52, 1, 5, 0, 0, 0.0
52, 1, 6, 0, 0, 0.0
52, 1, 7, 0, 0, 0.0
52, 1, 8, 0, 0, 0.0
52, 1, 9, 0, 0, 0.0
52, 1, 10, 0, 0, 0.0
52, 1, 11, 0, 0, 0.0
52, 1, 12, 0, 0, 0.0
52, 1, 13, 0, 0, 0.0
52, 1, 14, 0, 0, 0.0
52, 1, 15, 0, 0, 0.0
52, 1, 16, 0, 0, 0.0
52, 1, 17, 0, 0, 0.0
52, 1, 18, 0, 0, 0.0
52, 1, 19, 0, 0, 0.0
52, 1, 20, 0, 0, 0.0
53, 0, 0, 774, 494, -3.844523810414557e-09
53, 0, 1, 778, 437, 0.005390278063714504
53, 0, 2, 807, 394, 0.005164582282304764
53, 0, 3, 841, 380, 0.0030163428746163845
53, 0, 4, 870, 387, 0.0009465690818615258
53, 0, 5, 818, 362, 0.0004993894835934043
53, 0, 6, 866, 332, -0.0010701346909627318
53, 0, 7, 891, 318, -0.0015600984916090965
53, 0, 8, 910, 309, -0.0024113249965012074
53, 0, 9, 839, 380, -0.005165208131074905
53, 0, 10, 891, 381, -0.00809837132692337
53, 0, 11, 883, 400, -0.007719578221440315
53, 0, 12, 866, 408, -0.006799350492656231
53, 0, 13, 858, 406, -0.0099483048543334
53, 0, 14, 894, 410, -0.010038426145911217
53, 0, 15, 884, 426, -0.0060623642057180405
53, 0, 16, 868, 432, -0.0036668884567916393
53, 0, 17, 872, 435, -0.014695333316922188
53, 0, 18, 897, 438, -0.011377126909792423
53, 0, 19, 887, 450, -0.005926300771534443
53, 0, 20, 874, 457, -0.0020880019292235374
53, 1, 0, 0, 0, 0.0
53, 1, 1, 0, 0, 0.0
53, 1, 2, 0, 0, 0.0
53, 1, 3, 0, 0, 0.0
53, 1, 4, 0, 0, 0.0
53, 1, 5, 0, 0, 0.0
53, 1, 6, 0, 0, 0.0
53, 1, 7, 0, 0, 0.0
53, 1, 8, 0, 0, 0.0
53, 1, 9, 0, 0, 0.0
53, 1, 10, 0, 0, 0.0
53, 1, 11, 0, 0, 0.0
53, 1, 12, 0, 0, 0.0
53, 1, 13, 0, 0, 0.0
53, 1, 14, 0, 0, 0.0
53, 1, 15, 0, 0, 0.0
53, 1, 16, 0, 0, 0.0
53, 1, 17, 0, 0, 0.0
53, 1, 18, 0, 0, 0.0
53, 1, 19, 0, 0, 0.0
53, 1, 20, 0, 0, 0.0
54, 0, 0, 774, 494, -5.695891758250582e-09
54, 0, 1, 779, 437, 0.0054597677662968636
54, 0, 2, 807, 393, 0.0053268359042704105
54, 0, 3, 840, 379, 0.0032573831267654896
54, 0, 4, 870, 385, 0.0012792074121534824
54, 0, 5, 818, 362, 0.0006913293618708849
54, 0, 6, 866, 332, -0.000874524877872318
54, 0, 7, 891, 318, -0.0013193275080993772
54, 0, 8, 910, 309, -0.0020972825586795807
54, 0, 9, 839, 380, -0.004964645951986313
54, 0, 10, 891, 381, -0.00800032913684845
54, 0, 11, 883, 400, -0.007695198990404606
54, 0, 12, 865, 408, -0.006782858166843653
54, 0, 13, 857, 407, -0.009748199954628944
54, 0, 14, 894, 411, -0.009973865002393723
54, 0, 15, 884, 426, -0.006120924837887287
54, 0, 16, 868, 433, -0.0037560323253273964
54, 0, 17, 871, 435, -0.01447638776153326
54, 0, 18, 896, 437, -0.011325380764901638
54, 0, 19, 887, 450, -0.005999549757689238
54, 0, 20, 874, 457, -0.0021946770139038563
54, 1, 0, 0, 0, 0.0
54, 1, 1, 0, 0, 0.0
54, 1, 2, 0, 0, 0.0
54, 1, 3, 0, 0, 0.0
54, 1, 4, 0, 0, 0.0
54, 1, 5, 0, 0, 0.0
54, 1, 6, 0, 0, 0.0
54, 1, 7, 0, 0, 0.0
54, 1, 8, 0, 0, 0.0
54, 1, 9, 0, 0, 0.0
54, 1, 10, 0, 0, 0.0
54, 1, 11, 0, 0, 0.0
54, 1, 12, 0, 0, 0.0
54, 1, 13, 0, 0, 0.0
54, 1, 14, 0, 0, 0.0
54, 1, 15, 0, 0, 0.0
54, 1, 16, 0, 0, 0.0
54, 1, 17, 0, 0, 0.0
54, 1, 18, 0, 0, 0.0
54, 1, 19, 0, 0, 0.0
54, 1, 20, 0, 0, 0.0
55, 0, 0, 774, 496, -6.799205642948891e-09
55, 0, 1, 778, 439, 0.005316562484949827
55, 0, 2, 806, 395, 0.004970955196768045
55, 0, 3, 840, 379, 0.0028204696718603373
55, 0, 4, 871, 383, 0.0007813306874595582
55, 0, 5, 816, 365, -0.0006640239153057337
55, 0, 6, 864, 332, -0.0025860893074423075
55, 0, 7, 890, 318, -0.0029490171000361443
55, 0, 8, 910, 308, -0.0035789264366030693
55, 0, 9, 836, 383, -0.00627144193276763
55, 0, 10, 889, 380, -0.009577861055731773
55, 0, 11, 880, 399, -0.008852601982653141
55, 0, 12, 862, 407, -0.007624189835041761
55, 0, 13, 855, 410, -0.01096690446138382
55, 0, 14, 892, 412, -0.01123062800616026
55, 0, 15, 881, 426, -0.0069651491940021515
55, 0, 16, 866, 433, -0.004361124709248543
55, 0, 17, 870, 437, -0.015589932911098003
55, 0, 18, 895, 438, -0.012047877535223961
55, 0, 19, 886, 450, -0.006305315997451544
55, 0, 20, 873, 456, -0.0023508791346102953
55, 1, 0, 0, 0, 0.0
55, 1, 1, 0, 0, 0.0
55, 1, 2, 0, 0, 0.0
55, 1, 3, 0, 0, 0.0
55, 1, 4, 0, 0, 0.0
55, 1, 5, 0, 0, 0.0
55, 1, 6, 0, 0, 0.0
55, 1, 7, 0, 0, 0.0
55, 1, 8, 0, 0, 0.0
55, 1, 9, 0, 0, 0.0
55, 1, 10, 0, 0, 0.0
55, 1, 11, 0, 0, 0.0
55, 1, 12, 0, 0, 0.0
55, 1, 13, 0, 0, 0.0
55, 1, 14, 0, 0, 0.0
55, 1, 15, 0, 0, 0.0
55, 1, 16, 0, 0, 0.0
55, 1, 17, 0, 0, 0.0
55, 1, 18, 0, 0, 0.0
55, 1, 19, 0, 0, 0.0
55, 1, 20, 0, 0, 0.0
56, 0, 0, 774, 500, -2.873103088774087e-09
56, 0, 1, 776, 443, 0.00499558262526989
56, 0, 2, 804, 398, 0.004312779754400253
56, 0, 3, 840, 380, 0.0019253140781074762
56, 0, 4, 872, 381, -0.0003459220752120018
56, 0, 5, 814, 367, -0.0018973109545186162
56, 0, 6, 862, 333, -0.004320924635976553
56, 0, 7, 890, 319, -0.004884699359536171
56, 0, 8, 911, 308, -0.005603570491075516
56, 0, 9, 834, 385, -0.007446499541401863
56, 0, 10, 888, 382, -0.010907636024057865
56, 0, 11, 879, 401, -0.009945619851350784
56, 0, 12, 862, 409, -0.008671602234244347
56, 0, 13, 853, 412, -0.012071673758327961
56, 0, 14, 891, 414, -0.012439612299203873
56, 0, 15, 880, 429, -0.007675982546061277
56, 0, 16, 864, 435, -0.004831342957913876
56, 0, 17, 867, 440, -0.0166679285466671
56, 0, 18, 895, 439, -0.013080533593893051
56, 0, 19, 885, 451, -0.006957906764000654
56, 0, 20, 871, 458, -0.0028011698741465807
56, 1, 0, 0, 0, 0.0
56, 1, 1, 0, 0, 0.0
56, 1, 2, 0, 0, 0.0
56, 1, 3, 0, 0, 0.0
56, 1, 4, 0, 0, 0.0
56, 1, 5, 0, 0, 0.0
56, 1, 6, 0, 0, 0.0
56, 1, 7, 0, 0, 0.0
56, 1, 8, 0, 0, 0.0
56, 1, 9, 0, 0, 0.0
56, 1, 10, 0, 0, 0.0
56, 1, 11, 0, 0, 0.0
56, 1, 12, 0, 0, 0.0
56, 1, 13, 0, 0, 0.0
56, 1, 14, 0, 0, 0.0
56, 1, 15, 0, 0, 0.0
56, 1, 16, 0, 0, 0.0
56, 1, 17, 0, 0, 0.0
56, 1, 18, 0, 0, 0.0
56, 1, 19, 0, 0, 0.0
56, 1, 20, 0, 0, 0.0
57, 0, 0, 774, 508, -9.099546116608792e-10
57, 0, 1, 775, 452, 0.004765971563756466
57, 0, 2, 800, 406, 0.0038679223507642746
57, 0, 3, 836, 389, 0.0010838282760232687
57, 0, 4, 868, 393, -0.0015742664691060781
57, 0, 5, 809, 374, -0.0017613189993426204
57, 0, 6, 859, 338, -0.004758122377097607
57, 0, 7, 887, 323, -0.0056513515301048756
57, 0, 8, 909, 314, -0.00648701936006546
57, 0, 9, 829, 391, -0.0073013450019061565
57, 0, 10, 885, 388, -0.011265607550740242
57, 0, 11, 877, 407, -0.010422569699585438
57, 0, 12, 861, 416, -0.00914752297103405
57, 0, 13, 849, 416, -0.01205139234662056
57, 0, 14, 890, 419, -0.012762201949954033
57, 0, 15, 878, 435, -0.00794373732060194
57, 0, 16, 862, 441, -0.005006732884794474
57, 0, 17, 865, 443, -0.01685810089111328
57, 0, 18, 896, 444, -0.013675366528332233
57, 0, 19, 885, 458, -0.007652997970581055
57, 0, 20, 871, 464, -0.003450656309723854
57, 1, 0, 0, 0, 0.0
57, 1, 1, 0, 0, 0.0
57, 1, 2, 0, 0, 0.0
57, 1, 3, 0, 0, 0.0
57, 1, 4, 0, 0, 0.0
57, 1, 5, 0, 0, 0.0
57, 1, 6, 0, 0, 0.0
57, 1, 7, 0, 0, 0.0
57, 1, 8, 0, 0, 0.0
57, 1, 9, 0, 0, 0.0
57, 1, 10, 0, 0, 0.0
57, 1, 11, 0, 0, 0.0
57, 1, 12, 0, 0, 0.0
57, 1, 13, 0, 0, 0.0
57, 1, 14, 0, 0, 0.0
57, 1, 15, 0, 0, 0.0
57, 1, 16, 0, 0, 0.0
57, 1, 17, 0, 0, 0.0
57, 1, 18, 0, 0, 0.0
57, 1, 19, 0, 0, 0.0
57, 1, 20, 0, 0, 0.0
58, 0, 0, 772, 520, -1.3823869160489721e-08
58, 0, 1, 774, 463, 0.005887854378670454
58, 0, 2, 800, 418, 0.005172137636691332
58, 0, 3, 835, 402, 0.0023129975888878107
58, 0, 4, 866, 404, -0.0006141336634755135
58, 0, 5, 809, 387, -0.0014263673219829798
58, 0, 6, 857, 345, -0.0045909397304058075
58, 0, 7, 885, 331, -0.0057149846106767654
58, 0, 8, 906, 323, -0.006569577846676111
58, 0, 9, 830, 404, -0.007558553013950586
58, 0, 10, 885, 397, -0.011397681199014187
58, 0, 11, 877, 416, -0.010537542402744293
58, 0, 12, 859, 425, -0.009267501533031464
58, 0, 13, 850, 430, -0.012805557809770107
58, 0, 14, 890, 430, -0.012963106855750084
58, 0, 15, 878, 445, -0.007871908135712147
58, 0, 16, 861, 451, -0.004893827252089977
58, 0, 17, 866, 457, -0.018012862652540207
58, 0, 18, 896, 456, -0.014082508161664009
58, 0, 19, 884, 469, -0.0074211363680660725
58, 0, 20, 870, 475, -0.0028609747532755136
58, 1, 0, 0, 0, 0.0
58, 1, 1, 0, 0, 0.0
58, 1, 2, 0, 0, 0.0
58, 1, 3, 0, 0, 0.0
58, 1, 4, 0, 0, 0.0
58, 1, 5, 0, 0, 0.0
58, 1, 6, 0, 0, 0.0
58, 1, 7, 0, 0, 0.0
58, 1, 8, 0, 0, 0.0
58, 1, 9, 0, 0, 0.0
58, 1, 10, 0, 0, 0.0
58, 1, 11, 0, 0, 0.0
58, 1, 12, 0, 0, 0.0
58, 1, 13, 0, 0, 0.0
58, 1, 14, 0, 0, 0.0
58, 1, 15, 0, 0, 0.0
58, 1, 16, 0, 0, 0.0
58, 1, 17, 0, 0, 0.0
58, 1, 18, 0, 0, 0.0
58, 1, 19, 0, 0, 0.0
58, 1, 20, 0, 0, 0.0
59, 0, 0, 770, 541, -2.2340804761711297e-08
59, 0, 1, 773, 484, 0.005393990781158209
59, 0, 2, 800, 437, 0.004300989676266909
59, 0, 3, 834, 421, 0.0010055607417598367
59, 0, 4, 865, 423, -0.0023565960582345724
59, 0, 5, 811, 404, -0.001709993346594274
59, 0, 6, 858, 361, -0.00595003692433238
59, 0, 7, 888, 348, -0.008157746866345406
59, 0, 8, 912, 342, -0.009682370349764824
59, 0, 9, 831, 423, -0.008123698644340038
59, 0, 10, 887, 412, -0.013133292086422443
59, 0, 11, 877, 432, -0.012977637350559235
59, 0, 12, 858, 441, -0.01195619162172079
59, 0, 13, 851, 451, -0.013765918090939522
59, 0, 14, 892, 447, -0.014946705661714077
59, 0, 15, 879, 462, -0.009861193597316742
59, 0, 16, 860, 468, -0.00656327698379755
59, 0, 17, 865, 480, -0.019417868927121162
59, 0, 18, 896, 475, -0.016205528751015663
59, 0, 19, 884, 487, -0.00936310924589634
59, 0, 20, 868, 494, -0.00448676897212863
59, 1, 0, 0, 0, 0.0
59, 1, 1, 0, 0, 0.0
59, 1, 2, 0, 0, 0.0
59, 1, 3, 0, 0, 0.0
59, 1, 4, 0, 0, 0.0
59, 1, 5, 0, 0, 0.0
59, 1, 6, 0, 0, 0.0
59, 1, 7, 0, 0, 0.0
59, 1, 8, 0, 0, 0.0
59, 1, 9, 0, 0, 0.0
59, 1, 10, 0, 0, 0.0
59, 1, 11, 0, 0, 0.0
59, 1, 12, 0, 0, 0.0
59, 1, 13, 0, 0, 0.0
59, 1, 14, 0, 0, 0.0
59, 1, 15, 0, 0, 0.0
59, 1, 16, 0, 0, 0.0
59, 1, 17, 0, 0, 0.0
59, 1, 18, 0, 0, 0.0
59, 1, 19, 0, 0, 0.0
59, 1, 20, 0, 0, 0.0
60, 0, 0, 771, 568, -4.7888889298519643e-08
60, 0, 1, 775, 509, 0.007559081539511681
60, 0, 2, 803, 463, 0.0068519930355250835
60, 0, 3, 839, 446, 0.0037966244854032993
60, 0, 4, 871, 447, 0.00047676812391728163
60, 0, 5, 814, 433, -0.003490935545414686
60, 0, 6, 863, 389, -0.00761474808678031
60, 0, 7, 896, 379, -0.0088544562458992
60, 0, 8, 920, 374, -0.009532214142382145
60, 0, 9, 834, 453, -0.010728922672569752
60, 0, 10, 893, 439, -0.014798135496675968
60, 0, 11, 885, 458, -0.012981743551790714
60, 0, 12, 865, 467, -0.011104605160653591
60, 0, 13, 852, 481, -0.016857443377375603
60, 0, 14, 898, 476, -0.0171163622289896
60, 0, 15, 885, 491, -0.011186037212610245
60, 0, 16, 867, 497, -0.00769854336977005
60, 0, 17, 866, 511, -0.0227256678044796
60, 0, 18, 899, 505, -0.018563883379101753
60, 0, 19, 889, 517, -0.011301865801215172
60, 0, 20, 872, 522, -0.00648146029561758
60, 1, 0, 0, 0, 0.0
60, 1, 1, 0, 0, 0.0
60, 1, 2, 0, 0, 0.0
60, 1, 3, 0, 0, 0.0
60, 1, 4, 0, 0, 0.0
60, 1, 5, 0, 0, 0.0
60, 1, 6, 0, 0, 0.0
60, 1, 7, 0, 0, 0.0
60, 1, 8, 0, 0, 0.0
60, 1, 9, 0, 0, 0.0
60, 1, 10, 0, 0, 0.0
60, 1, 11, 0, 0, 0.0
60, 1, 12, 0, 0, 0.0
60, 1, 13, 0, 0, 0.0
60, 1, 14, 0, 0, 0.0
60, 1, 15, 0, 0, 0.0
60, 1, 16, 0, 0, 0.0
60, 1, 17, 0, 0, 0.0
60, 1, 18, 0, 0, 0.0
60, 1, 19, 0, 0, 0.0
60, 1, 20, 0, 0, 0.0
61, 0, 0, 773, 603, -6.661501572580164e-08
61, 0, 1, 782, 543, 0.0047143069095909595
61, 0, 2, 820, 495, 0.002587989205494523
61, 0, 3, 864, 472, -0.0012353898491710424
61, 0, 4, 899, 462, -0.004837420303374529
61, 0, 5, 825, 467, -0.005119685083627701
61, 0, 6, 882, 433, -0.010072054341435432
61, 0, 7, 916, 428, -0.011885558255016804
61, 0, 8, 940, 428, -0.012889692559838295
61, 0, 9, 841, 492, -0.011588521301746368
61, 0, 10, 904, 482, -0.017263134941458702
61, 0, 11, 893, 500, -0.01589333824813366
61, 0, 12, 870, 507, -0.014093673788011074
61, 0, 13, 856, 524, -0.017282424494624138
61, 0, 14, 908, 518, -0.020224114879965782
61, 0, 15, 892, 533, -0.01438958290964365
61, 0, 16, 872, 538, -0.01032667700201273
61, 0, 17, 868, 557, -0.022764738649129868
61, 0, 18, 907, 547, -0.020660212263464928
61, 0, 19, 893, 559, -0.013296396471560001
61, 0, 20, 876, 564, -0.00812169723212719
61, 1, 0, 0, 0, 0.0
61, 1, 1, 0, 0, 0.0
61, 1, 2, 0, 0, 0.0
61, 1, 3, 0, 0, 0.0
61, 1, 4, 0, 0, 0.0
61, 1, 5, 0, 0, 0.0
61, 1, 6, 0, 0, 0.0
61, 1, 7, 0, 0, 0.0
61, 1, 8, 0, 0, 0.0
61, 1, 9, 0, 0, 0.0
61, 1, 10, 0, 0, 0.0
61, 1, 11, 0, 0, 0.0
61, 1, 12, 0, 0, 0.0
61, 1, 13, 0, 0, 0.0
61, 1, 14, 0, 0, 0.0
61, 1, 15, 0, 0, 0.0
61, 1, 16, 0, 0, 0.0
61, 1, 17, 0, 0, 0.0
61, 1, 18, 0, 0, 0.0
61, 1, 19, 0, 0, 0.0
61, 1, 20, 0, 0, 0.0
62, 0, 0, 772, 648, -7.984240113501073e-08
62, 0, 1, 787, 590, 0.0036831307224929333
62, 0, 2, 828, 545, 0.001415810314938426
62, 0, 3, 872, 534, -0.0024008157197386026
62, 0, 4, 907, 540, -0.006146424915641546
62, 0, 5, 845, 520, -0.007158429827541113
62, 0, 6, 905, 493, -0.012258777394890785
62, 0, 7, 937, 497, -0.01434254553169012
62, 0, 8, 958, 503, -0.0156933031976223
62, 0, 9, 859, 549, -0.01358198095113039
62, 0, 10, 923, 543, -0.018972808495163918
62, 0, 11, 909, 559, -0.01737396791577339
62, 0, 12, 885, 566, -0.015570363961160183
62, 0, 13, 870, 585, -0.019243666902184486
62, 0, 14, 920, 580, -0.021596916019916534
62, 0, 15, 903, 592, -0.015784526243805885
62, 0, 16, 882, 595, -0.011968744918704033
62, 0, 17, 876, 620, -0.024873219430446625
62, 0, 18, 914, 611, -0.022422021254897118
62, 0, 19, 899, 619, -0.014849359169602394
62, 0, 20, 880, 623, -0.009674430824816227
62, 1, 0, 0, 0, 0.0
62, 1, 1, 0, 0, 0.0
62, 1, 2, 0, 0, 0.0
62, 1, 3, 0, 0, 0.0
62, 1, 4, 0, 0, 0.0
62, 1, 5, 0, 0, 0.0
62, 1, 6, 0, 0, 0.0
62, 1, 7, 0, 0, 0.0
62, 1, 8, 0, 0, 0.0
62, 1, 9, 0, 0, 0.0
62, 1, 10, 0, 0, 0.0
62, 1, 11, 0, 0, 0.0
62, 1, 12, 0, 0, 0.0
62, 1, 13, 0, 0, 0.0
62, 1, 14, 0, 0, 0.0
62, 1, 15, 0, 0, 0.0
62, 1, 16, 0, 0, 0.0
62, 1, 17, 0, 0, 0.0
62, 1, 18, 0, 0, 0.0
62, 1, 19, 0, 0, 0.0
62, 1, 20, 0, 0, 0.0
63, 0, 0, 770, 701, -1.0623629265182899e-07
63, 0, 1, 790, 643, 0.004177423194050789
63, 0, 2, 838, 602, 0.002168484963476658
63, 0, 3, 882, 593, -0.0006695861811749637
63, 0, 4, 915, 602, -0.003517471021041274
63, 0, 5, 862, 594, -0.0126152653247118
63, 0, 6, 930, 574, -0.016742611303925514
63, 0, 7, 958, 578, -0.016664518043398857
63, 0, 8, 971, 587, -0.01599474437534809
63, 0, 9, 873, 628, -0.017786765471100807
63, 0, 10, 939, 618, -0.02119322121143341
63, 0, 11, 923, 626, -0.016943680122494698
63, 0, 12, 899, 632, -0.01356582436710596
63, 0, 13, 879, 666, -0.021547963842749596
63, 0, 14, 933, 655, -0.022659514099359512
63, 0, 15, 914, 660, -0.015489252284169197
63, 0, 16, 893, 666, -0.010827344842255116
63, 0, 17, 881, 702, -0.024868523702025414
63, 0, 18, 924, 689, -0.021636418998241425
63, 0, 19, 907, 690, -0.013180701993405819
63, 0, 20, 889, 695, -0.00735912611708045
63, 1, 0, 0, 0, 0.0
63, 1, 1, 0, 0, 0.0
63, 1, 2, 0, 0, 0.0
63, 1, 3, 0, 0, 0.0
63, 1, 4, 0, 0, 0.0
63, 1, 5, 0, 0, 0.0
63, 1, 6, 0, 0, 0.0
63, 1, 7, 0, 0, 0.0
63, 1, 8, 0, 0, 0.0
63, 1, 9, 0, 0, 0.0
63, 1, 10, 0, 0, 0.0
63, 1, 11, 0, 0, 0.0
63, 1, 12, 0, 0, 0.0
63, 1, 13, 0, 0, 0.0
63, 1, 14, 0, 0, 0.0
63, 1, 15, 0, 0, 0.0
63, 1, 16, 0, 0, 0.0
63, 1, 17, 0, 0, 0.0
63, 1, 18, 0, 0, 0.0
63, 1, 19, 0, 0, 0.0
63, 1, 20, 0, 0, 0.0
64, 0, 0, 767, 764, -1.2346460209755605e-07
64, 0, 1, 794, 705, 0.0031720849219709635
64, 0, 2, 846, 664, 0.0018352706683799624
64, 0, 3, 895, 640, 0.000689666485413909
64, 0, 4, 938, 637, -8.668600457895081e-06
64, 0, 5, 880, 684, -0.011689958162605762
64, 0, 6, 954, 673, -0.012182486243546009
64, 0, 7, 978, 672, -0.008459880948066711
64, 0, 8, 990, 676, -0.005326580256223679
64, 0, 9, 888, 723, -0.014254826121032238
64, 0, 10, 956, 709, -0.013358889147639275
64, 0, 11, 942, 702, -0.0063538933172822
64, 0, 12, 920, 704, -0.0013663406716659665
64, 0, 13, 888, 760, -0.015313132666051388
64, 0, 14, 945, 743, -0.012874016538262367
64, 0, 15, 930, 736, -0.004201643634587526
64, 0, 16, 909, 739, 0.0010451851412653923
64, 0, 17, 883, 791, -0.015845179557800293
64, 0, 18, 930, 775, -0.010225656442344189
64, 0, 19, 918, 767, -0.0012414184166118503
64, 0, 20, 898, 769, 0.004766569938510656
64, 1, 0, 0, 0, 0.0
64, 1, 1, 0, 0, 0.0
64, 1, 2, 0, 0, 0.0
64, 1, 3, 0, 0, 0.0
64, 1, 4, 0, 0, 0.0
64, 1, 5, 0, 0, 0.0
64, 1, 6, 0, 0, 0.0
64, 1, 7, 0, 0, 0.0
64, 1, 8, 0, 0, 0.0
64, 1, 9, 0, 0, 0.0
64, 1, 10, 0, 0, 0.0
64, 1, 11, 0, 0, 0.0
64, 1, 12, 0, 0, 0.0
64, 1, 13, 0, 0, 0.0
64, 1, 14, 0, 0, 0.0
64, 1, 15, 0, 0, 0.0
64, 1, 16, 0, 0, 0.0
64, 1, 17, 0, 0, 0.0
64, 1, 18, 0, 0, 0.0
64, 1, 19, 0, 0, 0.0
64, 1, 20, 0, 0, 0.0
65, 0, 0, 765, 833, -3.493385847264108e-08
65, 0, 1, 802, 771, -0.003923795651644468
65, 0, 2, 854, 735, -0.005654717795550823
65, 0, 3, 906, 718, -0.006505402736365795
65, 0, 4, 949, 716, -0.006524187047034502
65, 0, 5, 885, 777, -0.00547220092266798
65, 0, 6, 956, 774, -0.0056619648821651936
65, 0, 7, 982, 767, -0.004013075027614832
65, 0, 8, 997, 764, -0.0023941590916365385
65, 0, 9, 889, 814, -0.003981363959610462
65, 0, 10, 955, 802, -0.0025232939515262842
65, 0, 11, 964, 785, 3.257863500039093e-05
65, 0, 12, 959, 778, 0.0017480826936662197
65, 0, 13, 884, 844, -0.0025632644537836313
65, 0, 14, 947, 829, -0.001388325821608305
65, 0, 15, 951, 813, 0.0024762325920164585
65, 0, 16, 944, 807, 0.005154418293386698
65, 0, 17, 878, 867, -0.0013285382883623242
65, 0, 18, 927, 854, 0.0010530208237469196
65, 0, 19, 933, 841, 0.005269997287541628
65, 0, 20, 927, 832, 0.008586560375988483
65, 1, 0, 0, 0, 0.0
65, 1, 1, 0, 0, 0.0
65, 1, 2, 0, 0, 0.0
65, 1, 3, 0, 0, 0.0
65, 1, 4, 0, 0, 0.0
65, 1, 5, 0, 0, 0.0
65, 1, 6, 0, 0, 0.0
65, 1, 7, 0, 0, 0.0
65, 1, 8, 0, 0, 0.0
65, 1, 9, 0, 0, 0.0
65, 1, 10, 0, 0, 0.0
65, 1, 11, 0, 0, 0.0
65, 1, 12, 0, 0, 0.0
65, 1, 13, 0, 0, 0.0
65, 1, 14, 0, 0, 0.0
65, 1, 15, 0, 0, 0.0
65, 1, 16, 0, 0, 0.0
65, 1, 17, 0, 0, 0.0
65, 1, 18, 0, 0, 0.0
65, 1, 19, 0, 0, 0.0
65, 1, 20, 0, 0, 0.0
66, 0, 0, 781, 904, -8.539992535361307e-08
66, 0, 1, 819, 850, -0.0085349315777421
66, 0, 2, 871, 822, -0.014577890746295452
66, 0, 3, 921, 812, -0.018031245097517967
66, 0, 4, 961, 807, -0.020129812881350517
66, 0, 5, 897, 883, -0.0208169873803854
66, 0, 6, 971, 886, -0.024977535009384155
66, 0, 7, 996, 877, -0.023595312610268593
66, 0, 8, 1007, 870, -0.0212261900305748
66, 0, 9, 892, 924, -0.017607728019356728
66, 0, 10, 968, 916, -0.02075507491827011
66, 0, 11, 967, 892, -0.015410162508487701
66, 0, 12, 951, 882, -0.010370266623795033
66, 0, 13, 883, 953, -0.01402820460498333
66, 0, 14, 951, 939, -0.016394108533859253
66, 0, 15, 947, 916, -0.009950927458703518
66, 0, 16, 931, 909, -0.004572317469865084
66, 0, 17, 873, 973, -0.010747228749096394
66, 0, 18, 925, 958, -0.011307351291179657
66, 0, 19, 925, 938, -0.006277428474277258
66, 0, 20, 912, 930, -0.0017775435699149966
66, 1, 0, 778, 888, 9.536667278098321e-08
66, 1, 1, 813, 840, -0.0074872178956866264
66, 1, 2, 864, 816, -0.008810050785541534
66, 1, 3, 915, 806, -0.009110515005886555
66, 1, 4, 956, 803, -0.008520607836544514
66, 1, 5, 891, 845, 0.002135972958058119
66, 1, 6, 954, 847, 0.0041422476060688496
66, 1, 7, 979, 844, 0.005261752288788557
66, 1, 8, 995, 840, 0.006255291402339935
66, 1, 9, 892, 870, 0.006042386405169964
66, 1, 10, 953, 869, 0.009818521328270435
66, 1, 11, 980, 864, 0.009683802723884583
66, 1, 12, 993, 859, 0.009001102298498154
66, 1, 13, 890, 890, 0.008864380419254303
66, 1, 14, 946, 885, 0.011446615681052208
66, 1, 15, 965, 877, 0.012055234983563423
66, 1, 16, 974, 872, 0.012285247445106506
66, 1, 17, 888, 905, 0.01102580688893795
66, 1, 18, 933, 898, 0.01378708891570568
66, 1, 19, 948, 892, 0.016117973253130913
66, 1, 20, 955, 887, 0.017842737957835197
67, 0, 0, 0, 0, 0.0
67, 0, 1, 0, 0, 0.0
67, 0, 2, 0, 0, 0.0
67, 0, 3, 0, 0, 0.0
67, 0, 4, 0, 0, 0.0
67, 0, 5, 0, 0, 0.0
67, 0, 6, 0, 0, 0.0
67, 0, 7, 0, 0, 0.0
67, 0, 8, 0, 0, 0.0
67, 0, 9, 0, 0, 0.0
67, 0, 10, 0, 0, 0.0
67, 0, 11, 0, 0, 0.0
67, 0, 12, 0, 0, 0.0
67, 0, 13, 0, 0, 0.0
67, 0, 14, 0, 0, 0.0
67, 0, 15, 0, 0, 0.0
67, 0, 16, 0, 0, 0.0
67, 0, 17, 0, 0, 0.0
67, 0, 18, 0, 0, 0.0
67, 0, 19, 0, 0, 0.0
67, 0, 20, 0, 0, 0.0
67, 1, 0, 0, 0, 0.0
67, 1, 1, 0, 0, 0.0
67, 1, 2, 0, 0, 0.0
67, 1, 3, 0, 0, 0.0
67, 1, 4, 0, 0, 0.0
67, 1, 5, 0, 0, 0.0
67, 1, 6, 0, 0, 0.0
67, 1, 7, 0, 0, 0.0
67, 1, 8, 0, 0, 0.0
67, 1, 9, 0, 0, 0.0
67, 1, 10, 0, 0, 0.0
67, 1, 11, 0, 0, 0.0
67, 1, 12, 0, 0, 0.0
67, 1, 13, 0, 0, 0.0
67, 1, 14, 0, 0, 0.0
67, 1, 15, 0, 0, 0.0
67, 1, 16, 0, 0, 0.0
67, 1, 17, 0, 0, 0.0
67, 1, 18, 0, 0, 0.0
67, 1, 19, 0, 0, 0.0
67, 1, 20, 0, 0, 0.0
68, 0, 0, 779, 1026, 5.624013965643826e-08
68, 0, 1, 819, 990, -0.015682250261306763
68, 0, 2, 877, 980, -0.022737102583050728
68, 0, 3, 926, 982, -0.026475604623556137
68, 0, 4, 964, 985, -0.029000326991081238
68, 0, 5, 877, 1050, -0.01913933828473091
68, 0, 6, 934, 1070, -0.025777393952012062
68, 0, 7, 975, 1075, -0.029790421947836876
68, 0, 8, 1007, 1073, -0.03192334994673729
68, 0, 9, 865, 1080, -0.013175373896956444
68, 0, 10, 923, 1092, -0.01819111965596676
68, 0, 11, 959, 1082, -0.0193531084805727
68, 0, 12, 979, 1071, -0.01956687681376934
68, 0, 13, 853, 1098, -0.0079276692122221
68, 0, 14, 908, 1110, -0.013141053728759289
68, 0, 15, 941, 1103, -0.012515372596681118
68, 0, 16, 960, 1094, -0.010726171545684338
68, 0, 17, 843, 1107, -0.0036677783355116844
68, 0, 18, 886, 1123, -0.00755872530862689
68, 0, 19, 916, 1121, -0.006599425338208675
68, 0, 20, 936, 1114, -0.00461623165756464
68, 1, 0, 0, 0, 0.0
68, 1, 1, 0, 0, 0.0
68, 1, 2, 0, 0, 0.0
68, 1, 3, 0, 0, 0.0
68, 1, 4, 0, 0, 0.0
68, 1, 5, 0, 0, 0.0
68, 1, 6, 0, 0, 0.0
68, 1, 7, 0, 0, 0.0
68, 1, 8, 0, 0, 0.0
68, 1, 9, 0, 0, 0.0
68, 1, 10, 0, 0, 0.0
68, 1, 11, 0, 0, 0.0
68, 1, 12, 0, 0, 0.0
68, 1, 13, 0, 0, 0.0
68, 1, 14, 0, 0, 0.0
68, 1, 15, 0, 0, 0.0
68, 1, 16, 0, 0, 0.0
68, 1, 17, 0, 0, 0.0
68, 1, 18, 0, 0, 0.0
68, 1, 19, 0, 0, 0.0
68, 1, 20, 0, 0, 0.0
69, 0, 0, 776, 1057, 5.7846204271072565e-08
69, 0, 1, 820, 1047, -0.007431431673467159
69, 0, 2, 882, 1050, -0.00851392187178135
69, 0, 3, 927, 1058, -0.008600804954767227
69, 0, 4, 962, 1066, -0.007748677395284176
69, 0, 5, 879, 1069, -0.0008220902527682483
69, 0, 6, 924, 1085, -0.005088623147457838
69, 0, 7, 950, 1098, -0.008960814215242863
69, 0, 8, 968, 1108, -0.011285069398581982
69, 0, 9, 876, 1079, 0.0014150355709716678
69, 0, 10, 923, 1096, -0.0009234549361281097
69, 0, 11, 949, 1106, -0.0035677372943609953
69, 0, 12, 969, 1116, -0.005543860141187906
69, 0, 13, 871, 1089, 0.0023974135983735323
69, 0, 14, 915, 1106, -9.646693797549233e-06
69, 0, 15, 940, 1115, -0.00013919270713813603
69, 0, 16, 960, 1125, -0.00010516049223951995
69, 0, 17, 864, 1100, 0.0025366113986819983
69, 0, 18, 902, 1113, 0.001048617996275425
69, 0, 19, 922, 1122, 0.001955438172444701
69, 0, 20, 939, 1131, 0.0028048960957676172
69, 1, 0, 0, 0, 0.0
69, 1, 1, 0, 0, 0.0
69, 1, 2, 0, 0, 0.0
69, 1, 3, 0, 0, 0.0
69, 1, 4, 0, 0, 0.0
69, 1, 5, 0, 0, 0.0
69, 1, 6, 0, 0, 0.0
69, 1, 7, 0, 0, 0.0
69, 1, 8, 0, 0, 0.0
69, 1, 9, 0, 0, 0.0
69, 1, 10, 0, 0, 0.0
69, 1, 11, 0, 0, 0.0
69, 1, 12, 0, 0, 0.0
69, 1, 13, 0, 0, 0.0
69, 1, 14, 0, 0, 0.0
69, 1, 15, 0, 0, 0.0
69, 1, 16, 0, 0, 0.0
69, 1, 17, 0, 0, 0.0
69, 1, 18, 0, 0, 0.0
69, 1, 19, 0, 0, 0.0
69, 1, 20, 0, 0, 0.0
70, 0, 0, 0, 0, 0.0
70, 0, 1, 0, 0, 0.0
70, 0, 2, 0, 0, 0.0
70, 0, 3, 0, 0, 0.0
70, 0, 4, 0, 0, 0.0
70, 0, 5, 0, 0, 0.0
70, 0, 6, 0, 0, 0.0
70, 0, 7, 0, 0, 0.0
70, 0, 8, 0, 0, 0.0
70, 0, 9, 0, 0, 0.0
70, 0, 10, 0, 0, 0.0
70, 0, 11, 0, 0, 0.0
70, 0, 12, 0, 0, 0.0
70, 0, 13, 0, 0, 0.0
70, 0, 14, 0, 0, 0.0
70, 0, 15, 0, 0, 0.0
70, 0, 16, 0, 0, 0.0
70, 0, 17, 0, 0, 0.0
70, 0, 18, 0, 0, 0.0
70, 0, 19, 0, 0, 0.0
70, 0, 20, 0, 0, 0.0
70, 1, 0, 0, 0, 0.0
70, 1, 1, 0, 0, 0.0
70, 1, 2, 0, 0, 0.0
70, 1, 3, 0, 0, 0.0
70, 1, 4, 0, 0, 0.0
70, 1, 5, 0, 0, 0.0
70, 1, 6, 0, 0, 0.0
70, 1, 7, 0, 0, 0.0
70, 1, 8, 0, 0, 0.0
70, 1, 9, 0, 0, 0.0
70, 1, 10, 0, 0, 0.0
70, 1, 11, 0, 0, 0.0
70, 1, 12, 0, 0, 0.0
70, 1, 13, 0, 0, 0.0
70, 1, 14, 0, 0, 0.0
70, 1, 15, 0, 0, 0.0
70, 1, 16, 0, 0, 0.0
70, 1, 17, 0, 0, 0.0
70, 1, 18, 0, 0, 0.0
70, 1, 19, 0, 0, 0.0
70, 1, 20, 0, 0, 0.0
71, 0, 0, 0, 0, 0.0
71, 0, 1, 0, 0, 0.0
71, 0, 2, 0, 0, 0.0
71, 0, 3, 0, 0, 0.0
71, 0, 4, 0, 0, 0.0
71, 0, 5, 0, 0, 0.0
71, 0, 6, 0, 0, 0.0
71, 0, 7, 0, 0, 0.0
71, 0, 8, 0, 0, 0.0
71, 0, 9, 0, 0, 0.0
71, 0, 10, 0, 0, 0.0
71, 0, 11, 0, 0, 0.0
71, 0, 12, 0, 0, 0.0
71, 0, 13, 0, 0, 0.0
71, 0, 14, 0, 0, 0.0
71, 0, 15, 0, 0, 0.0
71, 0, 16, 0, 0, 0.0
71, 0, 17, 0, 0, 0.0
71, 0, 18, 0, 0, 0.0
71, 0, 19, 0, 0, 0.0
71, 0, 20, 0, 0, 0.0
71, 1, 0, 0, 0, 0.0
71, 1, 1, 0, 0, 0.0
71, 1, 2, 0, 0, 0.0
71, 1, 3, 0, 0, 0.0
71, 1, 4, 0, 0, 0.0
71, 1, 5, 0, 0, 0.0
71, 1, 6, 0, 0, 0.0
71, 1, 7, 0, 0, 0.0
71, 1, 8, 0, 0, 0.0
71, 1, 9, 0, 0, 0.0
71, 1, 10, 0, 0, 0.0
71, 1, 11, 0, 0, 0.0
71, 1, 12, 0, 0, 0.0
71, 1, 13, 0, 0, 0.0
71, 1, 14, 0, 0, 0.0
71, 1, 15, 0, 0, 0.0
71, 1, 16, 0, 0, 0.0
71, 1, 17, 0, 0, 0.0
71, 1, 18, 0, 0, 0.0
71, 1, 19, 0, 0, 0.0
71, 1, 20, 0, 0, 0.0
72, 0, 0, 0, 0, 0.0
72, 0, 1, 0, 0, 0.0
72, 0, 2, 0, 0, 0.0
72, 0, 3, 0, 0, 0.0
72, 0, 4, 0, 0, 0.0
72, 0, 5, 0, 0, 0.0
72, 0, 6, 0, 0, 0.0
72, 0, 7, 0, 0, 0.0
72, 0, 8, 0, 0, 0.0
72, 0, 9, 0, 0, 0.0
72, 0, 10, 0, 0, 0.0
72, 0, 11, 0, 0, 0.0
72, 0, 12, 0, 0, 0.0
72, 0, 13, 0, 0, 0.0
72, 0, 14, 0, 0, 0.0
72, 0, 15, 0, 0, 0.0
72, 0, 16, 0, 0, 0.0
72, 0, 17, 0, 0, 0.0
72, 0, 18, 0, 0, 0.0
72, 0, 19, 0, 0, 0.0
72, 0, 20, 0, 0, 0.0
72, 1, 0, 0, 0, 0.0
72, 1, 1, 0, 0, 0.0
72, 1, 2, 0, 0, 0.0
72, 1, 3, 0, 0, 0.0
72, 1, 4, 0, 0, 0.0
72, 1, 5, 0, 0, 0.0
72, 1, 6, 0, 0, 0.0
72, 1, 7, 0, 0, 0.0
72, 1, 8, 0, 0, 0.0
72, 1, 9, 0, 0, 0.0
72, 1, 10, 0, 0, 0.0
72, 1, 11, 0, 0, 0.0
72, 1, 12, 0, 0, 0.0
72, 1, 13, 0, 0, 0.0
72, 1, 14, 0, 0, 0.0
72, 1, 15, 0, 0, 0.0
72, 1, 16, 0, 0, 0.0
72, 1, 17, 0, 0, 0.0
72, 1, 18, 0, 0, 0.0
72, 1, 19, 0, 0, 0.0
72, 1, 20, 0, 0, 0.0
73, 0, 0, 0, 0, 0.0
73, 0, 1, 0, 0, 0.0
73, 0, 2, 0, 0, 0.0
73, 0, 3, 0, 0, 0.0
73, 0, 4, 0, 0, 0.0
73, 0, 5, 0, 0, 0.0
73, 0, 6, 0, 0, 0.0
73, 0, 7, 0, 0, 0.0
73, 0, 8, 0, 0, 0.0
73, 0, 9, 0, 0, 0.0
73, 0, 10, 0, 0, 0.0
73, 0, 11, 0, 0, 0.0
73, 0, 12, 0, 0, 0.0
73, 0, 13, 0, 0, 0.0
73, 0, 14, 0, 0, 0.0
73, 0, 15, 0, 0, 0.0
73, 0, 16, 0, 0, 0.0
73, 0, 17, 0, 0, 0.0
73, 0, 18, 0, 0, 0.0
73, 0, 19, 0, 0, 0.0
73, 0, 20, 0, 0, 0.0
73, 1, 0, 0, 0, 0.0
73, 1, 1, 0, 0, 0.0
73, 1, 2, 0, 0, 0.0
73, 1, 3, 0, 0, 0.0
73, 1, 4, 0, 0, 0.0
73, 1, 5, 0, 0, 0.0
73, 1, 6, 0, 0, 0.0
73, 1, 7, 0, 0, 0.0
73, 1, 8, 0, 0, 0.0
73, 1, 9, 0, 0, 0.0
73, 1, 10, 0, 0, 0.0
73, 1, 11, 0, 0, 0.0
73, 1, 12, 0, 0, 0.0
73, 1, 13, 0, 0, 0.0
73, 1, 14, 0, 0, 0.0
73, 1, 15, 0, 0, 0.0
73, 1, 16, 0, 0, 0.0
73, 1, 17, 0, 0, 0.0
73, 1, 18, 0, 0, 0.0
73, 1, 19, 0, 0, 0.0
73, 1, 20, 0, 0, 0.0
74, 0, 0, 0, 0, 0.0
74, 0, 1, 0, 0, 0.0
74, 0, 2, 0, 0, 0.0
74, 0, 3, 0, 0, 0.0
74, 0, 4, 0, 0, 0.0
74, 0, 5, 0, 0, 0.0
74, 0, 6, 0, 0, 0.0
74, 0, 7, 0, 0, 0.0
74, 0, 8, 0, 0, 0.0
74, 0, 9, 0, 0, 0.0
74, 0, 10, 0, 0, 0.0
74, 0, 11, 0, 0, 0.0
74, 0, 12, 0, 0, 0.0
74, 0, 13, 0, 0, 0.0
74, 0, 14, 0, 0, 0.0
74, 0, 15, 0, 0, 0.0
74, 0, 16, 0, 0, 0.0
74, 0, 17, 0, 0, 0.0
74, 0, 18, 0, 0, 0.0
74, 0, 19, 0, 0, 0.0
74, 0, 20, 0, 0, 0.0
74, 1, 0, 0, 0, 0.0
74, 1, 1, 0, 0, 0.0
74, 1, 2, 0, 0, 0.0
74, 1, 3, 0, 0, 0.0
74, 1, 4, 0, 0, 0.0
74, 1, 5, 0, 0, 0.0
74, 1, 6, 0, 0, 0.0
74, 1, 7, 0, 0, 0.0
74, 1, 8, 0, 0, 0.0
74, 1, 9, 0, 0, 0.0
74, 1, 10, 0, 0, 0.0
74, 1, 11, 0, 0, 0.0
74, 1, 12, 0, 0, 0.0
74, 1, 13, 0, 0, 0.0
74, 1, 14, 0, 0, 0.0
74, 1, 15, 0, 0, 0.0
74, 1, 16, 0, 0, 0.0
74, 1, 17, 0, 0, 0.0
74, 1, 18, 0, 0, 0.0
74, 1, 19, 0, 0, 0.0
74, 1, 20, 0, 0, 0.0
75, 0, 0, 0, 0, 0.0
75, 0, 1, 0, 0, 0.0
75, 0, 2, 0, 0, 0.0
75, 0, 3, 0, 0, 0.0
75, 0, 4, 0, 0, 0.0
75, 0, 5, 0, 0, 0.0
75, 0, 6, 0, 0, 0.0
75, 0, 7, 0, 0, 0.0
75, 0, 8, 0, 0, 0.0
75, 0, 9, 0, 0, 0.0
75, 0, 10, 0, 0, 0.0
75, 0, 11, 0, 0, 0.0
75, 0, 12, 0, 0, 0.0
75, 0, 13, 0, 0, 0.0
75, 0, 14, 0, 0, 0.0
75, 0, 15, 0, 0, 0.0
75, 0, 16, 0, 0, 0.0
75, 0, 17, 0, 0, 0.0
75, 0, 18, 0, 0, 0.0
75, 0, 19, 0, 0, 0.0
75, 0, 20, 0, 0, 0.0
75, 1, 0, 0, 0, 0.0
75, 1, 1, 0, 0, 0.0
75, 1, 2, 0, 0, 0.0
75, 1, 3, 0, 0, 0.0
75, 1, 4, 0, 0, 0.0
75, 1, 5, 0, 0, 0.0
75, 1, 6, 0, 0, 0.0
75, 1, 7, 0, 0, 0.0
75, 1, 8, 0, 0, 0.0
75, 1, 9, 0, 0, 0.0
75, 1, 10, 0, 0, 0.0
75, 1, 11, 0, 0, 0.0
75, 1, 12, 0, 0, 0.0
75, 1, 13, 0, 0, 0.0
75, 1, 14, 0, 0, 0.0
75, 1, 15, 0, 0, 0.0
75, 1, 16, 0, 0, 0.0
75, 1, 17, 0, 0, 0.0
75, 1, 18, 0, 0, 0.0
75, 1, 19, 0, 0, 0.0
75, 1, 20, 0, 0, 0.0
76, 0, 0, 0, 0, 0.0
76, 0, 1, 0, 0, 0.0
76, 0, 2, 0, 0, 0.0
76, 0, 3, 0, 0, 0.0
76, 0, 4, 0, 0, 0.0
76, 0, 5, 0, 0, 0.0
76, 0, 6, 0, 0, 0.0
76, 0, 7, 0, 0, 0.0
76, 0, 8, 0, 0, 0.0
76, 0, 9, 0, 0, 0.0
76, 0, 10, 0, 0, 0.0
76, 0, 11, 0, 0, 0.0
76, 0, 12, 0, 0, 0.0
76, 0, 13, 0, 0, 0.0
76, 0, 14, 0, 0, 0.0
76, 0, 15, 0, 0, 0.0
76, 0, 16, 0, 0, 0.0
76, 0, 17, 0, 0, 0.0
76, 0, 18, 0, 0, 0.0
76, 0, 19, 0, 0, 0.0
76, 0, 20, 0, 0, 0.0
76, 1, 0, 0, 0, 0.0
76, 1, 1, 0, 0, 0.0
76, 1, 2, 0, 0, 0.0
76, 1, 3, 0, 0, 0.0
76, 1, 4, 0, 0, 0.0
76, 1, 5, 0, 0, 0.0
76, 1, 6, 0, 0, 0.0
76, 1, 7, 0, 0, 0.0
76, 1, 8, 0, 0, 0.0
76, 1, 9, 0, 0, 0.0
76, 1, 10, 0, 0, 0.0
76, 1, 11, 0, 0, 0.0
76, 1, 12, 0, 0, 0.0
76, 1, 13, 0, 0, 0.0
76, 1, 14, 0, 0, 0.0
76, 1, 15, 0, 0, 0.0
76, 1, 16, 0, 0, 0.0
76, 1, 17, 0, 0, 0.0
76, 1, 18, 0, 0, 0.0
76, 1, 19, 0, 0, 0.0
76, 1, 20, 0, 0, 0.0
77, 0, 0, 0, 0, 0.0
77, 0, 1, 0, 0, 0.0
77, 0, 2, 0, 0, 0.0
77, 0, 3, 0, 0, 0.0
77, 0, 4, 0, 0, 0.0
77, 0, 5, 0, 0, 0.0
77, 0, 6, 0, 0, 0.0
77, 0, 7, 0, 0, 0.0
77, 0, 8, 0, 0, 0.0
77, 0, 9, 0, 0, 0.0
77, 0, 10, 0, 0, 0.0
77, 0, 11, 0, 0, 0.0
77, 0, 12, 0, 0, 0.0
77, 0, 13, 0, 0, 0.0
77, 0, 14, 0, 0, 0.0
77, 0, 15, 0, 0, 0.0
77, 0, 16, 0, 0, 0.0
77, 0, 17, 0, 0, 0.0
77, 0, 18, 0, 0, 0.0
77, 0, 19, 0, 0, 0.0
77, 0, 20, 0, 0, 0.0
77, 1, 0, 0, 0, 0.0
77, 1, 1, 0, 0, 0.0
77, 1, 2, 0, 0, 0.0
77, 1, 3, 0, 0, 0.0
77, 1, 4, 0, 0, 0.0
77, 1, 5, 0, 0, 0.0
77, 1, 6, 0, 0, 0.0
77, 1, 7, 0, 0, 0.0
77, 1, 8, 0, 0, 0.0
77, 1, 9, 0, 0, 0.0
77, 1, 10, 0, 0, 0.0
77, 1, 11, 0, 0, 0.0
77, 1, 12, 0, 0, 0.0
77, 1, 13, 0, 0, 0.0
77, 1, 14, 0, 0, 0.0
77, 1, 15, 0, 0, 0.0
77, 1, 16, 0, 0, 0.0
77, 1, 17, 0, 0, 0.0
77, 1, 18, 0, 0, 0.0
77, 1, 19, 0, 0, 0.0
77, 1, 20, 0, 0, 0.0
