0, 0, 0, 0, 0, 0.0
0, 0, 1, 0, 0, 0.0
0, 0, 2, 0, 0, 0.0
0, 0, 3, 0, 0, 0.0
0, 0, 4, 0, 0, 0.0
0, 0, 5, 0, 0, 0.0
0, 0, 6, 0, 0, 0.0
0, 0, 7, 0, 0, 0.0
0, 0, 8, 0, 0, 0.0
0, 0, 9, 0, 0, 0.0
0, 0, 10, 0, 0, 0.0
0, 0, 11, 0, 0, 0.0
0, 0, 12, 0, 0, 0.0
0, 0, 13, 0, 0, 0.0
0, 0, 14, 0, 0, 0.0
0, 0, 15, 0, 0, 0.0
0, 0, 16, 0, 0, 0.0
0, 0, 17, 0, 0, 0.0
0, 0, 18, 0, 0, 0.0
0, 0, 19, 0, 0, 0.0
0, 0, 20, 0, 0, 0.0
0, 1, 0, 0, 0, 0.0
0, 1, 1, 0, 0, 0.0
0, 1, 2, 0, 0, 0.0
0, 1, 3, 0, 0, 0.0
0, 1, 4, 0, 0, 0.0
0, 1, 5, 0, 0, 0.0
0, 1, 6, 0, 0, 0.0
0, 1, 7, 0, 0, 0.0
0, 1, 8, 0, 0, 0.0
0, 1, 9, 0, 0, 0.0
0, 1, 10, 0, 0, 0.0
0, 1, 11, 0, 0, 0.0
0, 1, 12, 0, 0, 0.0
0, 1, 13, 0, 0, 0.0
0, 1, 14, 0, 0, 0.0
0, 1, 15, 0, 0, 0.0
0, 1, 16, 0, 0, 0.0
0, 1, 17, 0, 0, 0.0
0, 1, 18, 0, 0, 0.0
0, 1, 19, 0, 0, 0.0
0, 1, 20, 0, 0, 0.0
1, 0, 0, 0, 0, 0.0
1, 0, 1, 0, 0, 0.0
1, 0, 2, 0, 0, 0.0
1, 0, 3, 0, 0, 0.0
1, 0, 4, 0, 0, 0.0
1, 0, 5, 0, 0, 0.0
1, 0, 6, 0, 0, 0.0
1, 0, 7, 0, 0, 0.0
1, 0, 8, 0, 0, 0.0
1, 0, 9, 0, 0, 0.0
1, 0, 10, 0, 0, 0.0
1, 0, 11, 0, 0, 0.0
1, 0, 12, 0, 0, 0.0
1, 0, 13, 0, 0, 0.0
1, 0, 14, 0, 0, 0.0
1, 0, 15, 0, 0, 0.0
1, 0, 16, 0, 0, 0.0
1, 0, 17, 0, 0, 0.0
1, 0, 18, 0, 0, 0.0
1, 0, 19, 0, 0, 0.0
1, 0, 20, 0, 0, 0.0
1, 1, 0, 0, 0, 0.0
1, 1, 1, 0, 0, 0.0
1, 1, 2, 0, 0, 0.0
1, 1, 3, 0, 0, 0.0
1, 1, 4, 0, 0, 0.0
1, 1, 5, 0, 0, 0.0
1, 1, 6, 0, 0, 0.0
1, 1, 7, 0, 0, 0.0
1, 1, 8, 0, 0, 0.0
1, 1, 9, 0, 0, 0.0
1, 1, 10, 0, 0, 0.0
1, 1, 11, 0, 0, 0.0
1, 1, 12, 0, 0, 0.0
1, 1, 13, 0, 0, 0.0
1, 1, 14, 0, 0, 0.0
1, 1, 15, 0, 0, 0.0
1, 1, 16, 0, 0, 0.0
1, 1, 17, 0, 0, 0.0
1, 1, 18, 0, 0, 0.0
1, 1, 19, 0, 0, 0.0
1, 1, 20, 0, 0, 0.0
2, 0, 0, 0, 0, 0.0
2, 0, 1, 0, 0, 0.0
2, 0, 2, 0, 0, 0.0
2, 0, 3, 0, 0, 0.0
2, 0, 4, 0, 0, 0.0
2, 0, 5, 0, 0, 0.0
2, 0, 6, 0, 0, 0.0
2, 0, 7, 0, 0, 0.0
2, 0, 8, 0, 0, 0.0
2, 0, 9, 0, 0, 0.0
2, 0, 10, 0, 0, 0.0
2, 0, 11, 0, 0, 0.0
2, 0, 12, 0, 0, 0.0
2, 0, 13, 0, 0, 0.0
2, 0, 14, 0, 0, 0.0
2, 0, 15, 0, 0, 0.0
2, 0, 16, 0, 0, 0.0
2, 0, 17, 0, 0, 0.0
2, 0, 18, 0, 0, 0.0
2, 0, 19, 0, 0, 0.0
2, 0, 20, 0, 0, 0.0
2, 1, 0, 0, 0, 0.0
2, 1, 1, 0, 0, 0.0
2, 1, 2, 0, 0, 0.0
2, 1, 3, 0, 0, 0.0
2, 1, 4, 0, 0, 0.0
2, 1, 5, 0, 0, 0.0
2, 1, 6, 0, 0, 0.0
2, 1, 7, 0, 0, 0.0
2, 1, 8, 0, 0, 0.0
2, 1, 9, 0, 0, 0.0
2, 1, 10, 0, 0, 0.0
2, 1, 11, 0, 0, 0.0
2, 1, 12, 0, 0, 0.0
2, 1, 13, 0, 0, 0.0
2, 1, 14, 0, 0, 0.0
2, 1, 15, 0, 0, 0.0
2, 1, 16, 0, 0, 0.0
2, 1, 17, 0, 0, 0.0
2, 1, 18, 0, 0, 0.0
2, 1, 19, 0, 0, 0.0
2, 1, 20, 0, 0, 0.0
3, 0, 0, 0, 0, 0.0
3, 0, 1, 0, 0, 0.0
3, 0, 2, 0, 0, 0.0
3, 0, 3, 0, 0, 0.0
3, 0, 4, 0, 0, 0.0
3, 0, 5, 0, 0, 0.0
3, 0, 6, 0, 0, 0.0
3, 0, 7, 0, 0, 0.0
3, 0, 8, 0, 0, 0.0
3, 0, 9, 0, 0, 0.0
3, 0, 10, 0, 0, 0.0
3, 0, 11, 0, 0, 0.0
3, 0, 12, 0, 0, 0.0
3, 0, 13, 0, 0, 0.0
3, 0, 14, 0, 0, 0.0
3, 0, 15, 0, 0, 0.0
3, 0, 16, 0, 0, 0.0
3, 0, 17, 0, 0, 0.0
3, 0, 18, 0, 0, 0.0
3, 0, 19, 0, 0, 0.0
3, 0, 20, 0, 0, 0.0
3, 1, 0, 0, 0, 0.0
3, 1, 1, 0, 0, 0.0
3, 1, 2, 0, 0, 0.0
3, 1, 3, 0, 0, 0.0
3, 1, 4, 0, 0, 0.0
3, 1, 5, 0, 0, 0.0
3, 1, 6, 0, 0, 0.0
3, 1, 7, 0, 0, 0.0
3, 1, 8, 0, 0, 0.0
3, 1, 9, 0, 0, 0.0
3, 1, 10, 0, 0, 0.0
3, 1, 11, 0, 0, 0.0
3, 1, 12, 0, 0, 0.0
3, 1, 13, 0, 0, 0.0
3, 1, 14, 0, 0, 0.0
3, 1, 15, 0, 0, 0.0
3, 1, 16, 0, 0, 0.0
3, 1, 17, 0, 0, 0.0
3, 1, 18, 0, 0, 0.0
3, 1, 19, 0, 0, 0.0
3, 1, 20, 0, 0, 0.0
4, 0, 0, 0, 0, 0.0
4, 0, 1, 0, 0, 0.0
4, 0, 2, 0, 0, 0.0
4, 0, 3, 0, 0, 0.0
4, 0, 4, 0, 0, 0.0
4, 0, 5, 0, 0, 0.0
4, 0, 6, 0, 0, 0.0
4, 0, 7, 0, 0, 0.0
4, 0, 8, 0, 0, 0.0
4, 0, 9, 0, 0, 0.0
4, 0, 10, 0, 0, 0.0
4, 0, 11, 0, 0, 0.0
4, 0, 12, 0, 0, 0.0
4, 0, 13, 0, 0, 0.0
4, 0, 14, 0, 0, 0.0
4, 0, 15, 0, 0, 0.0
4, 0, 16, 0, 0, 0.0
4, 0, 17, 0, 0, 0.0
4, 0, 18, 0, 0, 0.0
4, 0, 19, 0, 0, 0.0
4, 0, 20, 0, 0, 0.0
4, 1, 0, 0, 0, 0.0
4, 1, 1, 0, 0, 0.0
4, 1, 2, 0, 0, 0.0
4, 1, 3, 0, 0, 0.0
4, 1, 4, 0, 0, 0.0
4, 1, 5, 0, 0, 0.0
4, 1, 6, 0, 0, 0.0
4, 1, 7, 0, 0, 0.0
4, 1, 8, 0, 0, 0.0
4, 1, 9, 0, 0, 0.0
4, 1, 10, 0, 0, 0.0
4, 1, 11, 0, 0, 0.0
4, 1, 12, 0, 0, 0.0
4, 1, 13, 0, 0, 0.0
4, 1, 14, 0, 0, 0.0
4, 1, 15, 0, 0, 0.0
4, 1, 16, 0, 0, 0.0
4, 1, 17, 0, 0, 0.0
4, 1, 18, 0, 0, 0.0
4, 1, 19, 0, 0, 0.0
4, 1, 20, 0, 0, 0.0
5, 0, 0, 0, 0, 0.0
5, 0, 1, 0, 0, 0.0
5, 0, 2, 0, 0, 0.0
5, 0, 3, 0, 0, 0.0
5, 0, 4, 0, 0, 0.0
5, 0, 5, 0, 0, 0.0
5, 0, 6, 0, 0, 0.0
5, 0, 7, 0, 0, 0.0
5, 0, 8, 0, 0, 0.0
5, 0, 9, 0, 0, 0.0
5, 0, 10, 0, 0, 0.0
5, 0, 11, 0, 0, 0.0
5, 0, 12, 0, 0, 0.0
5, 0, 13, 0, 0, 0.0
5, 0, 14, 0, 0, 0.0
5, 0, 15, 0, 0, 0.0
5, 0, 16, 0, 0, 0.0
5, 0, 17, 0, 0, 0.0
5, 0, 18, 0, 0, 0.0
5, 0, 19, 0, 0, 0.0
5, 0, 20, 0, 0, 0.0
5, 1, 0, 0, 0, 0.0
5, 1, 1, 0, 0, 0.0
5, 1, 2, 0, 0, 0.0
5, 1, 3, 0, 0, 0.0
5, 1, 4, 0, 0, 0.0
5, 1, 5, 0, 0, 0.0
5, 1, 6, 0, 0, 0.0
5, 1, 7, 0, 0, 0.0
5, 1, 8, 0, 0, 0.0
5, 1, 9, 0, 0, 0.0
5, 1, 10, 0, 0, 0.0
5, 1, 11, 0, 0, 0.0
5, 1, 12, 0, 0, 0.0
5, 1, 13, 0, 0, 0.0
5, 1, 14, 0, 0, 0.0
5, 1, 15, 0, 0, 0.0
5, 1, 16, 0, 0, 0.0
5, 1, 17, 0, 0, 0.0
5, 1, 18, 0, 0, 0.0
5, 1, 19, 0, 0, 0.0
5, 1, 20, 0, 0, 0.0
6, 0, 0, 0, 0, 0.0
6, 0, 1, 0, 0, 0.0
6, 0, 2, 0, 0, 0.0
6, 0, 3, 0, 0, 0.0
6, 0, 4, 0, 0, 0.0
6, 0, 5, 0, 0, 0.0
6, 0, 6, 0, 0, 0.0
6, 0, 7, 0, 0, 0.0
6, 0, 8, 0, 0, 0.0
6, 0, 9, 0, 0, 0.0
6, 0, 10, 0, 0, 0.0
6, 0, 11, 0, 0, 0.0
6, 0, 12, 0, 0, 0.0
6, 0, 13, 0, 0, 0.0
6, 0, 14, 0, 0, 0.0
6, 0, 15, 0, 0, 0.0
6, 0, 16, 0, 0, 0.0
6, 0, 17, 0, 0, 0.0
6, 0, 18, 0, 0, 0.0
6, 0, 19, 0, 0, 0.0
6, 0, 20, 0, 0, 0.0
6, 1, 0, 0, 0, 0.0
6, 1, 1, 0, 0, 0.0
6, 1, 2, 0, 0, 0.0
6, 1, 3, 0, 0, 0.0
6, 1, 4, 0, 0, 0.0
6, 1, 5, 0, 0, 0.0
6, 1, 6, 0, 0, 0.0
6, 1, 7, 0, 0, 0.0
6, 1, 8, 0, 0, 0.0
6, 1, 9, 0, 0, 0.0
6, 1, 10, 0, 0, 0.0
6, 1, 11, 0, 0, 0.0
6, 1, 12, 0, 0, 0.0
6, 1, 13, 0, 0, 0.0
6, 1, 14, 0, 0, 0.0
6, 1, 15, 0, 0, 0.0
6, 1, 16, 0, 0, 0.0
6, 1, 17, 0, 0, 0.0
6, 1, 18, 0, 0, 0.0
6, 1, 19, 0, 0, 0.0
6, 1, 20, 0, 0, 0.0
7, 0, 0, 0, 0, 0.0
7, 0, 1, 0, 0, 0.0
7, 0, 2, 0, 0, 0.0
7, 0, 3, 0, 0, 0.0
7, 0, 4, 0, 0, 0.0
7, 0, 5, 0, 0, 0.0
7, 0, 6, 0, 0, 0.0
7, 0, 7, 0, 0, 0.0
7, 0, 8, 0, 0, 0.0
7, 0, 9, 0, 0, 0.0
7, 0, 10, 0, 0, 0.0
7, 0, 11, 0, 0, 0.0
7, 0, 12, 0, 0, 0.0
7, 0, 13, 0, 0, 0.0
7, 0, 14, 0, 0, 0.0
7, 0, 15, 0, 0, 0.0
7, 0, 16, 0, 0, 0.0
7, 0, 17, 0, 0, 0.0
7, 0, 18, 0, 0, 0.0
7, 0, 19, 0, 0, 0.0
7, 0, 20, 0, 0, 0.0
7, 1, 0, 0, 0, 0.0
7, 1, 1, 0, 0, 0.0
7, 1, 2, 0, 0, 0.0
7, 1, 3, 0, 0, 0.0
7, 1, 4, 0, 0, 0.0
7, 1, 5, 0, 0, 0.0
7, 1, 6, 0, 0, 0.0
7, 1, 7, 0, 0, 0.0
7, 1, 8, 0, 0, 0.0
7, 1, 9, 0, 0, 0.0
7, 1, 10, 0, 0, 0.0
7, 1, 11, 0, 0, 0.0
7, 1, 12, 0, 0, 0.0
7, 1, 13, 0, 0, 0.0
7, 1, 14, 0, 0, 0.0
7, 1, 15, 0, 0, 0.0
7, 1, 16, 0, 0, 0.0
7, 1, 17, 0, 0, 0.0
7, 1, 18, 0, 0, 0.0
7, 1, 19, 0, 0, 0.0
7, 1, 20, 0, 0, 0.0
8, 0, 0, 0, 0, 0.0
8, 0, 1, 0, 0, 0.0
8, 0, 2, 0, 0, 0.0
8, 0, 3, 0, 0, 0.0
8, 0, 4, 0, 0, 0.0
8, 0, 5, 0, 0, 0.0
8, 0, 6, 0, 0, 0.0
8, 0, 7, 0, 0, 0.0
8, 0, 8, 0, 0, 0.0
8, 0, 9, 0, 0, 0.0
8, 0, 10, 0, 0, 0.0
8, 0, 11, 0, 0, 0.0
8, 0, 12, 0, 0, 0.0
8, 0, 13, 0, 0, 0.0
8, 0, 14, 0, 0, 0.0
8, 0, 15, 0, 0, 0.0
8, 0, 16, 0, 0, 0.0
8, 0, 17, 0, 0, 0.0
8, 0, 18, 0, 0, 0.0
8, 0, 19, 0, 0, 0.0
8, 0, 20, 0, 0, 0.0
8, 1, 0, 0, 0, 0.0
8, 1, 1, 0, 0, 0.0
8, 1, 2, 0, 0, 0.0
8, 1, 3, 0, 0, 0.0
8, 1, 4, 0, 0, 0.0
8, 1, 5, 0, 0, 0.0
8, 1, 6, 0, 0, 0.0
8, 1, 7, 0, 0, 0.0
8, 1, 8, 0, 0, 0.0
8, 1, 9, 0, 0, 0.0
8, 1, 10, 0, 0, 0.0
8, 1, 11, 0, 0, 0.0
8, 1, 12, 0, 0, 0.0
8, 1, 13, 0, 0, 0.0
8, 1, 14, 0, 0, 0.0
8, 1, 15, 0, 0, 0.0
8, 1, 16, 0, 0, 0.0
8, 1, 17, 0, 0, 0.0
8, 1, 18, 0, 0, 0.0
8, 1, 19, 0, 0, 0.0
8, 1, 20, 0, 0, 0.0
9, 0, 0, 0, 0, 0.0
9, 0, 1, 0, 0, 0.0
9, 0, 2, 0, 0, 0.0
9, 0, 3, 0, 0, 0.0
9, 0, 4, 0, 0, 0.0
9, 0, 5, 0, 0, 0.0
9, 0, 6, 0, 0, 0.0
9, 0, 7, 0, 0, 0.0
9, 0, 8, 0, 0, 0.0
9, 0, 9, 0, 0, 0.0
9, 0, 10, 0, 0, 0.0
9, 0, 11, 0, 0, 0.0
9, 0, 12, 0, 0, 0.0
9, 0, 13, 0, 0, 0.0
9, 0, 14, 0, 0, 0.0
9, 0, 15, 0, 0, 0.0
9, 0, 16, 0, 0, 0.0
9, 0, 17, 0, 0, 0.0
9, 0, 18, 0, 0, 0.0
9, 0, 19, 0, 0, 0.0
9, 0, 20, 0, 0, 0.0
9, 1, 0, 0, 0, 0.0
9, 1, 1, 0, 0, 0.0
9, 1, 2, 0, 0, 0.0
9, 1, 3, 0, 0, 0.0
9, 1, 4, 0, 0, 0.0
9, 1, 5, 0, 0, 0.0
9, 1, 6, 0, 0, 0.0
9, 1, 7, 0, 0, 0.0
9, 1, 8, 0, 0, 0.0
9, 1, 9, 0, 0, 0.0
9, 1, 10, 0, 0, 0.0
9, 1, 11, 0, 0, 0.0
9, 1, 12, 0, 0, 0.0
9, 1, 13, 0, 0, 0.0
9, 1, 14, 0, 0, 0.0
9, 1, 15, 0, 0, 0.0
9, 1, 16, 0, 0, 0.0
9, 1, 17, 0, 0, 0.0
9, 1, 18, 0, 0, 0.0
9, 1, 19, 0, 0, 0.0
9, 1, 20, 0, 0, 0.0
10, 0, 0, 0, 0, 0.0
10, 0, 1, 0, 0, 0.0
10, 0, 2, 0, 0, 0.0
10, 0, 3, 0, 0, 0.0
10, 0, 4, 0, 0, 0.0
10, 0, 5, 0, 0, 0.0
10, 0, 6, 0, 0, 0.0
10, 0, 7, 0, 0, 0.0
10, 0, 8, 0, 0, 0.0
10, 0, 9, 0, 0, 0.0
10, 0, 10, 0, 0, 0.0
10, 0, 11, 0, 0, 0.0
10, 0, 12, 0, 0, 0.0
10, 0, 13, 0, 0, 0.0
10, 0, 14, 0, 0, 0.0
10, 0, 15, 0, 0, 0.0
10, 0, 16, 0, 0, 0.0
10, 0, 17, 0, 0, 0.0
10, 0, 18, 0, 0, 0.0
10, 0, 19, 0, 0, 0.0
10, 0, 20, 0, 0, 0.0
10, 1, 0, 0, 0, 0.0
10, 1, 1, 0, 0, 0.0
10, 1, 2, 0, 0, 0.0
10, 1, 3, 0, 0, 0.0
10, 1, 4, 0, 0, 0.0
10, 1, 5, 0, 0, 0.0
10, 1, 6, 0, 0, 0.0
10, 1, 7, 0, 0, 0.0
10, 1, 8, 0, 0, 0.0
10, 1, 9, 0, 0, 0.0
10, 1, 10, 0, 0, 0.0
10, 1, 11, 0, 0, 0.0
10, 1, 12, 0, 0, 0.0
10, 1, 13, 0, 0, 0.0
10, 1, 14, 0, 0, 0.0
10, 1, 15, 0, 0, 0.0
10, 1, 16, 0, 0, 0.0
10, 1, 17, 0, 0, 0.0
10, 1, 18, 0, 0, 0.0
10, 1, 19, 0, 0, 0.0
10, 1, 20, 0, 0, 0.0
11, 0, 0, 0, 0, 0.0
11, 0, 1, 0, 0, 0.0
11, 0, 2, 0, 0, 0.0
11, 0, 3, 0, 0, 0.0
11, 0, 4, 0, 0, 0.0
11, 0, 5, 0, 0, 0.0
11, 0, 6, 0, 0, 0.0
11, 0, 7, 0, 0, 0.0
11, 0, 8, 0, 0, 0.0
11, 0, 9, 0, 0, 0.0
11, 0, 10, 0, 0, 0.0
11, 0, 11, 0, 0, 0.0
11, 0, 12, 0, 0, 0.0
11, 0, 13, 0, 0, 0.0
11, 0, 14, 0, 0, 0.0
11, 0, 15, 0, 0, 0.0
11, 0, 16, 0, 0, 0.0
11, 0, 17, 0, 0, 0.0
11, 0, 18, 0, 0, 0.0
11, 0, 19, 0, 0, 0.0
11, 0, 20, 0, 0, 0.0
11, 1, 0, 0, 0, 0.0
11, 1, 1, 0, 0, 0.0
11, 1, 2, 0, 0, 0.0
11, 1, 3, 0, 0, 0.0
11, 1, 4, 0, 0, 0.0
11, 1, 5, 0, 0, 0.0
11, 1, 6, 0, 0, 0.0
11, 1, 7, 0, 0, 0.0
11, 1, 8, 0, 0, 0.0
11, 1, 9, 0, 0, 0.0
11, 1, 10, 0, 0, 0.0
11, 1, 11, 0, 0, 0.0
11, 1, 12, 0, 0, 0.0
11, 1, 13, 0, 0, 0.0
11, 1, 14, 0, 0, 0.0
11, 1, 15, 0, 0, 0.0
11, 1, 16, 0, 0, 0.0
11, 1, 17, 0, 0, 0.0
11, 1, 18, 0, 0, 0.0
11, 1, 19, 0, 0, 0.0
11, 1, 20, 0, 0, 0.0
12, 0, 0, 0, 0, 0.0
12, 0, 1, 0, 0, 0.0
12, 0, 2, 0, 0, 0.0
12, 0, 3, 0, 0, 0.0
12, 0, 4, 0, 0, 0.0
12, 0, 5, 0, 0, 0.0
12, 0, 6, 0, 0, 0.0
12, 0, 7, 0, 0, 0.0
12, 0, 8, 0, 0, 0.0
12, 0, 9, 0, 0, 0.0
12, 0, 10, 0, 0, 0.0
12, 0, 11, 0, 0, 0.0
12, 0, 12, 0, 0, 0.0
12, 0, 13, 0, 0, 0.0
12, 0, 14, 0, 0, 0.0
12, 0, 15, 0, 0, 0.0
12, 0, 16, 0, 0, 0.0
12, 0, 17, 0, 0, 0.0
12, 0, 18, 0, 0, 0.0
12, 0, 19, 0, 0, 0.0
12, 0, 20, 0, 0, 0.0
12, 1, 0, 0, 0, 0.0
12, 1, 1, 0, 0, 0.0
12, 1, 2, 0, 0, 0.0
12, 1, 3, 0, 0, 0.0
12, 1, 4, 0, 0, 0.0
12, 1, 5, 0, 0, 0.0
12, 1, 6, 0, 0, 0.0
12, 1, 7, 0, 0, 0.0
12, 1, 8, 0, 0, 0.0
12, 1, 9, 0, 0, 0.0
12, 1, 10, 0, 0, 0.0
12, 1, 11, 0, 0, 0.0
12, 1, 12, 0, 0, 0.0
12, 1, 13, 0, 0, 0.0
12, 1, 14, 0, 0, 0.0
12, 1, 15, 0, 0, 0.0
12, 1, 16, 0, 0, 0.0
12, 1, 17, 0, 0, 0.0
12, 1, 18, 0, 0, 0.0
12, 1, 19, 0, 0, 0.0
12, 1, 20, 0, 0, 0.0
13, 0, 0, 0, 0, 0.0
13, 0, 1, 0, 0, 0.0
13, 0, 2, 0, 0, 0.0
13, 0, 3, 0, 0, 0.0
13, 0, 4, 0, 0, 0.0
13, 0, 5, 0, 0, 0.0
13, 0, 6, 0, 0, 0.0
13, 0, 7, 0, 0, 0.0
13, 0, 8, 0, 0, 0.0
13, 0, 9, 0, 0, 0.0
13, 0, 10, 0, 0, 0.0
13, 0, 11, 0, 0, 0.0
13, 0, 12, 0, 0, 0.0
13, 0, 13, 0, 0, 0.0
13, 0, 14, 0, 0, 0.0
13, 0, 15, 0, 0, 0.0
13, 0, 16, 0, 0, 0.0
13, 0, 17, 0, 0, 0.0
13, 0, 18, 0, 0, 0.0
13, 0, 19, 0, 0, 0.0
13, 0, 20, 0, 0, 0.0
13, 1, 0, 0, 0, 0.0
13, 1, 1, 0, 0, 0.0
13, 1, 2, 0, 0, 0.0
13, 1, 3, 0, 0, 0.0
13, 1, 4, 0, 0, 0.0
13, 1, 5, 0, 0, 0.0
13, 1, 6, 0, 0, 0.0
13, 1, 7, 0, 0, 0.0
13, 1, 8, 0, 0, 0.0
13, 1, 9, 0, 0, 0.0
13, 1, 10, 0, 0, 0.0
13, 1, 11, 0, 0, 0.0
13, 1, 12, 0, 0, 0.0
13, 1, 13, 0, 0, 0.0
13, 1, 14, 0, 0, 0.0
13, 1, 15, 0, 0, 0.0
13, 1, 16, 0, 0, 0.0
13, 1, 17, 0, 0, 0.0
13, 1, 18, 0, 0, 0.0
13, 1, 19, 0, 0, 0.0
13, 1, 20, 0, 0, 0.0
14, 0, 0, 0, 0, 0.0
14, 0, 1, 0, 0, 0.0
14, 0, 2, 0, 0, 0.0
14, 0, 3, 0, 0, 0.0
14, 0, 4, 0, 0, 0.0
14, 0, 5, 0, 0, 0.0
14, 0, 6, 0, 0, 0.0
14, 0, 7, 0, 0, 0.0
14, 0, 8, 0, 0, 0.0
14, 0, 9, 0, 0, 0.0
14, 0, 10, 0, 0, 0.0
14, 0, 11, 0, 0, 0.0
14, 0, 12, 0, 0, 0.0
14, 0, 13, 0, 0, 0.0
14, 0, 14, 0, 0, 0.0
14, 0, 15, 0, 0, 0.0
14, 0, 16, 0, 0, 0.0
14, 0, 17, 0, 0, 0.0
14, 0, 18, 0, 0, 0.0
14, 0, 19, 0, 0, 0.0
14, 0, 20, 0, 0, 0.0
14, 1, 0, 0, 0, 0.0
14, 1, 1, 0, 0, 0.0
14, 1, 2, 0, 0, 0.0
14, 1, 3, 0, 0, 0.0
14, 1, 4, 0, 0, 0.0
14, 1, 5, 0, 0, 0.0
14, 1, 6, 0, 0, 0.0
14, 1, 7, 0, 0, 0.0
14, 1, 8, 0, 0, 0.0
14, 1, 9, 0, 0, 0.0
14, 1, 10, 0, 0, 0.0
14, 1, 11, 0, 0, 0.0
14, 1, 12, 0, 0, 0.0
14, 1, 13, 0, 0, 0.0
14, 1, 14, 0, 0, 0.0
14, 1, 15, 0, 0, 0.0
14, 1, 16, 0, 0, 0.0
14, 1, 17, 0, 0, 0.0
14, 1, 18, 0, 0, 0.0
14, 1, 19, 0, 0, 0.0
14, 1, 20, 0, 0, 0.0
15, 0, 0, 0, 0, 0.0
15, 0, 1, 0, 0, 0.0
15, 0, 2, 0, 0, 0.0
15, 0, 3, 0, 0, 0.0
15, 0, 4, 0, 0, 0.0
15, 0, 5, 0, 0, 0.0
15, 0, 6, 0, 0, 0.0
15, 0, 7, 0, 0, 0.0
15, 0, 8, 0, 0, 0.0
15, 0, 9, 0, 0, 0.0
15, 0, 10, 0, 0, 0.0
15, 0, 11, 0, 0, 0.0
15, 0, 12, 0, 0, 0.0
15, 0, 13, 0, 0, 0.0
15, 0, 14, 0, 0, 0.0
15, 0, 15, 0, 0, 0.0
15, 0, 16, 0, 0, 0.0
15, 0, 17, 0, 0, 0.0
15, 0, 18, 0, 0, 0.0
15, 0, 19, 0, 0, 0.0
15, 0, 20, 0, 0, 0.0
15, 1, 0, 0, 0, 0.0
15, 1, 1, 0, 0, 0.0
15, 1, 2, 0, 0, 0.0
15, 1, 3, 0, 0, 0.0
15, 1, 4, 0, 0, 0.0
15, 1, 5, 0, 0, 0.0
15, 1, 6, 0, 0, 0.0
15, 1, 7, 0, 0, 0.0
15, 1, 8, 0, 0, 0.0
15, 1, 9, 0, 0, 0.0
15, 1, 10, 0, 0, 0.0
15, 1, 11, 0, 0, 0.0
15, 1, 12, 0, 0, 0.0
15, 1, 13, 0, 0, 0.0
15, 1, 14, 0, 0, 0.0
15, 1, 15, 0, 0, 0.0
15, 1, 16, 0, 0, 0.0
15, 1, 17, 0, 0, 0.0
15, 1, 18, 0, 0, 0.0
15, 1, 19, 0, 0, 0.0
15, 1, 20, 0, 0, 0.0
16, 0, 0, 727, 962, 1.4024263350620458e-07
16, 0, 1, 772, 965, -0.009663904085755348
16, 0, 2, 814, 1002, -0.015551440417766571
16, 0, 3, 840, 1040, -0.01854589208960533
16, 0, 4, 862, 1066, -0.021471675485372543
16, 0, 5, 785, 1018, -0.02618766389787197
16, 0, 6, 815, 1062, -0.03499022126197815
16, 0, 7, 830, 1093, -0.03911398723721504
16, 0, 8, 842, 1116, -0.04138924553990364
16, 0, 9, 752, 1027, -0.024965109303593636
16, 0, 10, 769, 1079, -0.030917564406991005
16, 0, 11, 780, 1109, -0.03198142722249031
16, 0, 12, 790, 1131, -0.033207472413778305
16, 0, 13, 722, 1030, -0.023325610905885696
16, 0, 14, 730, 1081, -0.02841893769800663
16, 0, 15, 738, 1112, -0.027428152039647102
16, 0, 16, 744, 1134, -0.026905730366706848
16, 0, 17, 697, 1029, -0.022031882777810097
16, 0, 18, 699, 1071, -0.027049707248806953
16, 0, 19, 704, 1099, -0.026181336492300034
16, 0, 20, 709, 1121, -0.025122348219156265
16, 1, 0, 0, 0, 0.0
16, 1, 1, 0, 0, 0.0
16, 1, 2, 0, 0, 0.0
16, 1, 3, 0, 0, 0.0
16, 1, 4, 0, 0, 0.0
16, 1, 5, 0, 0, 0.0
16, 1, 6, 0, 0, 0.0
16, 1, 7, 0, 0, 0.0
16, 1, 8, 0, 0, 0.0
16, 1, 9, 0, 0, 0.0
16, 1, 10, 0, 0, 0.0
16, 1, 11, 0, 0, 0.0
16, 1, 12, 0, 0, 0.0
16, 1, 13, 0, 0, 0.0
16, 1, 14, 0, 0, 0.0
16, 1, 15, 0, 0, 0.0
16, 1, 16, 0, 0, 0.0
16, 1, 17, 0, 0, 0.0
16, 1, 18, 0, 0, 0.0
16, 1, 19, 0, 0, 0.0
16, 1, 20, 0, 0, 0.0
17, 0, 0, 704, 877, 1.7889306036522612e-07
17, 0, 1, 755, 877, -0.007441206369549036
17, 0, 2, 807, 906, -0.011474414728581905
17, 0, 3, 843, 940, -0.014166810549795628
17, 0, 4, 870, 966, -0.016336878761649132
17, 0, 5, 798, 891, -0.022337201982736588
17, 0, 6, 835, 926, -0.031999390572309494
17, 0, 7, 856, 952, -0.03572239726781845
17, 0, 8, 875, 976, -0.03791438788175583
17, 0, 9, 769, 907, -0.023861484602093697
17, 0, 10, 794, 946, -0.03511875867843628
17, 0, 11, 813, 981, -0.0401756577193737
17, 0, 12, 829, 1013, -0.043391838669776917
17, 0, 13, 736, 923, -0.025209622457623482
17, 0, 14, 740, 966, -0.03873834386467934
17, 0, 15, 746, 997, -0.04458483308553696
17, 0, 16, 753, 1023, -0.04675688222050667
17, 0, 17, 703, 939, -0.02646317519247532
17, 0, 18, 705, 982, -0.03883741423487663
17, 0, 19, 703, 1012, -0.04385372996330261
17, 0, 20, 698, 1039, -0.04592573270201683
17, 1, 0, 751, 958, -4.7964768157271465e-08
17, 1, 1, 784, 956, -0.005454732105135918
17, 1, 2, 815, 963, -0.009646880440413952
17, 1, 3, 844, 971, -0.01362987607717514
17, 1, 4, 867, 980, -0.018184233456850052
17, 1, 5, 800, 967, -0.013483484275639057
17, 1, 6, 821, 977, -0.019130468368530273
17, 1, 7, 831, 986, -0.022044319659471512
17, 1, 8, 836, 999, -0.024518832564353943
17, 1, 9, 769, 973, -0.014922195114195347
17, 1, 10, 781, 983, -0.020889494568109512
17, 1, 11, 787, 994, -0.02428760565817356
17, 1, 12, 792, 1011, -0.027799002826213837
17, 1, 13, 740, 977, -0.016567345708608627
17, 1, 14, 740, 991, -0.02575700357556343
17, 1, 15, 743, 1005, -0.03034106083214283
17, 1, 16, 745, 1022, -0.033313244581222534
17, 1, 17, 713, 981, -0.01802278310060501
17, 1, 18, 703, 1000, -0.026750126853585243
17, 1, 19, 700, 1017, -0.030840657651424408
17, 1, 20, 699, 1038, -0.0338369682431221
18, 0, 0, 0, 0, 0.0
18, 0, 1, 0, 0, 0.0
18, 0, 2, 0, 0, 0.0
18, 0, 3, 0, 0, 0.0
18, 0, 4, 0, 0, 0.0
18, 0, 5, 0, 0, 0.0
18, 0, 6, 0, 0, 0.0
18, 0, 7, 0, 0, 0.0
18, 0, 8, 0, 0, 0.0
18, 0, 9, 0, 0, 0.0
18, 0, 10, 0, 0, 0.0
18, 0, 11, 0, 0, 0.0
18, 0, 12, 0, 0, 0.0
18, 0, 13, 0, 0, 0.0
18, 0, 14, 0, 0, 0.0
18, 0, 15, 0, 0, 0.0
18, 0, 16, 0, 0, 0.0
18, 0, 17, 0, 0, 0.0
18, 0, 18, 0, 0, 0.0
18, 0, 19, 0, 0, 0.0
18, 0, 20, 0, 0, 0.0
18, 1, 0, 0, 0, 0.0
18, 1, 1, 0, 0, 0.0
18, 1, 2, 0, 0, 0.0
18, 1, 3, 0, 0, 0.0
18, 1, 4, 0, 0, 0.0
18, 1, 5, 0, 0, 0.0
18, 1, 6, 0, 0, 0.0
18, 1, 7, 0, 0, 0.0
18, 1, 8, 0, 0, 0.0
18, 1, 9, 0, 0, 0.0
18, 1, 10, 0, 0, 0.0
18, 1, 11, 0, 0, 0.0
18, 1, 12, 0, 0, 0.0
18, 1, 13, 0, 0, 0.0
18, 1, 14, 0, 0, 0.0
18, 1, 15, 0, 0, 0.0
18, 1, 16, 0, 0, 0.0
18, 1, 17, 0, 0, 0.0
18, 1, 18, 0, 0, 0.0
18, 1, 19, 0, 0, 0.0
18, 1, 20, 0, 0, 0.0
19, 0, 0, 763, 766, 9.959872215858923e-08
19, 0, 1, 809, 758, -0.007947814650833607
19, 0, 2, 845, 749, -0.01661420613527298
19, 0, 3, 875, 750, -0.02536972053349018
19, 0, 4, 903, 757, -0.03578010946512222
19, 0, 5, 814, 690, -0.022777142003178596
19, 0, 6, 840, 695, -0.03592386469244957
19, 0, 7, 857, 711, -0.046032875776290894
19, 0, 8, 875, 728, -0.053319599479436874
19, 0, 9, 784, 703, -0.027539223432540894
19, 0, 10, 804, 703, -0.038173552602529526
19, 0, 11, 816, 713, -0.045562971383333206
19, 0, 12, 828, 728, -0.052547138184309006
19, 0, 13, 755, 726, -0.03275209665298462
19, 0, 14, 759, 722, -0.04367217794060707
19, 0, 15, 764, 726, -0.05012282729148865
19, 0, 16, 773, 732, -0.055936142802238464
19, 0, 17, 732, 753, -0.038408756256103516
19, 0, 18, 719, 757, -0.04672323167324066
19, 0, 19, 716, 761, -0.04985010251402855
19, 0, 20, 719, 766, -0.05330989882349968
19, 1, 0, 0, 0, 0.0
19, 1, 1, 0, 0, 0.0
19, 1, 2, 0, 0, 0.0
19, 1, 3, 0, 0, 0.0
19, 1, 4, 0, 0, 0.0
19, 1, 5, 0, 0, 0.0
19, 1, 6, 0, 0, 0.0
19, 1, 7, 0, 0, 0.0
19, 1, 8, 0, 0, 0.0
19, 1, 9, 0, 0, 0.0
19, 1, 10, 0, 0, 0.0
19, 1, 11, 0, 0, 0.0
19, 1, 12, 0, 0, 0.0
19, 1, 13, 0, 0, 0.0
19, 1, 14, 0, 0, 0.0
19, 1, 15, 0, 0, 0.0
19, 1, 16, 0, 0, 0.0
19, 1, 17, 0, 0, 0.0
19, 1, 18, 0, 0, 0.0
19, 1, 19, 0, 0, 0.0
19, 1, 20, 0, 0, 0.0
20, 0, 0, 764, 706, 9.681103563252691e-08
20, 0, 1, 808, 692, -0.009586522355675697
20, 0, 2, 843, 673, -0.018665380775928497
20, 0, 3, 873, 661, -0.027455629780888557
20, 0, 4, 906, 659, -0.0373404361307621
20, 0, 5, 814, 632, -0.023914646357297897
20, 0, 6, 832, 600, -0.03872162848711014
20, 0, 7, 854, 602, -0.0493292361497879
20, 0, 8, 879, 610, -0.05634728819131851
20, 0, 9, 789, 637, -0.027425719425082207
20, 0, 10, 792, 604, -0.03995626047253609
20, 0, 11, 807, 596, -0.047669582068920135
20, 0, 12, 824, 593, -0.05370902270078659
20, 0, 13, 762, 653, -0.03160660341382027
20, 0, 14, 752, 625, -0.043163612484931946
20, 0, 15, 755, 607, -0.05007912591099739
20, 0, 16, 764, 591, -0.05574987828731537
20, 0, 17, 740, 677, -0.0364864282310009
20, 0, 18, 719, 665, -0.046065554022789
20, 0, 19, 709, 659, -0.050072960555553436
20, 0, 20, 704, 653, -0.05357193574309349
20, 1, 0, 747, 742, 2.8356515713312547e-07
20, 1, 1, 798, 710, -0.006454183254390955
20, 1, 2, 833, 683, -0.013842815533280373
20, 1, 3, 864, 668, -0.02169620804488659
20, 1, 4, 897, 660, -0.03110419772565365
20, 1, 5, 805, 651, -0.015469849109649658
20, 1, 6, 819, 623, -0.028720244765281677
20, 1, 7, 838, 611, -0.03980688750743866
20, 1, 8, 863, 606, -0.04730376601219177
20, 1, 9, 783, 655, -0.020046712830662727
20, 1, 10, 789, 624, -0.030989540740847588
20, 1, 11, 805, 605, -0.04066307470202446
20, 1, 12, 824, 591, -0.04817425087094307
20, 1, 13, 760, 670, -0.025275126099586487
20, 1, 14, 754, 639, -0.036011479794979095
20, 1, 15, 758, 617, -0.04431843012571335
20, 1, 16, 765, 600, -0.050626952201128006
20, 1, 17, 739, 695, -0.030823443084955215
20, 1, 18, 726, 680, -0.04027552530169487
20, 1, 19, 718, 668, -0.044984202831983566
20, 1, 20, 710, 656, -0.048540838062763214
21, 0, 0, 745, 695, 1.923992414276654e-07
21, 0, 1, 792, 662, -0.0068963211961090565
21, 0, 2, 831, 629, -0.013051624409854412
21, 0, 3, 865, 606, -0.019208012148737907
21, 0, 4, 891, 585, -0.02687443047761917
21, 0, 5, 798, 602, -0.013445070944726467
21, 0, 6, 804, 571, -0.024071628227829933
21, 0, 7, 806, 547, -0.03381037712097168
21, 0, 8, 810, 525, -0.04111883044242859
21, 0, 9, 778, 605, -0.016511404886841774
21, 0, 10, 778, 570, -0.02621818147599697
21, 0, 11, 780, 546, -0.036153554916381836
21, 0, 12, 786, 525, -0.044385023415088654
21, 0, 13, 759, 613, -0.020022820681333542
21, 0, 14, 755, 576, -0.029740173369646072
21, 0, 15, 753, 548, -0.037786271423101425
21, 0, 16, 753, 524, -0.04409679025411606
21, 0, 17, 742, 629, -0.023839754983782768
21, 0, 18, 733, 601, -0.03295911103487015
21, 0, 19, 721, 578, -0.037868570536375046
21, 0, 20, 711, 556, -0.04162658378481865
21, 1, 0, 0, 0, 0.0
21, 1, 1, 0, 0, 0.0
21, 1, 2, 0, 0, 0.0
21, 1, 3, 0, 0, 0.0
21, 1, 4, 0, 0, 0.0
21, 1, 5, 0, 0, 0.0
21, 1, 6, 0, 0, 0.0
21, 1, 7, 0, 0, 0.0
21, 1, 8, 0, 0, 0.0
21, 1, 9, 0, 0, 0.0
21, 1, 10, 0, 0, 0.0
21, 1, 11, 0, 0, 0.0
21, 1, 12, 0, 0, 0.0
21, 1, 13, 0, 0, 0.0
21, 1, 14, 0, 0, 0.0
21, 1, 15, 0, 0, 0.0
21, 1, 16, 0, 0, 0.0
21, 1, 17, 0, 0, 0.0
21, 1, 18, 0, 0, 0.0
21, 1, 19, 0, 0, 0.0
21, 1, 20, 0, 0, 0.0
22, 0, 0, 779, 607, 1.5365262129307666e-07
22, 0, 1, 821, 582, -0.006609514821320772
22, 0, 2, 855, 549, -0.012634748592972755
22, 0, 3, 885, 526, -0.019180428236722946
22, 0, 4, 915, 511, -0.02612893655896187
22, 0, 5, 824, 492, -0.01123826578259468
22, 0, 6, 847, 456, -0.02248288504779339
22, 0, 7, 870, 447, -0.030986931174993515
22, 0, 8, 895, 442, -0.03702410310506821
22, 0, 9, 800, 491, -0.015919743105769157
22, 0, 10, 805, 445, -0.025212137028574944
22, 0, 11, 820, 421, -0.032310664653778076
22, 0, 12, 837, 403, -0.037739116698503494
22, 0, 13, 777, 506, -0.021809615194797516
22, 0, 14, 767, 461, -0.03165625408291817
22, 0, 15, 768, 431, -0.03900085762143135
22, 0, 16, 774, 402, -0.04456860572099686
22, 0, 17, 759, 534, -0.028220782056450844
22, 0, 18, 735, 509, -0.038218896836042404
22, 0, 19, 722, 489, -0.043489858508110046
22, 0, 20, 713, 467, -0.047230880707502365
22, 1, 0, 757, 652, 1.5230297378820978e-07
22, 1, 1, 797, 617, -0.002020300133153796
22, 1, 2, 833, 584, -0.004153431858867407
22, 1, 3, 861, 562, -0.007507564965635538
22, 1, 4, 881, 544, -0.011600428260862827
22, 1, 5, 802, 560, -0.00033743807580322027
22, 1, 6, 810, 532, -0.007158993743360043
22, 1, 7, 816, 510, -0.014123997651040554
22, 1, 8, 821, 492, -0.018973780795931816
22, 1, 9, 782, 559, -0.003746913280338049
22, 1, 10, 785, 529, -0.009686682373285294
22, 1, 11, 789, 508, -0.015638388693332672
22, 1, 12, 794, 493, -0.02016005851328373
22, 1, 13, 763, 562, -0.008110566064715385
22, 1, 14, 762, 528, -0.01405877061188221
22, 1, 15, 762, 500, -0.017795810475945473
22, 1, 16, 764, 478, -0.020346172153949738
22, 1, 17, 747, 570, -0.012937011197209358
22, 1, 18, 737, 536, -0.018783409148454666
22, 1, 19, 728, 510, -0.02122429758310318
22, 1, 20, 721, 487, -0.022619035094976425
23, 0, 0, 768, 612, 1.881358855371218e-07
23, 0, 1, 808, 575, -0.001129593700170517
23, 0, 2, 839, 540, -0.003240525024011731
23, 0, 3, 865, 515, -0.006451670546084642
23, 0, 4, 881, 493, -0.010460516437888145
23, 0, 5, 802, 524, -0.001257046009413898
23, 0, 6, 807, 492, -0.007775435224175453
23, 0, 7, 819, 472, -0.013897495344281197
23, 0, 8, 832, 456, -0.017786577343940735
23, 0, 9, 783, 526, -0.004538051784038544
23, 0, 10, 792, 495, -0.010408032685518265
23, 0, 11, 805, 474, -0.01598503440618515
23, 0, 12, 819, 461, -0.019846921786665916
23, 0, 13, 767, 530, -0.008422293700277805
23, 0, 14, 774, 497, -0.013952990993857384
23, 0, 15, 783, 468, -0.01758892647922039
23, 0, 16, 795, 448, -0.019899781793355942
23, 0, 17, 753, 538, -0.012529470957815647
23, 0, 18, 758, 507, -0.016653064638376236
23, 0, 19, 762, 483, -0.018263371661305428
23, 0, 20, 770, 463, -0.01926920749247074
23, 1, 0, 0, 0, 0.0
23, 1, 1, 0, 0, 0.0
23, 1, 2, 0, 0, 0.0
23, 1, 3, 0, 0, 0.0
23, 1, 4, 0, 0, 0.0
23, 1, 5, 0, 0, 0.0
23, 1, 6, 0, 0, 0.0
23, 1, 7, 0, 0, 0.0
23, 1, 8, 0, 0, 0.0
23, 1, 9, 0, 0, 0.0
23, 1, 10, 0, 0, 0.0
23, 1, 11, 0, 0, 0.0
23, 1, 12, 0, 0, 0.0
23, 1, 13, 0, 0, 0.0
23, 1, 14, 0, 0, 0.0
23, 1, 15, 0, 0, 0.0
23, 1, 16, 0, 0, 0.0
23, 1, 17, 0, 0, 0.0
23, 1, 18, 0, 0, 0.0
23, 1, 19, 0, 0, 0.0
23, 1, 20, 0, 0, 0.0
24, 0, 0, 795, 539, 1.7902314652928908e-07
24, 0, 1, 839, 515, -0.005856082309037447
24, 0, 2, 870, 477, -0.010582366958260536
24, 0, 3, 900, 451, -0.01617230847477913
24, 0, 4, 928, 433, -0.021951133385300636
24, 0, 5, 840, 411, -0.00588513957336545
24, 0, 6, 866, 374, -0.015916286036372185
24, 0, 7, 889, 360, -0.023987632244825363
24, 0, 8, 912, 350, -0.029726574197411537
24, 0, 9, 816, 408, -0.010756068862974644
24, 0, 10, 822, 353, -0.01952209137380123
24, 0, 11, 838, 323, -0.026273835450410843
24, 0, 12, 855, 300, -0.03101474419236183
24, 0, 13, 794, 421, -0.01715571992099285
24, 0, 14, 786, 370, -0.026798559352755547
24, 0, 15, 787, 336, -0.0336398221552372
24, 0, 16, 793, 305, -0.03825223073363304
24, 0, 17, 775, 448, -0.024144407361745834
24, 0, 18, 755, 417, -0.034092292189598083
24, 0, 19, 744, 391, -0.03916546329855919
24, 0, 20, 737, 365, -0.042372602969408035
24, 1, 0, 785, 574, 1.7559575837822194e-07
24, 1, 1, 824, 539, -0.0014531731139868498
24, 1, 2, 855, 500, -0.003313962370157242
24, 1, 3, 882, 475, -0.006402706727385521
24, 1, 4, 902, 454, -0.010183990933001041
24, 1, 5, 817, 481, 0.002054708544164896
24, 1, 6, 819, 453, -0.0031648934818804264
24, 1, 7, 828, 434, -0.008909945376217365
24, 1, 8, 839, 418, -0.012777701020240784
24, 1, 9, 797, 484, -0.0010398590238764882
24, 1, 10, 803, 456, -0.005521346814930439
24, 1, 11, 812, 437, -0.010728112421929836
24, 1, 12, 825, 422, -0.01451993826776743
24, 1, 13, 780, 488, -0.005104992538690567
24, 1, 14, 785, 459, -0.0092350784689188
24, 1, 15, 790, 434, -0.012100782245397568
24, 1, 16, 800, 414, -0.014031981118023396
24, 1, 17, 766, 497, -0.009703771211206913
24, 1, 18, 766, 466, -0.012979725375771523
24, 1, 19, 766, 442, -0.01424325816333294
24, 1, 20, 772, 423, -0.0150269391015172
25, 0, 0, 799, 520, 2.211984195810146e-07
25, 0, 1, 844, 497, -0.006296519190073013
25, 0, 2, 880, 460, -0.01194376777857542
25, 0, 3, 910, 434, -0.018222404643893242
25, 0, 4, 936, 414, -0.02480139024555683
25, 0, 5, 849, 392, -0.00751369958743453
25, 0, 6, 875, 354, -0.018683984875679016
25, 0, 7, 898, 338, -0.027853265404701233
25, 0, 8, 921, 330, -0.03404775634407997
25, 0, 9, 824, 387, -0.012044047936797142
25, 0, 10, 832, 331, -0.02116185985505581
25, 0, 11, 847, 299, -0.028730541467666626
25, 0, 12, 862, 274, -0.03414011374115944
25, 0, 13, 801, 399, -0.017978394404053688
25, 0, 14, 795, 345, -0.027893785387277603
25, 0, 15, 797, 309, -0.035065505653619766
25, 0, 16, 803, 277, -0.039891473948955536
25, 0, 17, 781, 424, -0.024389563128352165
25, 0, 18, 765, 389, -0.034556735306978226
25, 0, 19, 755, 361, -0.03943996876478195
25, 0, 20, 748, 333, -0.04240291565656662
25, 1, 0, 799, 541, 2.1870883415431308e-07
25, 1, 1, 840, 511, -0.002805181313306093
25, 1, 2, 873, 469, -0.005614111665636301
25, 1, 3, 901, 444, -0.009957574307918549
25, 1, 4, 925, 422, -0.01496819406747818
25, 1, 5, 830, 435, 0.007359945215284824
25, 1, 6, 831, 409, 0.004177821334451437
25, 1, 7, 839, 392, -0.0017613052623346448
25, 1, 8, 846, 377, -0.006168127991259098
25, 1, 9, 810, 437, 0.0038534917403012514
25, 1, 10, 810, 410, 0.0023464784026145935
25, 1, 11, 814, 394, -0.0027228225953876972
25, 1, 12, 822, 383, -0.006668548099696636
25, 1, 13, 792, 441, -0.0012469749199226499
25, 1, 14, 791, 412, -0.002865843940526247
25, 1, 15, 791, 388, -0.005737007595598698
25, 1, 16, 798, 371, -0.008004325442016125
25, 1, 17, 777, 452, -0.007370408158749342
25, 1, 18, 774, 417, -0.00818520225584507
25, 1, 19, 772, 393, -0.008442632853984833
25, 1, 20, 774, 375, -0.008888836950063705
26, 0, 0, 806, 508, 1.9526737560227048e-07
26, 0, 1, 851, 487, -0.00658806785941124
26, 0, 2, 889, 449, -0.011673890985548496
26, 0, 3, 919, 423, -0.017248978838324547
26, 0, 4, 945, 402, -0.02306004799902439
26, 0, 5, 858, 378, -0.006628142204135656
26, 0, 6, 884, 343, -0.017311712726950645
26, 0, 7, 906, 327, -0.02641364187002182
26, 0, 8, 929, 316, -0.03269289806485176
26, 0, 9, 833, 373, -0.010893321596086025
26, 0, 10, 840, 316, -0.019483620300889015
26, 0, 11, 856, 285, -0.02632191963493824
26, 0, 12, 873, 261, -0.03118773177266121
26, 0, 13, 810, 384, -0.016721757128834724
26, 0, 14, 805, 329, -0.026230238378047943
26, 0, 15, 809, 293, -0.03286387771368027
26, 0, 16, 816, 261, -0.03732224926352501
26, 0, 17, 791, 408, -0.023168448358774185
26, 0, 18, 773, 372, -0.033117081969976425
26, 0, 19, 763, 344, -0.03795599564909935
26, 0, 20, 757, 316, -0.04093180596828461
26, 1, 0, 813, 517, 2.4011333721318806e-07
26, 1, 1, 854, 492, -0.0055311587639153
26, 1, 2, 886, 452, -0.00970707181841135
26, 1, 3, 916, 427, -0.014739705249667168
26, 1, 4, 946, 408, -0.02016354538500309
26, 1, 5, 850, 404, 0.00022235627693589777
26, 1, 6, 862, 374, -0.007157490123063326
26, 1, 7, 877, 352, -0.01535833440721035
26, 1, 8, 891, 332, -0.02108365297317505
26, 1, 9, 829, 402, -0.0034727761521935463
26, 1, 10, 834, 367, -0.008718491531908512
26, 1, 11, 841, 340, -0.01534312218427658
26, 1, 12, 851, 317, -0.020382899791002274
26, 1, 13, 808, 407, -0.008850554004311562
26, 1, 14, 807, 370, -0.014935791492462158
26, 1, 15, 809, 340, -0.01995219476521015
26, 1, 16, 813, 313, -0.023215387016534805
26, 1, 17, 787, 421, -0.015199020504951477
26, 1, 18, 776, 382, -0.020627766847610474
26, 1, 19, 768, 353, -0.023091398179531097
26, 1, 20, 763, 328, -0.024535126984119415
27, 0, 0, 822, 497, 2.9552506930485833e-07
27, 0, 1, 861, 478, -0.0071228183805942535
27, 0, 2, 893, 442, -0.013089420273900032
27, 0, 3, 922, 419, -0.019430818036198616
27, 0, 4, 950, 401, -0.025731580331921577
27, 0, 5, 860, 373, -0.0044145104475319386
27, 0, 6, 885, 341, -0.013534056022763252
27, 0, 7, 911, 322, -0.022034699097275734
27, 0, 8, 935, 307, -0.027746550738811493
27, 0, 9, 837, 369, -0.0077975098975002766
27, 0, 10, 841, 322, -0.014396119862794876
27, 0, 11, 853, 293, -0.020677980035543442
27, 0, 12, 867, 268, -0.025183429941534996
27, 0, 13, 816, 378, -0.01274091750383377
27, 0, 14, 810, 333, -0.020553044974803925
27, 0, 15, 813, 299, -0.026032213121652603
27, 0, 16, 820, 270, -0.029431136325001717
27, 0, 17, 797, 402, -0.018450412899255753
27, 0, 18, 783, 365, -0.026430513709783554
27, 0, 19, 773, 336, -0.029553448781371117
27, 0, 20, 766, 310, -0.031050724908709526
27, 1, 0, 0, 0, 0.0
27, 1, 1, 0, 0, 0.0
27, 1, 2, 0, 0, 0.0
27, 1, 3, 0, 0, 0.0
27, 1, 4, 0, 0, 0.0
27, 1, 5, 0, 0, 0.0
27, 1, 6, 0, 0, 0.0
27, 1, 7, 0, 0, 0.0
27, 1, 8, 0, 0, 0.0
27, 1, 9, 0, 0, 0.0
27, 1, 10, 0, 0, 0.0
27, 1, 11, 0, 0, 0.0
27, 1, 12, 0, 0, 0.0
27, 1, 13, 0, 0, 0.0
27, 1, 14, 0, 0, 0.0
27, 1, 15, 0, 0, 0.0
27, 1, 16, 0, 0, 0.0
27, 1, 17, 0, 0, 0.0
27, 1, 18, 0, 0, 0.0
27, 1, 19, 0, 0, 0.0
27, 1, 20, 0, 0, 0.0
28, 0, 0, 819, 492, 2.2676456978842907e-07
28, 0, 1, 863, 472, -0.006037089973688126
28, 0, 2, 898, 435, -0.011069431900978088
28, 0, 3, 927, 409, -0.016606029123067856
28, 0, 4, 953, 390, -0.022324027493596077
28, 0, 5, 866, 366, -0.005970828700810671
28, 0, 6, 895, 331, -0.016357548534870148
28, 0, 7, 920, 313, -0.025281449779868126
28, 0, 8, 943, 301, -0.031244443729519844
28, 0, 9, 842, 359, -0.010197063907980919
28, 0, 10, 850, 304, -0.018648948520421982
28, 0, 11, 867, 272, -0.02545483596622944
28, 0, 12, 883, 247, -0.029970722272992134
28, 0, 13, 820, 369, -0.015845557674765587
28, 0, 14, 814, 314, -0.025380300357937813
28, 0, 15, 818, 277, -0.032084979116916656
28, 0, 16, 825, 245, -0.03618791699409485
28, 0, 17, 801, 392, -0.021959155797958374
28, 0, 18, 785, 355, -0.031601469963788986
28, 0, 19, 775, 326, -0.035935308784246445
28, 0, 20, 769, 299, -0.03823288902640343
28, 1, 0, 0, 0, 0.0
28, 1, 1, 0, 0, 0.0
28, 1, 2, 0, 0, 0.0
28, 1, 3, 0, 0, 0.0
28, 1, 4, 0, 0, 0.0
28, 1, 5, 0, 0, 0.0
28, 1, 6, 0, 0, 0.0
28, 1, 7, 0, 0, 0.0
28, 1, 8, 0, 0, 0.0
28, 1, 9, 0, 0, 0.0
28, 1, 10, 0, 0, 0.0
28, 1, 11, 0, 0, 0.0
28, 1, 12, 0, 0, 0.0
28, 1, 13, 0, 0, 0.0
28, 1, 14, 0, 0, 0.0
28, 1, 15, 0, 0, 0.0
28, 1, 16, 0, 0, 0.0
28, 1, 17, 0, 0, 0.0
28, 1, 18, 0, 0, 0.0
28, 1, 19, 0, 0, 0.0
28, 1, 20, 0, 0, 0.0
29, 0, 0, 819, 493, 1.8568871951174515e-07
29, 0, 1, 863, 472, -0.005784448701888323
29, 0, 2, 897, 434, -0.010814451612532139
29, 0, 3, 926, 407, -0.016614824533462524
29, 0, 4, 953, 386, -0.02257867529988289
29, 0, 5, 867, 364, -0.006137519143521786
29, 0, 6, 894, 327, -0.01713893748819828
29, 0, 7, 919, 311, -0.026440400630235672
29, 0, 8, 943, 299, -0.032678719609975815
29, 0, 9, 844, 357, -0.010960226878523827
29, 0, 10, 852, 299, -0.01970006711781025
29, 0, 11, 867, 265, -0.026624182239174843
29, 0, 12, 881, 237, -0.031406547874212265
29, 0, 13, 822, 367, -0.017209885641932487
29, 0, 14, 817, 312, -0.02641710266470909
29, 0, 15, 820, 275, -0.03230059891939163
29, 0, 16, 826, 242, -0.03609344735741615
29, 0, 17, 804, 390, -0.024101048707962036
29, 0, 18, 786, 353, -0.03334106504917145
29, 0, 19, 777, 323, -0.03715825825929642
29, 0, 20, 770, 295, -0.039282865822315216
29, 1, 0, 0, 0, 0.0
29, 1, 1, 0, 0, 0.0
29, 1, 2, 0, 0, 0.0
29, 1, 3, 0, 0, 0.0
29, 1, 4, 0, 0, 0.0
29, 1, 5, 0, 0, 0.0
29, 1, 6, 0, 0, 0.0
29, 1, 7, 0, 0, 0.0
29, 1, 8, 0, 0, 0.0
29, 1, 9, 0, 0, 0.0
29, 1, 10, 0, 0, 0.0
29, 1, 11, 0, 0, 0.0
29, 1, 12, 0, 0, 0.0
29, 1, 13, 0, 0, 0.0
29, 1, 14, 0, 0, 0.0
29, 1, 15, 0, 0, 0.0
29, 1, 16, 0, 0, 0.0
29, 1, 17, 0, 0, 0.0
29, 1, 18, 0, 0, 0.0
29, 1, 19, 0, 0, 0.0
29, 1, 20, 0, 0, 0.0
30, 0, 0, 817, 491, 1.580053776706336e-07
30, 0, 1, 862, 467, -0.004782532341778278
30, 0, 2, 897, 430, -0.009249171242117882
30, 0, 3, 925, 403, -0.014743850566446781
30, 0, 4, 952, 381, -0.020430434495210648
30, 0, 5, 865, 360, -0.004567986819893122
30, 0, 6, 890, 324, -0.01515121664851904
30, 0, 7, 913, 308, -0.024129504337906837
30, 0, 8, 935, 296, -0.030267449095845222
30, 0, 9, 843, 353, -0.00981573760509491
30, 0, 10, 850, 296, -0.01837346702814102
30, 0, 11, 865, 262, -0.025274181738495827
30, 0, 12, 879, 234, -0.03015940450131893
30, 0, 13, 822, 364, -0.016513532027602196
30, 0, 14, 816, 308, -0.025723589584231377
30, 0, 15, 819, 271, -0.03195786476135254
30, 0, 16, 825, 238, -0.036126647144556046
30, 0, 17, 806, 387, -0.023753434419631958
30, 0, 18, 786, 351, -0.03320473060011864
30, 0, 19, 777, 322, -0.037504564970731735
30, 0, 20, 770, 295, -0.04008765518665314
30, 1, 0, 0, 0, 0.0
30, 1, 1, 0, 0, 0.0
30, 1, 2, 0, 0, 0.0
30, 1, 3, 0, 0, 0.0
30, 1, 4, 0, 0, 0.0
30, 1, 5, 0, 0, 0.0
30, 1, 6, 0, 0, 0.0
30, 1, 7, 0, 0, 0.0
30, 1, 8, 0, 0, 0.0
30, 1, 9, 0, 0, 0.0
30, 1, 10, 0, 0, 0.0
30, 1, 11, 0, 0, 0.0
30, 1, 12, 0, 0, 0.0
30, 1, 13, 0, 0, 0.0
30, 1, 14, 0, 0, 0.0
30, 1, 15, 0, 0, 0.0
30, 1, 16, 0, 0, 0.0
30, 1, 17, 0, 0, 0.0
30, 1, 18, 0, 0, 0.0
30, 1, 19, 0, 0, 0.0
30, 1, 20, 0, 0, 0.0
31, 0, 0, 815, 488, 1.3854021574388753e-07
31, 0, 1, 858, 465, -0.003705124370753765
31, 0, 2, 891, 424, -0.007223939523100853
31, 0, 3, 918, 395, -0.011981777846813202
31, 0, 4, 943, 372, -0.016756344586610794
31, 0, 5, 859, 355, -0.0027372920885682106
31, 0, 6, 883, 320, -0.012471845373511314
31, 0, 7, 906, 309, -0.02053692936897278
31, 0, 8, 927, 304, -0.025991452857851982
31, 0, 9, 838, 349, -0.008064117282629013
31, 0, 10, 845, 292, -0.01625405251979828
31, 0, 11, 859, 258, -0.022595971822738647
31, 0, 12, 873, 232, -0.026910889893770218
31, 0, 13, 818, 359, -0.014821633696556091
31, 0, 14, 810, 303, -0.023598436266183853
31, 0, 15, 811, 266, -0.029514646157622337
31, 0, 16, 816, 232, -0.03341737017035484
31, 0, 17, 803, 381, -0.022028204053640366
31, 0, 18, 784, 346, -0.030735142529010773
31, 0, 19, 774, 317, -0.034558918327093124
31, 0, 20, 767, 290, -0.036844007670879364
31, 1, 0, 0, 0, 0.0
31, 1, 1, 0, 0, 0.0
31, 1, 2, 0, 0, 0.0
31, 1, 3, 0, 0, 0.0
31, 1, 4, 0, 0, 0.0
31, 1, 5, 0, 0, 0.0
31, 1, 6, 0, 0, 0.0
31, 1, 7, 0, 0, 0.0
31, 1, 8, 0, 0, 0.0
31, 1, 9, 0, 0, 0.0
31, 1, 10, 0, 0, 0.0
31, 1, 11, 0, 0, 0.0
31, 1, 12, 0, 0, 0.0
31, 1, 13, 0, 0, 0.0
31, 1, 14, 0, 0, 0.0
31, 1, 15, 0, 0, 0.0
31, 1, 16, 0, 0, 0.0
31, 1, 17, 0, 0, 0.0
31, 1, 18, 0, 0, 0.0
31, 1, 19, 0, 0, 0.0
31, 1, 20, 0, 0, 0.0
32, 0, 0, 810, 481, 1.460997367530581e-07
32, 0, 1, 850, 454, -0.0034505168441683054
32, 0, 2, 879, 410, -0.007314722985029221
32, 0, 3, 905, 380, -0.012542400509119034
32, 0, 4, 928, 352, -0.017514707520604134
32, 0, 5, 844, 351, -0.0020836179610341787
32, 0, 6, 869, 317, -0.013219133019447327
32, 0, 7, 895, 311, -0.022073796018958092
32, 0, 8, 918, 312, -0.0275193452835083
32, 0, 9, 827, 343, -0.00751075241714716
32, 0, 10, 832, 286, -0.015751225873827934
32, 0, 11, 850, 253, -0.021680865436792374
32, 0, 12, 868, 227, -0.02572164125740528
32, 0, 13, 809, 352, -0.014704715460538864
32, 0, 14, 796, 294, -0.023621289059519768
32, 0, 15, 797, 256, -0.029356669634580612
32, 0, 16, 801, 223, -0.033202581107616425
32, 0, 17, 797, 373, -0.02240658737719059
32, 0, 18, 778, 336, -0.03113509900867939
32, 0, 19, 766, 308, -0.03499525785446167
32, 0, 20, 758, 281, -0.037466417998075485
32, 1, 0, 0, 0, 0.0
32, 1, 1, 0, 0, 0.0
32, 1, 2, 0, 0, 0.0
32, 1, 3, 0, 0, 0.0
32, 1, 4, 0, 0, 0.0
32, 1, 5, 0, 0, 0.0
32, 1, 6, 0, 0, 0.0
32, 1, 7, 0, 0, 0.0
32, 1, 8, 0, 0, 0.0
32, 1, 9, 0, 0, 0.0
32, 1, 10, 0, 0, 0.0
32, 1, 11, 0, 0, 0.0
32, 1, 12, 0, 0, 0.0
32, 1, 13, 0, 0, 0.0
32, 1, 14, 0, 0, 0.0
32, 1, 15, 0, 0, 0.0
32, 1, 16, 0, 0, 0.0
32, 1, 17, 0, 0, 0.0
32, 1, 18, 0, 0, 0.0
32, 1, 19, 0, 0, 0.0
32, 1, 20, 0, 0, 0.0
33, 0, 0, 804, 472, 1.2087183165476745e-07
33, 0, 1, 841, 442, -0.0013633236521854997
33, 0, 2, 866, 397, -0.003177964361384511
33, 0, 3, 887, 366, -0.006872266530990601
33, 0, 4, 903, 337, -0.01008062344044447
33, 0, 5, 824, 343, 0.0032152882777154446
33, 0, 6, 848, 311, -0.007305087987333536
33, 0, 7, 876, 308, -0.015915725380182266
33, 0, 8, 899, 314, -0.020702185109257698
33, 0, 9, 809, 334, -0.0023763140197843313
33, 0, 10, 810, 280, -0.009001347236335278
33, 0, 11, 827, 250, -0.013442464172840118
33, 0, 12, 844, 227, -0.01629931479692459
33, 0, 13, 793, 339, -0.01007647905498743
33, 0, 14, 778, 285, -0.017106572166085243
33, 0, 15, 776, 247, -0.021080896258354187
33, 0, 16, 778, 216, -0.023669671267271042
33, 0, 17, 782, 356, -0.0183835681527853
33, 0, 18, 762, 320, -0.02516530640423298
33, 0, 19, 749, 293, -0.027628371492028236
33, 0, 20, 741, 267, -0.029102375730872154
33, 1, 0, 0, 0, 0.0
33, 1, 1, 0, 0, 0.0
33, 1, 2, 0, 0, 0.0
33, 1, 3, 0, 0, 0.0
33, 1, 4, 0, 0, 0.0
33, 1, 5, 0, 0, 0.0
33, 1, 6, 0, 0, 0.0
33, 1, 7, 0, 0, 0.0
33, 1, 8, 0, 0, 0.0
33, 1, 9, 0, 0, 0.0
33, 1, 10, 0, 0, 0.0
33, 1, 11, 0, 0, 0.0
33, 1, 12, 0, 0, 0.0
33, 1, 13, 0, 0, 0.0
33, 1, 14, 0, 0, 0.0
33, 1, 15, 0, 0, 0.0
33, 1, 16, 0, 0, 0.0
33, 1, 17, 0, 0, 0.0
33, 1, 18, 0, 0, 0.0
33, 1, 19, 0, 0, 0.0
33, 1, 20, 0, 0, 0.0
34, 0, 0, 799, 461, 1.1122329368618011e-07
34, 0, 1, 832, 430, -0.0009169189725071192
34, 0, 2, 853, 385, -0.002195886801928282
34, 0, 3, 869, 353, -0.00546217430382967
34, 0, 4, 881, 322, -0.008186185732483864
34, 0, 5, 808, 337, 0.005734873004257679
34, 0, 6, 828, 305, -0.0038448250852525234
34, 0, 7, 855, 301, -0.012050208635628223
34, 0, 8, 878, 305, -0.016514822840690613
34, 0, 9, 792, 328, 0.0002485515724401921
34, 0, 10, 791, 279, -0.005452437326312065
34, 0, 11, 807, 250, -0.009526517242193222
34, 0, 12, 823, 230, -0.012192758731544018
34, 0, 13, 777, 332, -0.007483077701181173
34, 0, 14, 760, 279, -0.01397548709064722
34, 0, 15, 757, 241, -0.018120169639587402
34, 0, 16, 758, 210, -0.02078242227435112
34, 0, 17, 767, 345, -0.015771033242344856
34, 0, 18, 746, 307, -0.02148190326988697
34, 0, 19, 733, 280, -0.023380281403660774
34, 0, 20, 723, 257, -0.024591097608208656
34, 1, 0, 0, 0, 0.0
34, 1, 1, 0, 0, 0.0
34, 1, 2, 0, 0, 0.0
34, 1, 3, 0, 0, 0.0
34, 1, 4, 0, 0, 0.0
34, 1, 5, 0, 0, 0.0
34, 1, 6, 0, 0, 0.0
34, 1, 7, 0, 0, 0.0
34, 1, 8, 0, 0, 0.0
34, 1, 9, 0, 0, 0.0
34, 1, 10, 0, 0, 0.0
34, 1, 11, 0, 0, 0.0
34, 1, 12, 0, 0, 0.0
34, 1, 13, 0, 0, 0.0
34, 1, 14, 0, 0, 0.0
34, 1, 15, 0, 0, 0.0
34, 1, 16, 0, 0, 0.0
34, 1, 17, 0, 0, 0.0
34, 1, 18, 0, 0, 0.0
34, 1, 19, 0, 0, 0.0
34, 1, 20, 0, 0, 0.0
35, 0, 0, 794, 453, 1.1094127927435693e-07
35, 0, 1, 825, 424, -0.0009282253449782729
35, 0, 2, 844, 384, -0.002591149415820837
35, 0, 3, 859, 350, -0.006085449364036322
35, 0, 4, 869, 318, -0.009102492593228817
35, 0, 5, 796, 337, 0.0057679773308336735
35, 0, 6, 817, 307, -0.0038283434696495533
35, 0, 7, 844, 301, -0.01199749018996954
35, 0, 8, 866, 303, -0.01622803695499897
35, 0, 9, 781, 327, 0.00016131268057506531
35, 0, 10, 776, 274, -0.005937471054494381
35, 0, 11, 792, 245, -0.01003721822053194
35, 0, 12, 809, 228, -0.012196410447359085
35, 0, 13, 766, 329, -0.007605977356433868
35, 0, 14, 746, 277, -0.01464068703353405
35, 0, 15, 743, 239, -0.01889592409133911
35, 0, 16, 744, 208, -0.021153289824724197
35, 0, 17, 757, 340, -0.0157989040017128
35, 0, 18, 733, 302, -0.02167421206831932
35, 0, 19, 720, 275, -0.023351849988102913
35, 0, 20, 711, 251, -0.024132872000336647
35, 1, 0, 0, 0, 0.0
35, 1, 1, 0, 0, 0.0
35, 1, 2, 0, 0, 0.0
35, 1, 3, 0, 0, 0.0
35, 1, 4, 0, 0, 0.0
35, 1, 5, 0, 0, 0.0
35, 1, 6, 0, 0, 0.0
35, 1, 7, 0, 0, 0.0
35, 1, 8, 0, 0, 0.0
35, 1, 9, 0, 0, 0.0
35, 1, 10, 0, 0, 0.0
35, 1, 11, 0, 0, 0.0
35, 1, 12, 0, 0, 0.0
35, 1, 13, 0, 0, 0.0
35, 1, 14, 0, 0, 0.0
35, 1, 15, 0, 0, 0.0
35, 1, 16, 0, 0, 0.0
35, 1, 17, 0, 0, 0.0
35, 1, 18, 0, 0, 0.0
35, 1, 19, 0, 0, 0.0
35, 1, 20, 0, 0, 0.0
36, 0, 0, 790, 448, 9.820102775393025e-08
36, 0, 1, 821, 419, -0.0006862164591439068
36, 0, 2, 839, 381, -0.002317234640941024
36, 0, 3, 853, 349, -0.005877508781850338
36, 0, 4, 861, 317, -0.008996971882879734
36, 0, 5, 790, 336, 0.005581567529588938
36, 0, 6, 807, 305, -0.003298909869045019
36, 0, 7, 833, 299, -0.0108457887545228
36, 0, 8, 855, 300, -0.01484612375497818
36, 0, 9, 775, 325, -0.00036022975109517574
36, 0, 10, 769, 273, -0.0066424100659787655
36, 0, 11, 785, 245, -0.011080953292548656
36, 0, 12, 802, 228, -0.013404224999248981
36, 0, 13, 761, 327, -0.00829902570694685
36, 0, 14, 740, 275, -0.015327324159443378
36, 0, 15, 735, 237, -0.019874397665262222
36, 0, 16, 736, 206, -0.022300126031041145
36, 0, 17, 751, 338, -0.01662939228117466
36, 0, 18, 727, 300, -0.022433901205658913
36, 0, 19, 714, 271, -0.024195093661546707
36, 0, 20, 706, 247, -0.025050874799489975
36, 1, 0, 0, 0, 0.0
36, 1, 1, 0, 0, 0.0
36, 1, 2, 0, 0, 0.0
36, 1, 3, 0, 0, 0.0
36, 1, 4, 0, 0, 0.0
36, 1, 5, 0, 0, 0.0
36, 1, 6, 0, 0, 0.0
36, 1, 7, 0, 0, 0.0
36, 1, 8, 0, 0, 0.0
36, 1, 9, 0, 0, 0.0
36, 1, 10, 0, 0, 0.0
36, 1, 11, 0, 0, 0.0
36, 1, 12, 0, 0, 0.0
36, 1, 13, 0, 0, 0.0
36, 1, 14, 0, 0, 0.0
36, 1, 15, 0, 0, 0.0
36, 1, 16, 0, 0, 0.0
36, 1, 17, 0, 0, 0.0
36, 1, 18, 0, 0, 0.0
36, 1, 19, 0, 0, 0.0
36, 1, 20, 0, 0, 0.0
37, 0, 0, 788, 447, 9.137415446502928e-08
37, 0, 1, 820, 417, -0.00019930383132304996
37, 0, 2, 837, 379, -0.0016504430677741766
37, 0, 3, 852, 347, -0.005116748623549938
37, 0, 4, 860, 315, -0.008135051466524601
37, 0, 5, 787, 336, 0.005835623014718294
37, 0, 6, 807, 305, -0.002648585941642523
37, 0, 7, 832, 299, -0.00965605117380619
37, 0, 8, 853, 301, -0.013275817036628723
37, 0, 9, 773, 325, -0.0002836396743077785
37, 0, 10, 767, 273, -0.006212151143699884
37, 0, 11, 783, 245, -0.010267405770719051
37, 0, 12, 800, 228, -0.012335211969912052
37, 0, 13, 759, 326, -0.008324481546878815
37, 0, 14, 737, 275, -0.015142213553190231
37, 0, 15, 733, 237, -0.01947866380214691
37, 0, 16, 733, 207, -0.02179332636296749
37, 0, 17, 749, 336, -0.016697976738214493
37, 0, 18, 724, 299, -0.022433321923017502
37, 0, 19, 710, 271, -0.024155782535672188
37, 0, 20, 702, 246, -0.02500215917825699
37, 1, 0, 0, 0, 0.0
37, 1, 1, 0, 0, 0.0
37, 1, 2, 0, 0, 0.0
37, 1, 3, 0, 0, 0.0
37, 1, 4, 0, 0, 0.0
37, 1, 5, 0, 0, 0.0
37, 1, 6, 0, 0, 0.0
37, 1, 7, 0, 0, 0.0
37, 1, 8, 0, 0, 0.0
37, 1, 9, 0, 0, 0.0
37, 1, 10, 0, 0, 0.0
37, 1, 11, 0, 0, 0.0
37, 1, 12, 0, 0, 0.0
37, 1, 13, 0, 0, 0.0
37, 1, 14, 0, 0, 0.0
37, 1, 15, 0, 0, 0.0
37, 1, 16, 0, 0, 0.0
37, 1, 17, 0, 0, 0.0
37, 1, 18, 0, 0, 0.0
37, 1, 19, 0, 0, 0.0
37, 1, 20, 0, 0, 0.0
38, 0, 0, 788, 448, 8.396887807293751e-08
38, 0, 1, 820, 418, -0.00045826073619537055
38, 0, 2, 836, 380, -0.001997319282963872
38, 0, 3, 851, 348, -0.0055333515629172325
38, 0, 4, 860, 316, -0.0086191575974226
38, 0, 5, 787, 336, 0.005593849346041679
38, 0, 6, 806, 303, -0.0033750240691006184
38, 0, 7, 831, 297, -0.010751044377684593
38, 0, 8, 853, 302, -0.014527030289173126
38, 0, 9, 773, 325, -0.0004418563621584326
38, 0, 10, 767, 273, -0.006866118870675564
38, 0, 11, 784, 245, -0.011475387960672379
38, 0, 12, 801, 231, -0.013851689174771309
38, 0, 13, 759, 327, -0.008434707298874855
38, 0, 14, 737, 275, -0.01537101436406374
38, 0, 15, 732, 238, -0.020187221467494965
38, 0, 16, 732, 208, -0.022868836298584938
38, 0, 17, 748, 337, -0.016777774319052696
38, 0, 18, 723, 301, -0.022542541846632957
38, 0, 19, 709, 272, -0.024596402421593666
38, 0, 20, 700, 248, -0.025740331038832664
38, 1, 0, 0, 0, 0.0
38, 1, 1, 0, 0, 0.0
38, 1, 2, 0, 0, 0.0
38, 1, 3, 0, 0, 0.0
38, 1, 4, 0, 0, 0.0
38, 1, 5, 0, 0, 0.0
38, 1, 6, 0, 0, 0.0
38, 1, 7, 0, 0, 0.0
38, 1, 8, 0, 0, 0.0
38, 1, 9, 0, 0, 0.0
38, 1, 10, 0, 0, 0.0
38, 1, 11, 0, 0, 0.0
38, 1, 12, 0, 0, 0.0
38, 1, 13, 0, 0, 0.0
38, 1, 14, 0, 0, 0.0
38, 1, 15, 0, 0, 0.0
38, 1, 16, 0, 0, 0.0
38, 1, 17, 0, 0, 0.0
38, 1, 18, 0, 0, 0.0
38, 1, 19, 0, 0, 0.0
38, 1, 20, 0, 0, 0.0
39, 0, 0, 789, 449, 7.689086345408214e-08
39, 0, 1, 820, 419, 0.0006227845442481339
39, 0, 2, 837, 380, -0.0006313430494628847
39, 0, 3, 852, 349, -0.00412002531811595
39, 0, 4, 861, 318, -0.007229315582662821
39, 0, 5, 787, 337, 0.006784618832170963
39, 0, 6, 807, 305, -0.001609916565939784
39, 0, 7, 832, 299, -0.008677825331687927
39, 0, 8, 853, 303, -0.012303158640861511
39, 0, 9, 774, 326, 0.0002773854066617787
39, 0, 10, 769, 274, -0.005608064122498035
39, 0, 11, 786, 247, -0.010021294467151165
39, 0, 12, 802, 233, -0.012350594624876976
39, 0, 13, 759, 328, -0.008079021237790585
39, 0, 14, 741, 276, -0.014268672093749046
39, 0, 15, 736, 239, -0.018751200288534164
39, 0, 16, 736, 210, -0.021394990384578705
39, 0, 17, 749, 338, -0.016725122928619385
39, 0, 18, 724, 302, -0.021731417626142502
39, 0, 19, 711, 273, -0.023418297991156578
39, 0, 20, 702, 249, -0.024472516030073166
39, 1, 0, 0, 0, 0.0
39, 1, 1, 0, 0, 0.0
39, 1, 2, 0, 0, 0.0
39, 1, 3, 0, 0, 0.0
39, 1, 4, 0, 0, 0.0
39, 1, 5, 0, 0, 0.0
39, 1, 6, 0, 0, 0.0
39, 1, 7, 0, 0, 0.0
39, 1, 8, 0, 0, 0.0
39, 1, 9, 0, 0, 0.0
39, 1, 10, 0, 0, 0.0
39, 1, 11, 0, 0, 0.0
39, 1, 12, 0, 0, 0.0
39, 1, 13, 0, 0, 0.0
39, 1, 14, 0, 0, 0.0
39, 1, 15, 0, 0, 0.0
39, 1, 16, 0, 0, 0.0
39, 1, 17, 0, 0, 0.0
39, 1, 18, 0, 0, 0.0
39, 1, 19, 0, 0, 0.0
39, 1, 20, 0, 0, 0.0
40, 0, 0, 791, 451, 7.32475768927543e-08
40, 0, 1, 822, 421, -1.554043046780862e-05
40, 0, 2, 838, 381, -0.0016838249284774065
40, 0, 3, 853, 351, -0.005449189338833094
40, 0, 4, 862, 320, -0.008801396936178207
40, 0, 5, 789, 337, 0.005756351165473461
40, 0, 6, 810, 304, -0.0034437463618814945
40, 0, 7, 835, 300, -0.011136063374578953
40, 0, 8, 855, 307, -0.015022269450128078
40, 0, 9, 775, 327, -0.000538868538569659
40, 0, 10, 770, 275, -0.007246764376759529
40, 0, 11, 788, 248, -0.01225353591144085
40, 0, 12, 805, 236, -0.014828561805188656
40, 0, 13, 761, 330, -0.008729560300707817
40, 0, 14, 742, 277, -0.015537895262241364
40, 0, 15, 738, 241, -0.020579054951667786
40, 0, 16, 739, 212, -0.023451117798686028
40, 0, 17, 751, 341, -0.017216447740793228
40, 0, 18, 728, 304, -0.02253906987607479
40, 0, 19, 714, 276, -0.024510527029633522
40, 0, 20, 705, 252, -0.025719959288835526
40, 1, 0, 0, 0, 0.0
40, 1, 1, 0, 0, 0.0
40, 1, 2, 0, 0, 0.0
40, 1, 3, 0, 0, 0.0
40, 1, 4, 0, 0, 0.0
40, 1, 5, 0, 0, 0.0
40, 1, 6, 0, 0, 0.0
40, 1, 7, 0, 0, 0.0
40, 1, 8, 0, 0, 0.0
40, 1, 9, 0, 0, 0.0
40, 1, 10, 0, 0, 0.0
40, 1, 11, 0, 0, 0.0
40, 1, 12, 0, 0, 0.0
40, 1, 13, 0, 0, 0.0
40, 1, 14, 0, 0, 0.0
40, 1, 15, 0, 0, 0.0
40, 1, 16, 0, 0, 0.0
40, 1, 17, 0, 0, 0.0
40, 1, 18, 0, 0, 0.0
40, 1, 19, 0, 0, 0.0
40, 1, 20, 0, 0, 0.0
41, 0, 0, 791, 452, 7.246111977110559e-08
41, 0, 1, 823, 422, 4.7664034354966134e-05
41, 0, 2, 840, 383, -0.0013878935715183616
41, 0, 3, 855, 351, -0.004980149213224649
41, 0, 4, 864, 320, -0.008129563182592392
41, 0, 5, 791, 339, 0.006405931897461414
41, 0, 6, 811, 306, -0.0025784571189433336
41, 0, 7, 836, 302, -0.010136852040886879
41, 0, 8, 857, 308, -0.013939679600298405
41, 0, 9, 776, 329, 0.00018020636343862861
41, 0, 10, 772, 277, -0.006192496046423912
41, 0, 11, 789, 250, -0.010992585681378841
41, 0, 12, 806, 237, -0.013472517021000385
41, 0, 13, 762, 330, -0.007982509210705757
41, 0, 14, 743, 278, -0.014524254947900772
41, 0, 15, 739, 242, -0.019198060035705566
41, 0, 16, 740, 213, -0.02181522734463215
41, 0, 17, 751, 341, -0.016494255512952805
41, 0, 18, 727, 304, -0.02154439501464367
41, 0, 19, 714, 276, -0.02318693697452545
41, 0, 20, 705, 252, -0.024124979972839355
41, 1, 0, 0, 0, 0.0
41, 1, 1, 0, 0, 0.0
41, 1, 2, 0, 0, 0.0
41, 1, 3, 0, 0, 0.0
41, 1, 4, 0, 0, 0.0
41, 1, 5, 0, 0, 0.0
41, 1, 6, 0, 0, 0.0
41, 1, 7, 0, 0, 0.0
41, 1, 8, 0, 0, 0.0
41, 1, 9, 0, 0, 0.0
41, 1, 10, 0, 0, 0.0
41, 1, 11, 0, 0, 0.0
41, 1, 12, 0, 0, 0.0
41, 1, 13, 0, 0, 0.0
41, 1, 14, 0, 0, 0.0
41, 1, 15, 0, 0, 0.0
41, 1, 16, 0, 0, 0.0
41, 1, 17, 0, 0, 0.0
41, 1, 18, 0, 0, 0.0
41, 1, 19, 0, 0, 0.0
41, 1, 20, 0, 0, 0.0
42, 0, 0, 791, 453, 7.42005141773916e-08
42, 0, 1, 823, 422, 0.0005330010317265987
42, 0, 2, 840, 383, -0.0006950004026293755
42, 0, 3, 855, 352, -0.004155063070356846
42, 0, 4, 865, 322, -0.007222228217869997
42, 0, 5, 791, 340, 0.006847163196653128
42, 0, 6, 811, 308, -0.0018354324856773019
42, 0, 7, 836, 303, -0.009169356897473335
42, 0, 8, 857, 308, -0.012887317687273026
42, 0, 9, 777, 330, 0.00042588499491102993
42, 0, 10, 773, 278, -0.005682969931513071
42, 0, 11, 790, 251, -0.01022669393569231
42, 0, 12, 807, 238, -0.012541541829705238
42, 0, 13, 763, 331, -0.007879560813307762
42, 0, 14, 744, 279, -0.014205978251993656
42, 0, 15, 741, 243, -0.01861497387290001
42, 0, 16, 742, 215, -0.021084599196910858
42, 0, 17, 752, 342, -0.016499076038599014
42, 0, 18, 728, 305, -0.021531516686081886
42, 0, 19, 714, 277, -0.02307911030948162
42, 0, 20, 705, 253, -0.023949461057782173
42, 1, 0, 0, 0, 0.0
42, 1, 1, 0, 0, 0.0
42, 1, 2, 0, 0, 0.0
42, 1, 3, 0, 0, 0.0
42, 1, 4, 0, 0, 0.0
42, 1, 5, 0, 0, 0.0
42, 1, 6, 0, 0, 0.0
42, 1, 7, 0, 0, 0.0
42, 1, 8, 0, 0, 0.0
42, 1, 9, 0, 0, 0.0
42, 1, 10, 0, 0, 0.0
42, 1, 11, 0, 0, 0.0
42, 1, 12, 0, 0, 0.0
42, 1, 13, 0, 0, 0.0
42, 1, 14, 0, 0, 0.0
42, 1, 15, 0, 0, 0.0
42, 1, 16, 0, 0, 0.0
42, 1, 17, 0, 0, 0.0
42, 1, 18, 0, 0, 0.0
42, 1, 19, 0, 0, 0.0
42, 1, 20, 0, 0, 0.0
43, 0, 0, 791, 453, 7.644059252243096e-08
43, 0, 1, 823, 423, 0.0003682454989757389
43, 0, 2, 840, 384, -0.0008666666108183563
43, 0, 3, 855, 353, -0.004294435493648052
43, 0, 4, 865, 322, -0.007321496494114399
43, 0, 5, 792, 341, 0.006703933235257864
43, 0, 6, 811, 309, -0.0019410885870456696
43, 0, 7, 837, 303, -0.009230072610080242
43, 0, 8, 858, 308, -0.012961744330823421
43, 0, 9, 778, 330, 0.00043126969831064343
43, 0, 10, 773, 278, -0.005634767469018698
43, 0, 11, 790, 252, -0.010062226094305515
43, 0, 12, 807, 239, -0.012297989800572395
43, 0, 13, 763, 331, -0.00773445563390851
43, 0, 14, 745, 279, -0.014042051509022713
43, 0, 15, 741, 243, -0.01829349435865879
43, 0, 16, 742, 215, -0.02063261903822422
43, 0, 17, 752, 341, -0.01623319275677204
43, 0, 18, 728, 305, -0.021234599873423576
43, 0, 19, 715, 276, -0.022688094526529312
43, 0, 20, 706, 253, -0.02346038445830345
43, 1, 0, 0, 0, 0.0
43, 1, 1, 0, 0, 0.0
43, 1, 2, 0, 0, 0.0
43, 1, 3, 0, 0, 0.0
43, 1, 4, 0, 0, 0.0
43, 1, 5, 0, 0, 0.0
43, 1, 6, 0, 0, 0.0
43, 1, 7, 0, 0, 0.0
43, 1, 8, 0, 0, 0.0
43, 1, 9, 0, 0, 0.0
43, 1, 10, 0, 0, 0.0
43, 1, 11, 0, 0, 0.0
43, 1, 12, 0, 0, 0.0
43, 1, 13, 0, 0, 0.0
43, 1, 14, 0, 0, 0.0
43, 1, 15, 0, 0, 0.0
43, 1, 16, 0, 0, 0.0
43, 1, 17, 0, 0, 0.0
43, 1, 18, 0, 0, 0.0
43, 1, 19, 0, 0, 0.0
43, 1, 20, 0, 0, 0.0
44, 0, 0, 792, 453, 7.557091663557003e-08
44, 0, 1, 824, 423, 0.00033638119930401444
44, 0, 2, 841, 384, -0.0009129625977948308
44, 0, 3, 855, 353, -0.004318248946219683
44, 0, 4, 865, 323, -0.007281095255166292
44, 0, 5, 792, 341, 0.006530236918479204
44, 0, 6, 812, 309, -0.002285294234752655
44, 0, 7, 838, 303, -0.009690743871033192
44, 0, 8, 859, 309, -0.01345003955066204
44, 0, 9, 778, 330, 0.00024350608873646706
44, 0, 10, 774, 278, -0.006009859032928944
44, 0, 11, 791, 252, -0.010573151521384716
44, 0, 12, 808, 239, -0.012876243330538273
44, 0, 13, 763, 332, -0.007940859533846378
44, 0, 14, 745, 279, -0.014344769529998302
44, 0, 15, 742, 243, -0.018785495311021805
44, 0, 16, 743, 214, -0.021266169846057892
44, 0, 17, 753, 342, -0.016451707109808922
44, 0, 18, 729, 305, -0.021527789533138275
44, 0, 19, 716, 276, -0.02313835546374321
44, 0, 20, 707, 253, -0.024048596620559692
44, 1, 0, 0, 0, 0.0
44, 1, 1, 0, 0, 0.0
44, 1, 2, 0, 0, 0.0
44, 1, 3, 0, 0, 0.0
44, 1, 4, 0, 0, 0.0
44, 1, 5, 0, 0, 0.0
44, 1, 6, 0, 0, 0.0
44, 1, 7, 0, 0, 0.0
44, 1, 8, 0, 0, 0.0
44, 1, 9, 0, 0, 0.0
44, 1, 10, 0, 0, 0.0
44, 1, 11, 0, 0, 0.0
44, 1, 12, 0, 0, 0.0
44, 1, 13, 0, 0, 0.0
44, 1, 14, 0, 0, 0.0
44, 1, 15, 0, 0, 0.0
44, 1, 16, 0, 0, 0.0
44, 1, 17, 0, 0, 0.0
44, 1, 18, 0, 0, 0.0
44, 1, 19, 0, 0, 0.0
44, 1, 20, 0, 0, 0.0
45, 0, 0, 793, 453, 7.756752040677384e-08
45, 0, 1, 824, 423, 0.00022592756431549788
45, 0, 2, 841, 384, -0.001150961616076529
45, 0, 3, 856, 353, -0.00469018891453743
45, 0, 4, 866, 322, -0.007803836837410927
45, 0, 5, 792, 341, 0.006417343392968178
45, 0, 6, 812, 309, -0.0023987425956875086
45, 0, 7, 838, 304, -0.009813725017011166
45, 0, 8, 859, 309, -0.013580148108303547
45, 0, 9, 778, 330, 0.00012979125312995166
45, 0, 10, 774, 278, -0.006231905426830053
45, 0, 11, 792, 252, -0.010943039320409298
45, 0, 12, 809, 239, -0.013358463533222675
45, 0, 13, 764, 332, -0.008055991493165493
45, 0, 14, 746, 279, -0.014552658423781395
45, 0, 15, 743, 243, -0.01916525326669216
45, 0, 16, 744, 215, -0.02175341732800007
45, 0, 17, 753, 342, -0.01656690612435341
45, 0, 18, 729, 304, -0.021627306938171387
45, 0, 19, 716, 276, -0.023292211815714836
45, 0, 20, 707, 252, -0.02426532283425331
45, 1, 0, 0, 0, 0.0
45, 1, 1, 0, 0, 0.0
45, 1, 2, 0, 0, 0.0
45, 1, 3, 0, 0, 0.0
45, 1, 4, 0, 0, 0.0
45, 1, 5, 0, 0, 0.0
45, 1, 6, 0, 0, 0.0
45, 1, 7, 0, 0, 0.0
45, 1, 8, 0, 0, 0.0
45, 1, 9, 0, 0, 0.0
45, 1, 10, 0, 0, 0.0
45, 1, 11, 0, 0, 0.0
45, 1, 12, 0, 0, 0.0
45, 1, 13, 0, 0, 0.0
45, 1, 14, 0, 0, 0.0
45, 1, 15, 0, 0, 0.0
45, 1, 16, 0, 0, 0.0
45, 1, 17, 0, 0, 0.0
45, 1, 18, 0, 0, 0.0
45, 1, 19, 0, 0, 0.0
45, 1, 20, 0, 0, 0.0
46, 0, 0, 793, 452, 7.77807116492113e-08
46, 0, 1, 824, 423, 0.0003167270915582776
46, 0, 2, 841, 384, -0.0009842206491157413
46, 0, 3, 856, 353, -0.004458755254745483
46, 0, 4, 866, 323, -0.007504236418753862
46, 0, 5, 792, 340, 0.006574847735464573
46, 0, 6, 813, 309, -0.002017954597249627
46, 0, 7, 838, 304, -0.009257444180548191
46, 0, 8, 860, 309, -0.012950058095157146
46, 0, 9, 779, 330, 0.0002627275534905493
46, 0, 10, 775, 278, -0.006034083664417267
46, 0, 11, 793, 252, -0.010657022707164288
46, 0, 12, 811, 239, -0.012999783270061016
46, 0, 13, 764, 331, -0.007934949360787868
46, 0, 14, 746, 279, -0.014432997442781925
46, 0, 15, 744, 243, -0.019022438675165176
46, 0, 16, 746, 215, -0.02157505415380001
46, 0, 17, 753, 341, -0.016446338966488838
46, 0, 18, 730, 304, -0.021518222987651825
46, 0, 19, 717, 275, -0.02318960428237915
46, 0, 20, 708, 252, -0.024160148575901985
46, 1, 0, 0, 0, 0.0
46, 1, 1, 0, 0, 0.0
46, 1, 2, 0, 0, 0.0
46, 1, 3, 0, 0, 0.0
46, 1, 4, 0, 0, 0.0
46, 1, 5, 0, 0, 0.0
46, 1, 6, 0, 0, 0.0
46, 1, 7, 0, 0, 0.0
46, 1, 8, 0, 0, 0.0
46, 1, 9, 0, 0, 0.0
46, 1, 10, 0, 0, 0.0
46, 1, 11, 0, 0, 0.0
46, 1, 12, 0, 0, 0.0
46, 1, 13, 0, 0, 0.0
46, 1, 14, 0, 0, 0.0
46, 1, 15, 0, 0, 0.0
46, 1, 16, 0, 0, 0.0
46, 1, 17, 0, 0, 0.0
46, 1, 18, 0, 0, 0.0
46, 1, 19, 0, 0, 0.0
46, 1, 20, 0, 0, 0.0
47, 0, 0, 793, 452, 7.727958006853441e-08
47, 0, 1, 824, 423, 0.00016791636880952865
47, 0, 2, 841, 384, -0.001152438810095191
47, 0, 3, 856, 353, -0.00463213911280036
47, 0, 4, 866, 322, -0.007702175062149763
47, 0, 5, 793, 341, 0.006479371804744005
47, 0, 6, 812, 308, -0.0023039928637444973
47, 0, 7, 838, 303, -0.009705956093966961
47, 0, 8, 859, 308, -0.0134913120418787
47, 0, 9, 779, 330, 0.00025066148373298347
47, 0, 10, 775, 278, -0.006189150735735893
47, 0, 11, 793, 252, -0.010960044339299202
47, 0, 12, 810, 239, -0.013384274207055569
47, 0, 13, 765, 331, -0.007881737314164639
47, 0, 14, 746, 279, -0.014525973238050938
47, 0, 15, 743, 243, -0.0192054845392704
47, 0, 16, 745, 215, -0.021775830537080765
47, 0, 17, 753, 341, -0.016335565596818924
47, 0, 18, 730, 304, -0.021474778652191162
47, 0, 19, 717, 276, -0.023160988464951515
47, 0, 20, 708, 252, -0.024113403633236885
47, 1, 0, 0, 0, 0.0
47, 1, 1, 0, 0, 0.0
47, 1, 2, 0, 0, 0.0
47, 1, 3, 0, 0, 0.0
47, 1, 4, 0, 0, 0.0
47, 1, 5, 0, 0, 0.0
47, 1, 6, 0, 0, 0.0
47, 1, 7, 0, 0, 0.0
47, 1, 8, 0, 0, 0.0
47, 1, 9, 0, 0, 0.0
47, 1, 10, 0, 0, 0.0
47, 1, 11, 0, 0, 0.0
47, 1, 12, 0, 0, 0.0
47, 1, 13, 0, 0, 0.0
47, 1, 14, 0, 0, 0.0
47, 1, 15, 0, 0, 0.0
47, 1, 16, 0, 0, 0.0
47, 1, 17, 0, 0, 0.0
47, 1, 18, 0, 0, 0.0
47, 1, 19, 0, 0, 0.0
47, 1, 20, 0, 0, 0.0
48, 0, 0, 792, 452, 7.719878425405113e-08
48, 0, 1, 824, 423, 6.944986671442166e-05
48, 0, 2, 841, 384, -0.0012692190939560533
48, 0, 3, 856, 353, -0.004704158753156662
48, 0, 4, 866, 322, -0.007697126362472773
48, 0, 5, 793, 340, 0.006296059582382441
48, 0, 6, 813, 308, -0.0026091549079865217
48, 0, 7, 838, 303, -0.010113749653100967
48, 0, 8, 859, 308, -0.013969031162559986
48, 0, 9, 779, 330, 0.00015745862037874758
48, 0, 10, 775, 278, -0.006272698752582073
48, 0, 11, 792, 252, -0.010991825722157955
48, 0, 12, 810, 239, -0.013395099900662899
48, 0, 13, 764, 331, -0.007888820953667164
48, 0, 14, 746, 279, -0.014494701288640499
48, 0, 15, 743, 242, -0.019023729488253593
48, 0, 16, 745, 214, -0.021513892337679863
48, 0, 17, 753, 341, -0.016269013285636902
48, 0, 18, 730, 304, -0.021485164761543274
48, 0, 19, 717, 276, -0.023142552003264427
48, 0, 20, 708, 252, -0.02404707670211792
48, 1, 0, 0, 0, 0.0
48, 1, 1, 0, 0, 0.0
48, 1, 2, 0, 0, 0.0
48, 1, 3, 0, 0, 0.0
48, 1, 4, 0, 0, 0.0
48, 1, 5, 0, 0, 0.0
48, 1, 6, 0, 0, 0.0
48, 1, 7, 0, 0, 0.0
48, 1, 8, 0, 0, 0.0
48, 1, 9, 0, 0, 0.0
48, 1, 10, 0, 0, 0.0
48, 1, 11, 0, 0, 0.0
48, 1, 12, 0, 0, 0.0
48, 1, 13, 0, 0, 0.0
48, 1, 14, 0, 0, 0.0
48, 1, 15, 0, 0, 0.0
48, 1, 16, 0, 0, 0.0
48, 1, 17, 0, 0, 0.0
48, 1, 18, 0, 0, 0.0
48, 1, 19, 0, 0, 0.0
48, 1, 20, 0, 0, 0.0
49, 0, 0, 792, 452, 7.912622379535605e-08
49, 0, 1, 823, 423, -7.824966451153159e-05
49, 0, 2, 840, 384, -0.001491368399001658
49, 0, 3, 855, 353, -0.004959945101290941
49, 0, 4, 866, 322, -0.007966183125972748
49, 0, 5, 793, 340, 0.006119715515524149
49, 0, 6, 813, 308, -0.002793926512822509
49, 0, 7, 838, 303, -0.010220593772828579
49, 0, 8, 860, 308, -0.014002496376633644
49, 0, 9, 779, 329, 6.883810419822112e-05
49, 0, 10, 775, 277, -0.006479183677583933
49, 0, 11, 793, 252, -0.011167671531438828
49, 0, 12, 810, 239, -0.01348224189132452
49, 0, 13, 764, 331, -0.007892977446317673
49, 0, 14, 746, 278, -0.014603951945900917
49, 0, 15, 743, 242, -0.019083060324192047
49, 0, 16, 745, 214, -0.02147090621292591
49, 0, 17, 753, 341, -0.016193389892578125
49, 0, 18, 730, 304, -0.021489500999450684
49, 0, 19, 717, 276, -0.023154182359576225
49, 0, 20, 708, 252, -0.024015681818127632
49, 1, 0, 0, 0, 0.0
49, 1, 1, 0, 0, 0.0
49, 1, 2, 0, 0, 0.0
49, 1, 3, 0, 0, 0.0
49, 1, 4, 0, 0, 0.0
49, 1, 5, 0, 0, 0.0
49, 1, 6, 0, 0, 0.0
49, 1, 7, 0, 0, 0.0
49, 1, 8, 0, 0, 0.0
49, 1, 9, 0, 0, 0.0
49, 1, 10, 0, 0, 0.0
49, 1, 11, 0, 0, 0.0
49, 1, 12, 0, 0, 0.0
49, 1, 13, 0, 0, 0.0
49, 1, 14, 0, 0, 0.0
49, 1, 15, 0, 0, 0.0
49, 1, 16, 0, 0, 0.0
49, 1, 17, 0, 0, 0.0
49, 1, 18, 0, 0, 0.0
49, 1, 19, 0, 0, 0.0
49, 1, 20, 0, 0, 0.0
50, 0, 0, 791, 453, 7.674107393995655e-08
50, 0, 1, 823, 424, -0.0001329916703980416
50, 0, 2, 840, 385, -0.00161260855384171
50, 0, 3, 855, 354, -0.00512353191152215
50, 0, 4, 866, 324, -0.008188433013856411
50, 0, 5, 792, 340, 0.005871985107660294
50, 0, 6, 812, 308, -0.003073891159147024
50, 0, 7, 838, 304, -0.010534977540373802
50, 0, 8, 859, 309, -0.014316590502858162
50, 0, 9, 778, 330, -0.00021306902635842562
50, 0, 10, 774, 278, -0.006836667191237211
50, 0, 11, 792, 252, -0.011648259125649929
50, 0, 12, 810, 240, -0.014032628387212753
50, 0, 13, 764, 332, -0.008175254799425602
50, 0, 14, 746, 280, -0.014875627122819424
50, 0, 15, 743, 244, -0.019403155893087387
50, 0, 16, 745, 216, -0.021823802962899208
50, 0, 17, 753, 342, -0.016481904312968254
50, 0, 18, 730, 305, -0.021681297570466995
50, 0, 19, 717, 277, -0.02328755520284176
50, 0, 20, 708, 254, -0.024116963148117065
50, 1, 0, 0, 0, 0.0
50, 1, 1, 0, 0, 0.0
50, 1, 2, 0, 0, 0.0
50, 1, 3, 0, 0, 0.0
50, 1, 4, 0, 0, 0.0
50, 1, 5, 0, 0, 0.0
50, 1, 6, 0, 0, 0.0
50, 1, 7, 0, 0, 0.0
50, 1, 8, 0, 0, 0.0
50, 1, 9, 0, 0, 0.0
50, 1, 10, 0, 0, 0.0
50, 1, 11, 0, 0, 0.0
50, 1, 12, 0, 0, 0.0
50, 1, 13, 0, 0, 0.0
50, 1, 14, 0, 0, 0.0
50, 1, 15, 0, 0, 0.0
50, 1, 16, 0, 0, 0.0
50, 1, 17, 0, 0, 0.0
50, 1, 18, 0, 0, 0.0
50, 1, 19, 0, 0, 0.0
50, 1, 20, 0, 0, 0.0
51, 0, 0, 790, 455, 7.92920076264636e-08
51, 0, 1, 822, 426, -0.0001556243805680424
51, 0, 2, 840, 387, -0.001634402316994965
51, 0, 3, 855, 355, -0.005173285957425833
51, 0, 4, 866, 325, -0.008263581432402134
51, 0, 5, 792, 342, 0.006008105352520943
51, 0, 6, 812, 310, -0.002877875231206417
51, 0, 7, 837, 305, -0.010279438458383083
51, 0, 8, 859, 310, -0.014051791280508041
51, 0, 9, 778, 332, -0.0001071242440957576
51, 0, 10, 774, 279, -0.006692762952297926
51, 0, 11, 793, 253, -0.011421945877373219
51, 0, 12, 810, 241, -0.013736769556999207
51, 0, 13, 764, 333, -0.008127906359732151
51, 0, 14, 746, 281, -0.014825068414211273
51, 0, 15, 744, 244, -0.01927131600677967
51, 0, 16, 746, 216, -0.0216265469789505
51, 0, 17, 753, 344, -0.01650799810886383
51, 0, 18, 730, 307, -0.021761301904916763
51, 0, 19, 717, 278, -0.02337733656167984
51, 0, 20, 708, 255, -0.024197548627853394
51, 1, 0, 0, 0, 0.0
51, 1, 1, 0, 0, 0.0
51, 1, 2, 0, 0, 0.0
51, 1, 3, 0, 0, 0.0
51, 1, 4, 0, 0, 0.0
51, 1, 5, 0, 0, 0.0
51, 1, 6, 0, 0, 0.0
51, 1, 7, 0, 0, 0.0
51, 1, 8, 0, 0, 0.0
51, 1, 9, 0, 0, 0.0
51, 1, 10, 0, 0, 0.0
51, 1, 11, 0, 0, 0.0
51, 1, 12, 0, 0, 0.0
51, 1, 13, 0, 0, 0.0
51, 1, 14, 0, 0, 0.0
51, 1, 15, 0, 0, 0.0
51, 1, 16, 0, 0, 0.0
51, 1, 17, 0, 0, 0.0
51, 1, 18, 0, 0, 0.0
51, 1, 19, 0, 0, 0.0
51, 1, 20, 0, 0, 0.0
52, 0, 0, 788, 461, 7.003801982818914e-08
52, 0, 1, 821, 431, -0.0006457511917687953
52, 0, 2, 839, 391, -0.0024308208376169205
52, 0, 3, 854, 360, -0.006147698499262333
52, 0, 4, 866, 329, -0.009326464496552944
52, 0, 5, 791, 344, 0.0051073720678687096
52, 0, 6, 812, 311, -0.0044490923173725605
52, 0, 7, 838, 308, -0.012155701406300068
52, 0, 8, 859, 316, -0.015900231897830963
52, 0, 9, 777, 334, -0.000805271731223911
52, 0, 10, 775, 282, -0.008019540458917618
52, 0, 11, 794, 257, -0.012974760495126247
52, 0, 12, 814, 246, -0.01525366585701704
52, 0, 13, 763, 337, -0.00867277942597866
52, 0, 14, 747, 284, -0.01580522023141384
52, 0, 15, 747, 247, -0.02051985077559948
52, 0, 16, 751, 219, -0.02292083390057087
52, 0, 17, 753, 349, -0.016915831714868546
52, 0, 18, 733, 310, -0.02246800996363163
52, 0, 19, 721, 281, -0.024391308426856995
52, 0, 20, 713, 256, -0.025350268930196762
52, 1, 0, 0, 0, 0.0
52, 1, 1, 0, 0, 0.0
52, 1, 2, 0, 0, 0.0
52, 1, 3, 0, 0, 0.0
52, 1, 4, 0, 0, 0.0
52, 1, 5, 0, 0, 0.0
52, 1, 6, 0, 0, 0.0
52, 1, 7, 0, 0, 0.0
52, 1, 8, 0, 0, 0.0
52, 1, 9, 0, 0, 0.0
52, 1, 10, 0, 0, 0.0
52, 1, 11, 0, 0, 0.0
52, 1, 12, 0, 0, 0.0
52, 1, 13, 0, 0, 0.0
52, 1, 14, 0, 0, 0.0
52, 1, 15, 0, 0, 0.0
52, 1, 16, 0, 0, 0.0
52, 1, 17, 0, 0, 0.0
52, 1, 18, 0, 0, 0.0
52, 1, 19, 0, 0, 0.0
52, 1, 20, 0, 0, 0.0
53, 0, 0, 787, 470, 6.91432404664738e-08
53, 0, 1, 820, 439, -0.0004132360336370766
53, 0, 2, 838, 398, -0.0020915495697408915
53, 0, 3, 853, 368, -0.005859946832060814
53, 0, 4, 866, 337, -0.008866473101079464
53, 0, 5, 790, 350, 0.007223169784992933
53, 0, 6, 813, 315, -0.0027998986188322306
53, 0, 7, 839, 315, -0.01141476072371006
53, 0, 8, 860, 325, -0.015615801326930523
53, 0, 9, 777, 342, 0.0009711314341984689
53, 0, 10, 778, 287, -0.006395566277205944
53, 0, 11, 798, 264, -0.01187834981828928
53, 0, 12, 819, 255, -0.014395193196833134
53, 0, 13, 763, 346, -0.007432178128510714
53, 0, 14, 753, 290, -0.01414548046886921
53, 0, 15, 756, 254, -0.018678095191717148
53, 0, 16, 762, 227, -0.020933862775564194
53, 0, 17, 755, 358, -0.016338787972927094
53, 0, 18, 744, 316, -0.020891588181257248
53, 0, 19, 737, 285, -0.022244097664952278
53, 0, 20, 733, 260, -0.02294723317027092
53, 1, 0, 0, 0, 0.0
53, 1, 1, 0, 0, 0.0
53, 1, 2, 0, 0, 0.0
53, 1, 3, 0, 0, 0.0
53, 1, 4, 0, 0, 0.0
53, 1, 5, 0, 0, 0.0
53, 1, 6, 0, 0, 0.0
53, 1, 7, 0, 0, 0.0
53, 1, 8, 0, 0, 0.0
53, 1, 9, 0, 0, 0.0
53, 1, 10, 0, 0, 0.0
53, 1, 11, 0, 0, 0.0
53, 1, 12, 0, 0, 0.0
53, 1, 13, 0, 0, 0.0
53, 1, 14, 0, 0, 0.0
53, 1, 15, 0, 0, 0.0
53, 1, 16, 0, 0, 0.0
53, 1, 17, 0, 0, 0.0
53, 1, 18, 0, 0, 0.0
53, 1, 19, 0, 0, 0.0
53, 1, 20, 0, 0, 0.0
54, 0, 0, 781, 486, 4.5248238933481844e-08
54, 0, 1, 816, 453, 0.00288971234112978
54, 0, 2, 836, 414, 0.002368575893342495
54, 0, 3, 854, 386, -0.0010564157273620367
54, 0, 4, 870, 356, -0.003978416323661804
54, 0, 5, 791, 363, 0.01320713385939598
54, 0, 6, 820, 330, 0.004444044083356857
54, 0, 7, 848, 332, -0.004569086711853743
54, 0, 8, 868, 344, -0.008980171754956245
54, 0, 9, 780, 357, 0.005650979466736317
54, 0, 10, 790, 305, -0.00019875496218446642
54, 0, 11, 814, 285, -0.005774798337370157
54, 0, 12, 836, 280, -0.008341537788510323
54, 0, 13, 768, 360, -0.003951746970415115
54, 0, 14, 772, 303, -0.008357413113117218
54, 0, 15, 786, 271, -0.010868578217923641
54, 0, 16, 801, 250, -0.011677335016429424
54, 0, 17, 760, 369, -0.014066385105252266
54, 0, 18, 764, 323, -0.01637018285691738
54, 0, 19, 770, 292, -0.015718739479780197
54, 0, 20, 780, 269, -0.014740158803761005
54, 1, 0, 0, 0, 0.0
54, 1, 1, 0, 0, 0.0
54, 1, 2, 0, 0, 0.0
54, 1, 3, 0, 0, 0.0
54, 1, 4, 0, 0, 0.0
54, 1, 5, 0, 0, 0.0
54, 1, 6, 0, 0, 0.0
54, 1, 7, 0, 0, 0.0
54, 1, 8, 0, 0, 0.0
54, 1, 9, 0, 0, 0.0
54, 1, 10, 0, 0, 0.0
54, 1, 11, 0, 0, 0.0
54, 1, 12, 0, 0, 0.0
54, 1, 13, 0, 0, 0.0
54, 1, 14, 0, 0, 0.0
54, 1, 15, 0, 0, 0.0
54, 1, 16, 0, 0, 0.0
54, 1, 17, 0, 0, 0.0
54, 1, 18, 0, 0, 0.0
54, 1, 19, 0, 0, 0.0
54, 1, 20, 0, 0, 0.0
55, 0, 0, 764, 510, 3.666972148153036e-08
55, 0, 1, 809, 478, 0.005639285780489445
55, 0, 2, 832, 436, 0.005587663967162371
55, 0, 3, 855, 410, 0.0023882598616182804
55, 0, 4, 876, 388, -0.00039509727503173053
55, 0, 5, 776, 385, 0.011153108440339565
55, 0, 6, 822, 355, 0.0033119935542345047
55, 0, 7, 855, 358, -0.004950051195919514
55, 0, 8, 879, 371, -0.009302320890128613
55, 0, 9, 765, 383, 0.00306602637283504
55, 0, 10, 807, 333, -0.0026462378446012735
55, 0, 11, 841, 318, -0.007886691018939018
55, 0, 12, 868, 316, -0.010526548139750957
55, 0, 13, 762, 388, -0.006207056809216738
55, 0, 14, 799, 333, -0.010255416855216026
55, 0, 15, 829, 309, -0.013220532797276974
55, 0, 16, 854, 299, -0.014494543895125389
55, 0, 17, 769, 397, -0.015656759962439537
55, 0, 18, 795, 352, -0.017454855144023895
55, 0, 19, 815, 327, -0.017513766884803772
55, 0, 20, 835, 312, -0.017162447795271873
55, 1, 0, 0, 0, 0.0
55, 1, 1, 0, 0, 0.0
55, 1, 2, 0, 0, 0.0
55, 1, 3, 0, 0, 0.0
55, 1, 4, 0, 0, 0.0
55, 1, 5, 0, 0, 0.0
55, 1, 6, 0, 0, 0.0
55, 1, 7, 0, 0, 0.0
55, 1, 8, 0, 0, 0.0
55, 1, 9, 0, 0, 0.0
55, 1, 10, 0, 0, 0.0
55, 1, 11, 0, 0, 0.0
55, 1, 12, 0, 0, 0.0
55, 1, 13, 0, 0, 0.0
55, 1, 14, 0, 0, 0.0
55, 1, 15, 0, 0, 0.0
55, 1, 16, 0, 0, 0.0
55, 1, 17, 0, 0, 0.0
55, 1, 18, 0, 0, 0.0
55, 1, 19, 0, 0, 0.0
55, 1, 20, 0, 0, 0.0
56, 0, 0, 754, 534, 3.444069562874574e-08
56, 0, 1, 814, 500, 0.005007386207580566
56, 0, 2, 838, 463, 0.004460076801478863
56, 0, 3, 858, 438, 0.0008841680828481913
56, 0, 4, 881, 421, -0.0023127482272684574
56, 0, 5, 777, 401, 0.006226756609976292
56, 0, 6, 829, 371, -0.0003936323046218604
56, 0, 7, 865, 375, -0.006767502054572105
56, 0, 8, 890, 382, -0.011330224573612213
56, 0, 9, 771, 404, -0.0012396718375384808
56, 0, 10, 834, 369, -0.00788903795182705
56, 0, 11, 872, 375, -0.012321671470999718
56, 0, 12, 899, 384, -0.015151570551097393
56, 0, 13, 776, 416, -0.009221195243299007
56, 0, 14, 837, 382, -0.015764106065034866
56, 0, 15, 876, 385, -0.017871441319584846
56, 0, 16, 902, 394, -0.01867295429110527
56, 0, 17, 789, 434, -0.01719743013381958
56, 0, 18, 837, 410, -0.021556517109274864
56, 0, 19, 866, 404, -0.02226771041750908
56, 0, 20, 888, 403, -0.022459018975496292
56, 1, 0, 0, 0, 0.0
56, 1, 1, 0, 0, 0.0
56, 1, 2, 0, 0, 0.0
56, 1, 3, 0, 0, 0.0
56, 1, 4, 0, 0, 0.0
56, 1, 5, 0, 0, 0.0
56, 1, 6, 0, 0, 0.0
56, 1, 7, 0, 0, 0.0
56, 1, 8, 0, 0, 0.0
56, 1, 9, 0, 0, 0.0
56, 1, 10, 0, 0, 0.0
56, 1, 11, 0, 0, 0.0
56, 1, 12, 0, 0, 0.0
56, 1, 13, 0, 0, 0.0
56, 1, 14, 0, 0, 0.0
56, 1, 15, 0, 0, 0.0
56, 1, 16, 0, 0, 0.0
56, 1, 17, 0, 0, 0.0
56, 1, 18, 0, 0, 0.0
56, 1, 19, 0, 0, 0.0
56, 1, 20, 0, 0, 0.0
57, 0, 0, 744, 573, 1.3933043163660841e-08
57, 0, 1, 769, 523, 0.009922992438077927
57, 0, 2, 799, 477, 0.010396266356110573
57, 0, 3, 833, 456, 0.007535799406468868
57, 0, 4, 862, 449, 0.004404938314110041
57, 0, 5, 792, 435, 0.002003720495849848
57, 0, 6, 866, 420, -0.004700301680713892
57, 0, 7, 902, 438, -0.008265013806521893
57, 0, 8, 921, 456, -0.009534451179206371
57, 0, 9, 793, 448, -0.006808794103562832
57, 0, 10, 873, 427, -0.011694997549057007
57, 0, 11, 909, 446, -0.01225063856691122
57, 0, 12, 928, 467, -0.011761805042624474
57, 0, 13, 799, 470, -0.015116643160581589
57, 0, 14, 874, 453, -0.018894312903285027
57, 0, 15, 909, 469, -0.018059784546494484
57, 0, 16, 928, 485, -0.016432637348771095
57, 0, 17, 810, 498, -0.02273414097726345
57, 0, 18, 869, 486, -0.02254871092736721
57, 0, 19, 899, 490, -0.019902165979146957
57, 0, 20, 920, 495, -0.017509881407022476
57, 1, 0, 0, 0, 0.0
57, 1, 1, 0, 0, 0.0
57, 1, 2, 0, 0, 0.0
57, 1, 3, 0, 0, 0.0
57, 1, 4, 0, 0, 0.0
57, 1, 5, 0, 0, 0.0
57, 1, 6, 0, 0, 0.0
57, 1, 7, 0, 0, 0.0
57, 1, 8, 0, 0, 0.0
57, 1, 9, 0, 0, 0.0
57, 1, 10, 0, 0, 0.0
57, 1, 11, 0, 0, 0.0
57, 1, 12, 0, 0, 0.0
57, 1, 13, 0, 0, 0.0
57, 1, 14, 0, 0, 0.0
57, 1, 15, 0, 0, 0.0
57, 1, 16, 0, 0, 0.0
57, 1, 17, 0, 0, 0.0
57, 1, 18, 0, 0, 0.0
57, 1, 19, 0, 0, 0.0
57, 1, 20, 0, 0, 0.0
58, 0, 0, 740, 616, 4.249205787232313e-08
58, 0, 1, 762, 560, 0.006595298182219267
58, 0, 2, 804, 525, 0.004414399154484272
58, 0, 3, 846, 516, -0.00041136369691230357
58, 0, 4, 882, 523, -0.005527139641344547
58, 0, 5, 814, 494, -0.00549766281619668
58, 0, 6, 889, 483, -0.013521936722099781
58, 0, 7, 920, 504, -0.016671886667609215
58, 0, 8, 932, 523, -0.017167771235108376
58, 0, 9, 819, 516, -0.013329405337572098
58, 0, 10, 899, 504, -0.02009264938533306
58, 0, 11, 932, 525, -0.020877104252576828
58, 0, 12, 946, 546, -0.019860120490193367
58, 0, 13, 824, 546, -0.02046075463294983
58, 0, 14, 899, 542, -0.025612041354179382
58, 0, 15, 931, 558, -0.02487887442111969
58, 0, 16, 945, 574, -0.02263004332780838
58, 0, 17, 832, 580, -0.027035200968384743
58, 0, 18, 891, 579, -0.02725631557404995
58, 0, 19, 920, 584, -0.024109264835715294
58, 0, 20, 939, 591, -0.020821163430809975
58, 1, 0, 0, 0, 0.0
58, 1, 1, 0, 0, 0.0
58, 1, 2, 0, 0, 0.0
58, 1, 3, 0, 0, 0.0
58, 1, 4, 0, 0, 0.0
58, 1, 5, 0, 0, 0.0
58, 1, 6, 0, 0, 0.0
58, 1, 7, 0, 0, 0.0
58, 1, 8, 0, 0, 0.0
58, 1, 9, 0, 0, 0.0
58, 1, 10, 0, 0, 0.0
58, 1, 11, 0, 0, 0.0
58, 1, 12, 0, 0, 0.0
58, 1, 13, 0, 0, 0.0
58, 1, 14, 0, 0, 0.0
58, 1, 15, 0, 0, 0.0
58, 1, 16, 0, 0, 0.0
58, 1, 17, 0, 0, 0.0
58, 1, 18, 0, 0, 0.0
58, 1, 19, 0, 0, 0.0
58, 1, 20, 0, 0, 0.0
59, 0, 0, 737, 673, 1.7386507789041161e-09
59, 0, 1, 763, 620, 0.004711948335170746
59, 0, 2, 811, 581, 0.0030015630181878805
59, 0, 3, 856, 559, 0.0004762601456604898
59, 0, 4, 893, 550, -0.0013726487522944808
59, 0, 5, 842, 575, -0.010525413788855076
59, 0, 6, 918, 567, -0.017018908634781837
59, 0, 7, 944, 583, -0.017926504835486412
59, 0, 8, 950, 600, -0.01687297224998474
59, 0, 9, 850, 603, -0.016457434743642807
59, 0, 10, 930, 598, -0.02192399837076664
59, 0, 11, 958, 614, -0.020892877131700516
59, 0, 12, 966, 629, -0.019001752138137817
59, 0, 13, 853, 638, -0.021320978179574013
59, 0, 14, 925, 641, -0.025018157437443733
59, 0, 15, 955, 651, -0.022300228476524353
59, 0, 16, 968, 659, -0.019562575966119766
59, 0, 17, 851, 675, -0.02556801587343216
59, 0, 18, 907, 681, -0.025405824184417725
59, 0, 19, 934, 686, -0.021448515355587006
59, 0, 20, 950, 689, -0.01785890944302082
59, 1, 0, 0, 0, 0.0
59, 1, 1, 0, 0, 0.0
59, 1, 2, 0, 0, 0.0
59, 1, 3, 0, 0, 0.0
59, 1, 4, 0, 0, 0.0
59, 1, 5, 0, 0, 0.0
59, 1, 6, 0, 0, 0.0
59, 1, 7, 0, 0, 0.0
59, 1, 8, 0, 0, 0.0
59, 1, 9, 0, 0, 0.0
59, 1, 10, 0, 0, 0.0
59, 1, 11, 0, 0, 0.0
59, 1, 12, 0, 0, 0.0
59, 1, 13, 0, 0, 0.0
59, 1, 14, 0, 0, 0.0
59, 1, 15, 0, 0, 0.0
59, 1, 16, 0, 0, 0.0
59, 1, 17, 0, 0, 0.0
59, 1, 18, 0, 0, 0.0
59, 1, 19, 0, 0, 0.0
59, 1, 20, 0, 0, 0.0
60, 0, 0, 732, 738, 1.519771686275817e-08
60, 0, 1, 765, 683, 0.004292252007871866
60, 0, 2, 813, 644, 0.0036428256426006556
60, 0, 3, 859, 622, 0.002460211282595992
60, 0, 4, 897, 608, 0.0018575704889371991
60, 0, 5, 862, 661, -0.006522479932755232
60, 0, 6, 935, 658, -0.00905111338943243
60, 0, 7, 960, 669, -0.007802990730851889
60, 0, 8, 969, 680, -0.005912828259170055
60, 0, 9, 869, 696, -0.010643281042575836
60, 0, 10, 945, 696, -0.011667441576719284
60, 0, 11, 968, 706, -0.009629368782043457
60, 0, 12, 975, 713, -0.007778889965265989
60, 0, 13, 867, 732, -0.013713454827666283
60, 0, 14, 934, 738, -0.013208425603806973
60, 0, 15, 962, 742, -0.010471290908753872
60, 0, 16, 974, 743, -0.008823881857097149
60, 0, 17, 859, 768, -0.016173982992768288
60, 0, 18, 911, 775, -0.013668284751474857
60, 0, 19, 938, 779, -0.009555112570524216
60, 0, 20, 956, 778, -0.006343052722513676
60, 1, 0, 0, 0, 0.0
60, 1, 1, 0, 0, 0.0
60, 1, 2, 0, 0, 0.0
60, 1, 3, 0, 0, 0.0
60, 1, 4, 0, 0, 0.0
60, 1, 5, 0, 0, 0.0
60, 1, 6, 0, 0, 0.0
60, 1, 7, 0, 0, 0.0
60, 1, 8, 0, 0, 0.0
60, 1, 9, 0, 0, 0.0
60, 1, 10, 0, 0, 0.0
60, 1, 11, 0, 0, 0.0
60, 1, 12, 0, 0, 0.0
60, 1, 13, 0, 0, 0.0
60, 1, 14, 0, 0, 0.0
60, 1, 15, 0, 0, 0.0
60, 1, 16, 0, 0, 0.0
60, 1, 17, 0, 0, 0.0
60, 1, 18, 0, 0, 0.0
60, 1, 19, 0, 0, 0.0
60, 1, 20, 0, 0, 0.0
61, 0, 0, 740, 808, 5.998848084942665e-09
61, 0, 1, 777, 751, 0.0022485684603452682
61, 0, 2, 830, 717, 0.0025374735705554485
61, 0, 3, 877, 698, 0.0026041564997285604
61, 0, 4, 910, 681, 0.0031716397497802973
61, 0, 5, 875, 748, -0.004359549377113581
61, 0, 6, 948, 752, -0.005419999826699495
61, 0, 7, 972, 759, -0.003667216282337904
61, 0, 8, 979, 764, -0.001356158871203661
61, 0, 9, 878, 787, -0.006525479257106781
61, 0, 10, 953, 791, -0.005615661386400461
61, 0, 11, 975, 793, -0.0035627337638288736
61, 0, 12, 980, 792, -0.001841821474954486
61, 0, 13, 872, 823, -0.008040093816816807
61, 0, 14, 936, 830, -0.006247606128454208
61, 0, 15, 963, 831, -0.004514387808740139
61, 0, 16, 975, 829, -0.0036574157420545816
61, 0, 17, 860, 855, -0.009140276350080967
61, 0, 18, 910, 863, -0.006746578961610794
61, 0, 19, 936, 866, -0.003912489395588636
61, 0, 20, 954, 865, -0.0016882430063560605
61, 1, 0, 0, 0, 0.0
61, 1, 1, 0, 0, 0.0
61, 1, 2, 0, 0, 0.0
61, 1, 3, 0, 0, 0.0
61, 1, 4, 0, 0, 0.0
61, 1, 5, 0, 0, 0.0
61, 1, 6, 0, 0, 0.0
61, 1, 7, 0, 0, 0.0
61, 1, 8, 0, 0, 0.0
61, 1, 9, 0, 0, 0.0
61, 1, 10, 0, 0, 0.0
61, 1, 11, 0, 0, 0.0
61, 1, 12, 0, 0, 0.0
61, 1, 13, 0, 0, 0.0
61, 1, 14, 0, 0, 0.0
61, 1, 15, 0, 0, 0.0
61, 1, 16, 0, 0, 0.0
61, 1, 17, 0, 0, 0.0
61, 1, 18, 0, 0, 0.0
61, 1, 19, 0, 0, 0.0
61, 1, 20, 0, 0, 0.0
62, 0, 0, 763, 881, 5.332164576543619e-08
62, 0, 1, 795, 829, -0.0036460498813539743
62, 0, 2, 844, 800, -0.008111312054097652
62, 0, 3, 890, 785, -0.011369633488357067
62, 0, 4, 923, 768, -0.01389499381184578
62, 0, 5, 878, 850, -0.014356075786054134
62, 0, 6, 947, 857, -0.018391933292150497
62, 0, 7, 976, 857, -0.017818914726376534
62, 0, 8, 987, 854, -0.015937818214297295
62, 0, 9, 875, 890, -0.014700861647725105
62, 0, 10, 948, 894, -0.017561784014105797
62, 0, 11, 976, 888, -0.015021421015262604
62, 0, 12, 987, 882, -0.01217129547148943
62, 0, 13, 865, 923, -0.01470450684428215
62, 0, 14, 934, 929, -0.016829023137688637
62, 0, 15, 962, 923, -0.013958326540887356
62, 0, 16, 974, 915, -0.011090288870036602
62, 0, 17, 853, 948, -0.014704407192766666
62, 0, 18, 903, 961, -0.016008546575903893
62, 0, 19, 930, 959, -0.013845444656908512
62, 0, 20, 949, 951, -0.011110161431133747
62, 1, 0, 749, 871, 4.8978005651179046e-08
62, 1, 1, 788, 822, -0.004169706255197525
62, 1, 2, 841, 794, -0.004976585973054171
62, 1, 3, 890, 779, -0.005194821860641241
62, 1, 4, 925, 762, -0.004569493234157562
62, 1, 5, 881, 834, 7.30071114958264e-05
62, 1, 6, 950, 844, -0.00027534225955605507
62, 1, 7, 975, 847, -0.00030732282903045416
62, 1, 8, 986, 846, 0.0003775927470996976
62, 1, 9, 883, 869, 0.0015691501321271062
62, 1, 10, 952, 879, 0.0029984081629663706
62, 1, 11, 975, 877, 0.002515647327527404
62, 1, 12, 980, 871, 0.0022417132277041674
62, 1, 13, 877, 900, 0.0024135366547852755
62, 1, 14, 939, 909, 0.00365978735499084
62, 1, 15, 960, 908, 0.003323398530483246
62, 1, 16, 968, 904, 0.0030603986233472824
62, 1, 17, 868, 925, 0.0030380776152014732
62, 1, 18, 914, 937, 0.004606441594660282
62, 1, 19, 935, 940, 0.00563931604847312
62, 1, 20, 948, 939, 0.006612399127334356
63, 0, 0, 755, 937, 6.040415456709525e-08
63, 0, 1, 794, 894, -0.006348560098558664
63, 0, 2, 848, 874, -0.007794648874551058
63, 0, 3, 899, 862, -0.00802894402295351
63, 0, 4, 937, 850, -0.007251751143485308
63, 0, 5, 876, 924, -0.002616018056869507
63, 0, 6, 944, 943, -0.003466752590611577
63, 0, 7, 972, 946, -0.003280769567936659
63, 0, 8, 986, 944, -0.001952016493305564
63, 0, 9, 877, 956, 0.0007623205310665071
63, 0, 10, 944, 973, 0.002658561570569873
63, 0, 11, 973, 972, 0.003274760441854596
63, 0, 12, 985, 967, 0.003928183112293482
63, 0, 13, 873, 981, 0.0034478313755244017
63, 0, 14, 938, 995, 0.005259342025965452
63, 0, 15, 962, 995, 0.006571600679308176
63, 0, 16, 972, 991, 0.007882151752710342
63, 0, 17, 869, 997, 0.005667090881615877
63, 0, 18, 919, 1010, 0.00783271249383688
63, 0, 19, 938, 1013, 0.009993301704525948
63, 0, 20, 949, 1013, 0.012167946435511112
63, 1, 0, 0, 0, 0.0
63, 1, 1, 0, 0, 0.0
63, 1, 2, 0, 0, 0.0
63, 1, 3, 0, 0, 0.0
63, 1, 4, 0, 0, 0.0
63, 1, 5, 0, 0, 0.0
63, 1, 6, 0, 0, 0.0
63, 1, 7, 0, 0, 0.0
63, 1, 8, 0, 0, 0.0
63, 1, 9, 0, 0, 0.0
63, 1, 10, 0, 0, 0.0
63, 1, 11, 0, 0, 0.0
63, 1, 12, 0, 0, 0.0
63, 1, 13, 0, 0, 0.0
63, 1, 14, 0, 0, 0.0
63, 1, 15, 0, 0, 0.0
63, 1, 16, 0, 0, 0.0
63, 1, 17, 0, 0, 0.0
63, 1, 18, 0, 0, 0.0
63, 1, 19, 0, 0, 0.0
63, 1, 20, 0, 0, 0.0
64, 0, 0, 757, 1012, 1.0665416994015686e-07
64, 0, 1, 796, 973, -0.013558064587414265
64, 0, 2, 851, 961, -0.02064763940870762
64, 0, 3, 900, 959, -0.024553872644901276
64, 0, 4, 937, 948, -0.02755313366651535
64, 0, 5, 862, 1024, -0.019152414053678513
64, 0, 6, 921, 1047, -0.0250385794788599
64, 0, 7, 956, 1051, -0.027942711487412453
64, 0, 8, 980, 1048, -0.028911028057336807
64, 0, 9, 848, 1059, -0.014541358686983585
64, 0, 10, 910, 1079, -0.01782381720840931
64, 0, 11, 948, 1079, -0.018764575943350792
64, 0, 12, 976, 1075, -0.019313164055347443
64, 0, 13, 833, 1080, -0.01036664005368948
64, 0, 14, 888, 1101, -0.013091045431792736
64, 0, 15, 922, 1104, -0.012699626386165619
64, 0, 16, 947, 1103, -0.012091160751879215
64, 0, 17, 820, 1091, -0.007020756136626005
64, 0, 18, 860, 1112, -0.009549178183078766
64, 0, 19, 888, 1119, -0.008585727773606777
64, 0, 20, 910, 1120, -0.007102076895534992
64, 1, 0, 743, 991, 8.218604108378713e-08
64, 1, 1, 789, 960, -0.011888472363352776
64, 1, 2, 850, 951, -0.01607862487435341
64, 1, 3, 904, 949, -0.016831619665026665
64, 1, 4, 942, 940, -0.016099659726023674
64, 1, 5, 865, 1016, -0.01468328945338726
64, 1, 6, 931, 1043, -0.015917345881462097
64, 1, 7, 963, 1047, -0.014231112785637379
64, 1, 8, 986, 1044, -0.011690977029502392
64, 1, 9, 858, 1043, -0.006758620031177998
64, 1, 10, 924, 1064, -0.005489932373166084
64, 1, 11, 956, 1059, -0.0014415007317438722
64, 1, 12, 978, 1052, 0.0019041151972487569
64, 1, 13, 849, 1055, 0.0009862659499049187
64, 1, 14, 909, 1071, 0.002559586660936475
64, 1, 15, 938, 1066, 0.006586445961147547
64, 1, 16, 957, 1060, 0.010004562325775623
64, 1, 17, 843, 1058, 0.00809288490563631
64, 1, 18, 894, 1067, 0.010909606702625751
64, 1, 19, 919, 1065, 0.015248319134116173
64, 1, 20, 937, 1060, 0.01902552880346775
65, 0, 0, 750, 1036, 1.0925277393880606e-07
65, 0, 1, 797, 1024, -0.009972219355404377
65, 0, 2, 859, 1024, -0.012704912573099136
65, 0, 3, 910, 1030, -0.014312001876533031
65, 0, 4, 949, 1030, -0.014933123253285885
65, 0, 5, 867, 1074, -0.0008239765302278101
65, 0, 6, 921, 1095, -0.003974996507167816
65, 0, 7, 953, 1109, -0.007530997972935438
65, 0, 8, 977, 1118, -0.009680960327386856
65, 0, 9, 863, 1090, 0.0031071954872459173
65, 0, 10, 914, 1116, 0.002416981616988778
65, 0, 11, 943, 1130, 0.0006928369984962046
65, 0, 12, 962, 1141, -0.0006026648334227502
65, 0, 13, 855, 1101, 0.005586914252489805
65, 0, 14, 903, 1129, 0.00518812844529748
65, 0, 15, 932, 1143, 0.006139785051345825
65, 0, 16, 952, 1156, 0.006841217167675495
65, 0, 17, 846, 1111, 0.006865352857857943
65, 0, 18, 886, 1137, 0.00710592046380043
65, 0, 19, 910, 1150, 0.008961171843111515
65, 0, 20, 927, 1164, 0.010603134520351887
65, 1, 0, 0, 0, 0.0
65, 1, 1, 0, 0, 0.0
65, 1, 2, 0, 0, 0.0
65, 1, 3, 0, 0, 0.0
65, 1, 4, 0, 0, 0.0
65, 1, 5, 0, 0, 0.0
65, 1, 6, 0, 0, 0.0
65, 1, 7, 0, 0, 0.0
65, 1, 8, 0, 0, 0.0
65, 1, 9, 0, 0, 0.0
65, 1, 10, 0, 0, 0.0
65, 1, 11, 0, 0, 0.0
65, 1, 12, 0, 0, 0.0
65, 1, 13, 0, 0, 0.0
65, 1, 14, 0, 0, 0.0
65, 1, 15, 0, 0, 0.0
65, 1, 16, 0, 0, 0.0
65, 1, 17, 0, 0, 0.0
65, 1, 18, 0, 0, 0.0
65, 1, 19, 0, 0, 0.0
65, 1, 20, 0, 0, 0.0
66, 0, 0, 0, 0, 0.0
66, 0, 1, 0, 0, 0.0
66, 0, 2, 0, 0, 0.0
66, 0, 3, 0, 0, 0.0
66, 0, 4, 0, 0, 0.0
66, 0, 5, 0, 0, 0.0
66, 0, 6, 0, 0, 0.0
66, 0, 7, 0, 0, 0.0
66, 0, 8, 0, 0, 0.0
66, 0, 9, 0, 0, 0.0
66, 0, 10, 0, 0, 0.0
66, 0, 11, 0, 0, 0.0
66, 0, 12, 0, 0, 0.0
66, 0, 13, 0, 0, 0.0
66, 0, 14, 0, 0, 0.0
66, 0, 15, 0, 0, 0.0
66, 0, 16, 0, 0, 0.0
66, 0, 17, 0, 0, 0.0
66, 0, 18, 0, 0, 0.0
66, 0, 19, 0, 0, 0.0
66, 0, 20, 0, 0, 0.0
66, 1, 0, 0, 0, 0.0
66, 1, 1, 0, 0, 0.0
66, 1, 2, 0, 0, 0.0
66, 1, 3, 0, 0, 0.0
66, 1, 4, 0, 0, 0.0
66, 1, 5, 0, 0, 0.0
66, 1, 6, 0, 0, 0.0
66, 1, 7, 0, 0, 0.0
66, 1, 8, 0, 0, 0.0
66, 1, 9, 0, 0, 0.0
66, 1, 10, 0, 0, 0.0
66, 1, 11, 0, 0, 0.0
66, 1, 12, 0, 0, 0.0
66, 1, 13, 0, 0, 0.0
66, 1, 14, 0, 0, 0.0
66, 1, 15, 0, 0, 0.0
66, 1, 16, 0, 0, 0.0
66, 1, 17, 0, 0, 0.0
66, 1, 18, 0, 0, 0.0
66, 1, 19, 0, 0, 0.0
66, 1, 20, 0, 0, 0.0
67, 0, 0, 0, 0, 0.0
67, 0, 1, 0, 0, 0.0
67, 0, 2, 0, 0, 0.0
67, 0, 3, 0, 0, 0.0
67, 0, 4, 0, 0, 0.0
67, 0, 5, 0, 0, 0.0
67, 0, 6, 0, 0, 0.0
67, 0, 7, 0, 0, 0.0
67, 0, 8, 0, 0, 0.0
67, 0, 9, 0, 0, 0.0
67, 0, 10, 0, 0, 0.0
67, 0, 11, 0, 0, 0.0
67, 0, 12, 0, 0, 0.0
67, 0, 13, 0, 0, 0.0
67, 0, 14, 0, 0, 0.0
67, 0, 15, 0, 0, 0.0
67, 0, 16, 0, 0, 0.0
67, 0, 17, 0, 0, 0.0
67, 0, 18, 0, 0, 0.0
67, 0, 19, 0, 0, 0.0
67, 0, 20, 0, 0, 0.0
67, 1, 0, 0, 0, 0.0
67, 1, 1, 0, 0, 0.0
67, 1, 2, 0, 0, 0.0
67, 1, 3, 0, 0, 0.0
67, 1, 4, 0, 0, 0.0
67, 1, 5, 0, 0, 0.0
67, 1, 6, 0, 0, 0.0
67, 1, 7, 0, 0, 0.0
67, 1, 8, 0, 0, 0.0
67, 1, 9, 0, 0, 0.0
67, 1, 10, 0, 0, 0.0
67, 1, 11, 0, 0, 0.0
67, 1, 12, 0, 0, 0.0
67, 1, 13, 0, 0, 0.0
67, 1, 14, 0, 0, 0.0
67, 1, 15, 0, 0, 0.0
67, 1, 16, 0, 0, 0.0
67, 1, 17, 0, 0, 0.0
67, 1, 18, 0, 0, 0.0
67, 1, 19, 0, 0, 0.0
67, 1, 20, 0, 0, 0.0
68, 0, 0, 0, 0, 0.0
68, 0, 1, 0, 0, 0.0
68, 0, 2, 0, 0, 0.0
68, 0, 3, 0, 0, 0.0
68, 0, 4, 0, 0, 0.0
68, 0, 5, 0, 0, 0.0
68, 0, 6, 0, 0, 0.0
68, 0, 7, 0, 0, 0.0
68, 0, 8, 0, 0, 0.0
68, 0, 9, 0, 0, 0.0
68, 0, 10, 0, 0, 0.0
68, 0, 11, 0, 0, 0.0
68, 0, 12, 0, 0, 0.0
68, 0, 13, 0, 0, 0.0
68, 0, 14, 0, 0, 0.0
68, 0, 15, 0, 0, 0.0
68, 0, 16, 0, 0, 0.0
68, 0, 17, 0, 0, 0.0
68, 0, 18, 0, 0, 0.0
68, 0, 19, 0, 0, 0.0
68, 0, 20, 0, 0, 0.0
68, 1, 0, 0, 0, 0.0
68, 1, 1, 0, 0, 0.0
68, 1, 2, 0, 0, 0.0
68, 1, 3, 0, 0, 0.0
68, 1, 4, 0, 0, 0.0
68, 1, 5, 0, 0, 0.0
68, 1, 6, 0, 0, 0.0
68, 1, 7, 0, 0, 0.0
68, 1, 8, 0, 0, 0.0
68, 1, 9, 0, 0, 0.0
68, 1, 10, 0, 0, 0.0
68, 1, 11, 0, 0, 0.0
68, 1, 12, 0, 0, 0.0
68, 1, 13, 0, 0, 0.0
68, 1, 14, 0, 0, 0.0
68, 1, 15, 0, 0, 0.0
68, 1, 16, 0, 0, 0.0
68, 1, 17, 0, 0, 0.0
68, 1, 18, 0, 0, 0.0
68, 1, 19, 0, 0, 0.0
68, 1, 20, 0, 0, 0.0
69, 0, 0, 0, 0, 0.0
69, 0, 1, 0, 0, 0.0
69, 0, 2, 0, 0, 0.0
69, 0, 3, 0, 0, 0.0
69, 0, 4, 0, 0, 0.0
69, 0, 5, 0, 0, 0.0
69, 0, 6, 0, 0, 0.0
69, 0, 7, 0, 0, 0.0
69, 0, 8, 0, 0, 0.0
69, 0, 9, 0, 0, 0.0
69, 0, 10, 0, 0, 0.0
69, 0, 11, 0, 0, 0.0
69, 0, 12, 0, 0, 0.0
69, 0, 13, 0, 0, 0.0
69, 0, 14, 0, 0, 0.0
69, 0, 15, 0, 0, 0.0
69, 0, 16, 0, 0, 0.0
69, 0, 17, 0, 0, 0.0
69, 0, 18, 0, 0, 0.0
69, 0, 19, 0, 0, 0.0
69, 0, 20, 0, 0, 0.0
69, 1, 0, 0, 0, 0.0
69, 1, 1, 0, 0, 0.0
69, 1, 2, 0, 0, 0.0
69, 1, 3, 0, 0, 0.0
69, 1, 4, 0, 0, 0.0
69, 1, 5, 0, 0, 0.0
69, 1, 6, 0, 0, 0.0
69, 1, 7, 0, 0, 0.0
69, 1, 8, 0, 0, 0.0
69, 1, 9, 0, 0, 0.0
69, 1, 10, 0, 0, 0.0
69, 1, 11, 0, 0, 0.0
69, 1, 12, 0, 0, 0.0
69, 1, 13, 0, 0, 0.0
69, 1, 14, 0, 0, 0.0
69, 1, 15, 0, 0, 0.0
69, 1, 16, 0, 0, 0.0
69, 1, 17, 0, 0, 0.0
69, 1, 18, 0, 0, 0.0
69, 1, 19, 0, 0, 0.0
69, 1, 20, 0, 0, 0.0
70, 0, 0, 0, 0, 0.0
70, 0, 1, 0, 0, 0.0
70, 0, 2, 0, 0, 0.0
70, 0, 3, 0, 0, 0.0
70, 0, 4, 0, 0, 0.0
70, 0, 5, 0, 0, 0.0
70, 0, 6, 0, 0, 0.0
70, 0, 7, 0, 0, 0.0
70, 0, 8, 0, 0, 0.0
70, 0, 9, 0, 0, 0.0
70, 0, 10, 0, 0, 0.0
70, 0, 11, 0, 0, 0.0
70, 0, 12, 0, 0, 0.0
70, 0, 13, 0, 0, 0.0
70, 0, 14, 0, 0, 0.0
70, 0, 15, 0, 0, 0.0
70, 0, 16, 0, 0, 0.0
70, 0, 17, 0, 0, 0.0
70, 0, 18, 0, 0, 0.0
70, 0, 19, 0, 0, 0.0
70, 0, 20, 0, 0, 0.0
70, 1, 0, 0, 0, 0.0
70, 1, 1, 0, 0, 0.0
70, 1, 2, 0, 0, 0.0
70, 1, 3, 0, 0, 0.0
70, 1, 4, 0, 0, 0.0
70, 1, 5, 0, 0, 0.0
70, 1, 6, 0, 0, 0.0
70, 1, 7, 0, 0, 0.0
70, 1, 8, 0, 0, 0.0
70, 1, 9, 0, 0, 0.0
70, 1, 10, 0, 0, 0.0
70, 1, 11, 0, 0, 0.0
70, 1, 12, 0, 0, 0.0
70, 1, 13, 0, 0, 0.0
70, 1, 14, 0, 0, 0.0
70, 1, 15, 0, 0, 0.0
70, 1, 16, 0, 0, 0.0
70, 1, 17, 0, 0, 0.0
70, 1, 18, 0, 0, 0.0
70, 1, 19, 0, 0, 0.0
70, 1, 20, 0, 0, 0.0
71, 0, 0, 0, 0, 0.0
71, 0, 1, 0, 0, 0.0
71, 0, 2, 0, 0, 0.0
71, 0, 3, 0, 0, 0.0
71, 0, 4, 0, 0, 0.0
71, 0, 5, 0, 0, 0.0
71, 0, 6, 0, 0, 0.0
71, 0, 7, 0, 0, 0.0
71, 0, 8, 0, 0, 0.0
71, 0, 9, 0, 0, 0.0
71, 0, 10, 0, 0, 0.0
71, 0, 11, 0, 0, 0.0
71, 0, 12, 0, 0, 0.0
71, 0, 13, 0, 0, 0.0
71, 0, 14, 0, 0, 0.0
71, 0, 15, 0, 0, 0.0
71, 0, 16, 0, 0, 0.0
71, 0, 17, 0, 0, 0.0
71, 0, 18, 0, 0, 0.0
71, 0, 19, 0, 0, 0.0
71, 0, 20, 0, 0, 0.0
71, 1, 0, 0, 0, 0.0
71, 1, 1, 0, 0, 0.0
71, 1, 2, 0, 0, 0.0
71, 1, 3, 0, 0, 0.0
71, 1, 4, 0, 0, 0.0
71, 1, 5, 0, 0, 0.0
71, 1, 6, 0, 0, 0.0
71, 1, 7, 0, 0, 0.0
71, 1, 8, 0, 0, 0.0
71, 1, 9, 0, 0, 0.0
71, 1, 10, 0, 0, 0.0
71, 1, 11, 0, 0, 0.0
71, 1, 12, 0, 0, 0.0
71, 1, 13, 0, 0, 0.0
71, 1, 14, 0, 0, 0.0
71, 1, 15, 0, 0, 0.0
71, 1, 16, 0, 0, 0.0
71, 1, 17, 0, 0, 0.0
71, 1, 18, 0, 0, 0.0
71, 1, 19, 0, 0, 0.0
71, 1, 20, 0, 0, 0.0
72, 0, 0, 0, 0, 0.0
72, 0, 1, 0, 0, 0.0
72, 0, 2, 0, 0, 0.0
72, 0, 3, 0, 0, 0.0
72, 0, 4, 0, 0, 0.0
72, 0, 5, 0, 0, 0.0
72, 0, 6, 0, 0, 0.0
72, 0, 7, 0, 0, 0.0
72, 0, 8, 0, 0, 0.0
72, 0, 9, 0, 0, 0.0
72, 0, 10, 0, 0, 0.0
72, 0, 11, 0, 0, 0.0
72, 0, 12, 0, 0, 0.0
72, 0, 13, 0, 0, 0.0
72, 0, 14, 0, 0, 0.0
72, 0, 15, 0, 0, 0.0
72, 0, 16, 0, 0, 0.0
72, 0, 17, 0, 0, 0.0
72, 0, 18, 0, 0, 0.0
72, 0, 19, 0, 0, 0.0
72, 0, 20, 0, 0, 0.0
72, 1, 0, 0, 0, 0.0
72, 1, 1, 0, 0, 0.0
72, 1, 2, 0, 0, 0.0
72, 1, 3, 0, 0, 0.0
72, 1, 4, 0, 0, 0.0
72, 1, 5, 0, 0, 0.0
72, 1, 6, 0, 0, 0.0
72, 1, 7, 0, 0, 0.0
72, 1, 8, 0, 0, 0.0
72, 1, 9, 0, 0, 0.0
72, 1, 10, 0, 0, 0.0
72, 1, 11, 0, 0, 0.0
72, 1, 12, 0, 0, 0.0
72, 1, 13, 0, 0, 0.0
72, 1, 14, 0, 0, 0.0
72, 1, 15, 0, 0, 0.0
72, 1, 16, 0, 0, 0.0
72, 1, 17, 0, 0, 0.0
72, 1, 18, 0, 0, 0.0
72, 1, 19, 0, 0, 0.0
72, 1, 20, 0, 0, 0.0
73, 0, 0, 0, 0, 0.0
73, 0, 1, 0, 0, 0.0
73, 0, 2, 0, 0, 0.0
73, 0, 3, 0, 0, 0.0
73, 0, 4, 0, 0, 0.0
73, 0, 5, 0, 0, 0.0
73, 0, 6, 0, 0, 0.0
73, 0, 7, 0, 0, 0.0
73, 0, 8, 0, 0, 0.0
73, 0, 9, 0, 0, 0.0
73, 0, 10, 0, 0, 0.0
73, 0, 11, 0, 0, 0.0
73, 0, 12, 0, 0, 0.0
73, 0, 13, 0, 0, 0.0
73, 0, 14, 0, 0, 0.0
73, 0, 15, 0, 0, 0.0
73, 0, 16, 0, 0, 0.0
73, 0, 17, 0, 0, 0.0
73, 0, 18, 0, 0, 0.0
73, 0, 19, 0, 0, 0.0
73, 0, 20, 0, 0, 0.0
73, 1, 0, 0, 0, 0.0
73, 1, 1, 0, 0, 0.0
73, 1, 2, 0, 0, 0.0
73, 1, 3, 0, 0, 0.0
73, 1, 4, 0, 0, 0.0
73, 1, 5, 0, 0, 0.0
73, 1, 6, 0, 0, 0.0
73, 1, 7, 0, 0, 0.0
73, 1, 8, 0, 0, 0.0
73, 1, 9, 0, 0, 0.0
73, 1, 10, 0, 0, 0.0
73, 1, 11, 0, 0, 0.0
73, 1, 12, 0, 0, 0.0
73, 1, 13, 0, 0, 0.0
73, 1, 14, 0, 0, 0.0
73, 1, 15, 0, 0, 0.0
73, 1, 16, 0, 0, 0.0
73, 1, 17, 0, 0, 0.0
73, 1, 18, 0, 0, 0.0
73, 1, 19, 0, 0, 0.0
73, 1, 20, 0, 0, 0.0
74, 0, 0, 0, 0, 0.0
74, 0, 1, 0, 0, 0.0
74, 0, 2, 0, 0, 0.0
74, 0, 3, 0, 0, 0.0
74, 0, 4, 0, 0, 0.0
74, 0, 5, 0, 0, 0.0
74, 0, 6, 0, 0, 0.0
74, 0, 7, 0, 0, 0.0
74, 0, 8, 0, 0, 0.0
74, 0, 9, 0, 0, 0.0
74, 0, 10, 0, 0, 0.0
74, 0, 11, 0, 0, 0.0
74, 0, 12, 0, 0, 0.0
74, 0, 13, 0, 0, 0.0
74, 0, 14, 0, 0, 0.0
74, 0, 15, 0, 0, 0.0
74, 0, 16, 0, 0, 0.0
74, 0, 17, 0, 0, 0.0
74, 0, 18, 0, 0, 0.0
74, 0, 19, 0, 0, 0.0
74, 0, 20, 0, 0, 0.0
74, 1, 0, 0, 0, 0.0
74, 1, 1, 0, 0, 0.0
74, 1, 2, 0, 0, 0.0
74, 1, 3, 0, 0, 0.0
74, 1, 4, 0, 0, 0.0
74, 1, 5, 0, 0, 0.0
74, 1, 6, 0, 0, 0.0
74, 1, 7, 0, 0, 0.0
74, 1, 8, 0, 0, 0.0
74, 1, 9, 0, 0, 0.0
74, 1, 10, 0, 0, 0.0
74, 1, 11, 0, 0, 0.0
74, 1, 12, 0, 0, 0.0
74, 1, 13, 0, 0, 0.0
74, 1, 14, 0, 0, 0.0
74, 1, 15, 0, 0, 0.0
74, 1, 16, 0, 0, 0.0
74, 1, 17, 0, 0, 0.0
74, 1, 18, 0, 0, 0.0
74, 1, 19, 0, 0, 0.0
74, 1, 20, 0, 0, 0.0
75, 0, 0, 0, 0, 0.0
75, 0, 1, 0, 0, 0.0
75, 0, 2, 0, 0, 0.0
75, 0, 3, 0, 0, 0.0
75, 0, 4, 0, 0, 0.0
75, 0, 5, 0, 0, 0.0
75, 0, 6, 0, 0, 0.0
75, 0, 7, 0, 0, 0.0
75, 0, 8, 0, 0, 0.0
75, 0, 9, 0, 0, 0.0
75, 0, 10, 0, 0, 0.0
75, 0, 11, 0, 0, 0.0
75, 0, 12, 0, 0, 0.0
75, 0, 13, 0, 0, 0.0
75, 0, 14, 0, 0, 0.0
75, 0, 15, 0, 0, 0.0
75, 0, 16, 0, 0, 0.0
75, 0, 17, 0, 0, 0.0
75, 0, 18, 0, 0, 0.0
75, 0, 19, 0, 0, 0.0
75, 0, 20, 0, 0, 0.0
75, 1, 0, 0, 0, 0.0
75, 1, 1, 0, 0, 0.0
75, 1, 2, 0, 0, 0.0
75, 1, 3, 0, 0, 0.0
75, 1, 4, 0, 0, 0.0
75, 1, 5, 0, 0, 0.0
75, 1, 6, 0, 0, 0.0
75, 1, 7, 0, 0, 0.0
75, 1, 8, 0, 0, 0.0
75, 1, 9, 0, 0, 0.0
75, 1, 10, 0, 0, 0.0
75, 1, 11, 0, 0, 0.0
75, 1, 12, 0, 0, 0.0
75, 1, 13, 0, 0, 0.0
75, 1, 14, 0, 0, 0.0
75, 1, 15, 0, 0, 0.0
75, 1, 16, 0, 0, 0.0
75, 1, 17, 0, 0, 0.0
75, 1, 18, 0, 0, 0.0
75, 1, 19, 0, 0, 0.0
75, 1, 20, 0, 0, 0.0
76, 0, 0, 0, 0, 0.0
76, 0, 1, 0, 0, 0.0
76, 0, 2, 0, 0, 0.0
76, 0, 3, 0, 0, 0.0
76, 0, 4, 0, 0, 0.0
76, 0, 5, 0, 0, 0.0
76, 0, 6, 0, 0, 0.0
76, 0, 7, 0, 0, 0.0
76, 0, 8, 0, 0, 0.0
76, 0, 9, 0, 0, 0.0
76, 0, 10, 0, 0, 0.0
76, 0, 11, 0, 0, 0.0
76, 0, 12, 0, 0, 0.0
76, 0, 13, 0, 0, 0.0
76, 0, 14, 0, 0, 0.0
76, 0, 15, 0, 0, 0.0
76, 0, 16, 0, 0, 0.0
76, 0, 17, 0, 0, 0.0
76, 0, 18, 0, 0, 0.0
76, 0, 19, 0, 0, 0.0
76, 0, 20, 0, 0, 0.0
76, 1, 0, 0, 0, 0.0
76, 1, 1, 0, 0, 0.0
76, 1, 2, 0, 0, 0.0
76, 1, 3, 0, 0, 0.0
76, 1, 4, 0, 0, 0.0
76, 1, 5, 0, 0, 0.0
76, 1, 6, 0, 0, 0.0
76, 1, 7, 0, 0, 0.0
76, 1, 8, 0, 0, 0.0
76, 1, 9, 0, 0, 0.0
76, 1, 10, 0, 0, 0.0
76, 1, 11, 0, 0, 0.0
76, 1, 12, 0, 0, 0.0
76, 1, 13, 0, 0, 0.0
76, 1, 14, 0, 0, 0.0
76, 1, 15, 0, 0, 0.0
76, 1, 16, 0, 0, 0.0
76, 1, 17, 0, 0, 0.0
76, 1, 18, 0, 0, 0.0
76, 1, 19, 0, 0, 0.0
76, 1, 20, 0, 0, 0.0
77, 0, 0, 0, 0, 0.0
77, 0, 1, 0, 0, 0.0
77, 0, 2, 0, 0, 0.0
77, 0, 3, 0, 0, 0.0
77, 0, 4, 0, 0, 0.0
77, 0, 5, 0, 0, 0.0
77, 0, 6, 0, 0, 0.0
77, 0, 7, 0, 0, 0.0
77, 0, 8, 0, 0, 0.0
77, 0, 9, 0, 0, 0.0
77, 0, 10, 0, 0, 0.0
77, 0, 11, 0, 0, 0.0
77, 0, 12, 0, 0, 0.0
77, 0, 13, 0, 0, 0.0
77, 0, 14, 0, 0, 0.0
77, 0, 15, 0, 0, 0.0
77, 0, 16, 0, 0, 0.0
77, 0, 17, 0, 0, 0.0
77, 0, 18, 0, 0, 0.0
77, 0, 19, 0, 0, 0.0
77, 0, 20, 0, 0, 0.0
77, 1, 0, 0, 0, 0.0
77, 1, 1, 0, 0, 0.0
77, 1, 2, 0, 0, 0.0
77, 1, 3, 0, 0, 0.0
77, 1, 4, 0, 0, 0.0
77, 1, 5, 0, 0, 0.0
77, 1, 6, 0, 0, 0.0
77, 1, 7, 0, 0, 0.0
77, 1, 8, 0, 0, 0.0
77, 1, 9, 0, 0, 0.0
77, 1, 10, 0, 0, 0.0
77, 1, 11, 0, 0, 0.0
77, 1, 12, 0, 0, 0.0
77, 1, 13, 0, 0, 0.0
77, 1, 14, 0, 0, 0.0
77, 1, 15, 0, 0, 0.0
77, 1, 16, 0, 0, 0.0
77, 1, 17, 0, 0, 0.0
77, 1, 18, 0, 0, 0.0
77, 1, 19, 0, 0, 0.0
77, 1, 20, 0, 0, 0.0
78, 0, 0, 0, 0, 0.0
78, 0, 1, 0, 0, 0.0
78, 0, 2, 0, 0, 0.0
78, 0, 3, 0, 0, 0.0
78, 0, 4, 0, 0, 0.0
78, 0, 5, 0, 0, 0.0
78, 0, 6, 0, 0, 0.0
78, 0, 7, 0, 0, 0.0
78, 0, 8, 0, 0, 0.0
78, 0, 9, 0, 0, 0.0
78, 0, 10, 0, 0, 0.0
78, 0, 11, 0, 0, 0.0
78, 0, 12, 0, 0, 0.0
78, 0, 13, 0, 0, 0.0
78, 0, 14, 0, 0, 0.0
78, 0, 15, 0, 0, 0.0
78, 0, 16, 0, 0, 0.0
78, 0, 17, 0, 0, 0.0
78, 0, 18, 0, 0, 0.0
78, 0, 19, 0, 0, 0.0
78, 0, 20, 0, 0, 0.0
78, 1, 0, 0, 0, 0.0
78, 1, 1, 0, 0, 0.0
78, 1, 2, 0, 0, 0.0
78, 1, 3, 0, 0, 0.0
78, 1, 4, 0, 0, 0.0
78, 1, 5, 0, 0, 0.0
78, 1, 6, 0, 0, 0.0
78, 1, 7, 0, 0, 0.0
78, 1, 8, 0, 0, 0.0
78, 1, 9, 0, 0, 0.0
78, 1, 10, 0, 0, 0.0
78, 1, 11, 0, 0, 0.0
78, 1, 12, 0, 0, 0.0
78, 1, 13, 0, 0, 0.0
78, 1, 14, 0, 0, 0.0
78, 1, 15, 0, 0, 0.0
78, 1, 16, 0, 0, 0.0
78, 1, 17, 0, 0, 0.0
78, 1, 18, 0, 0, 0.0
78, 1, 19, 0, 0, 0.0
78, 1, 20, 0, 0, 0.0
