0, 0, 0, 0, 0, 0.0
0, 0, 1, 0, 0, 0.0
0, 0, 2, 0, 0, 0.0
0, 0, 3, 0, 0, 0.0
0, 0, 4, 0, 0, 0.0
0, 0, 5, 0, 0, 0.0
0, 0, 6, 0, 0, 0.0
0, 0, 7, 0, 0, 0.0
0, 0, 8, 0, 0, 0.0
0, 0, 9, 0, 0, 0.0
0, 0, 10, 0, 0, 0.0
0, 0, 11, 0, 0, 0.0
0, 0, 12, 0, 0, 0.0
0, 0, 13, 0, 0, 0.0
0, 0, 14, 0, 0, 0.0
0, 0, 15, 0, 0, 0.0
0, 0, 16, 0, 0, 0.0
0, 0, 17, 0, 0, 0.0
0, 0, 18, 0, 0, 0.0
0, 0, 19, 0, 0, 0.0
0, 0, 20, 0, 0, 0.0
0, 1, 0, 0, 0, 0.0
0, 1, 1, 0, 0, 0.0
0, 1, 2, 0, 0, 0.0
0, 1, 3, 0, 0, 0.0
0, 1, 4, 0, 0, 0.0
0, 1, 5, 0, 0, 0.0
0, 1, 6, 0, 0, 0.0
0, 1, 7, 0, 0, 0.0
0, 1, 8, 0, 0, 0.0
0, 1, 9, 0, 0, 0.0
0, 1, 10, 0, 0, 0.0
0, 1, 11, 0, 0, 0.0
0, 1, 12, 0, 0, 0.0
0, 1, 13, 0, 0, 0.0
0, 1, 14, 0, 0, 0.0
0, 1, 15, 0, 0, 0.0
0, 1, 16, 0, 0, 0.0
0, 1, 17, 0, 0, 0.0
0, 1, 18, 0, 0, 0.0
0, 1, 19, 0, 0, 0.0
0, 1, 20, 0, 0, 0.0
1, 0, 0, 0, 0, 0.0
1, 0, 1, 0, 0, 0.0
1, 0, 2, 0, 0, 0.0
1, 0, 3, 0, 0, 0.0
1, 0, 4, 0, 0, 0.0
1, 0, 5, 0, 0, 0.0
1, 0, 6, 0, 0, 0.0
1, 0, 7, 0, 0, 0.0
1, 0, 8, 0, 0, 0.0
1, 0, 9, 0, 0, 0.0
1, 0, 10, 0, 0, 0.0
1, 0, 11, 0, 0, 0.0
1, 0, 12, 0, 0, 0.0
1, 0, 13, 0, 0, 0.0
1, 0, 14, 0, 0, 0.0
1, 0, 15, 0, 0, 0.0
1, 0, 16, 0, 0, 0.0
1, 0, 17, 0, 0, 0.0
1, 0, 18, 0, 0, 0.0
1, 0, 19, 0, 0, 0.0
1, 0, 20, 0, 0, 0.0
1, 1, 0, 0, 0, 0.0
1, 1, 1, 0, 0, 0.0
1, 1, 2, 0, 0, 0.0
1, 1, 3, 0, 0, 0.0
1, 1, 4, 0, 0, 0.0
1, 1, 5, 0, 0, 0.0
1, 1, 6, 0, 0, 0.0
1, 1, 7, 0, 0, 0.0
1, 1, 8, 0, 0, 0.0
1, 1, 9, 0, 0, 0.0
1, 1, 10, 0, 0, 0.0
1, 1, 11, 0, 0, 0.0
1, 1, 12, 0, 0, 0.0
1, 1, 13, 0, 0, 0.0
1, 1, 14, 0, 0, 0.0
1, 1, 15, 0, 0, 0.0
1, 1, 16, 0, 0, 0.0
1, 1, 17, 0, 0, 0.0
1, 1, 18, 0, 0, 0.0
1, 1, 19, 0, 0, 0.0
1, 1, 20, 0, 0, 0.0
2, 0, 0, 0, 0, 0.0
2, 0, 1, 0, 0, 0.0
2, 0, 2, 0, 0, 0.0
2, 0, 3, 0, 0, 0.0
2, 0, 4, 0, 0, 0.0
2, 0, 5, 0, 0, 0.0
2, 0, 6, 0, 0, 0.0
2, 0, 7, 0, 0, 0.0
2, 0, 8, 0, 0, 0.0
2, 0, 9, 0, 0, 0.0
2, 0, 10, 0, 0, 0.0
2, 0, 11, 0, 0, 0.0
2, 0, 12, 0, 0, 0.0
2, 0, 13, 0, 0, 0.0
2, 0, 14, 0, 0, 0.0
2, 0, 15, 0, 0, 0.0
2, 0, 16, 0, 0, 0.0
2, 0, 17, 0, 0, 0.0
2, 0, 18, 0, 0, 0.0
2, 0, 19, 0, 0, 0.0
2, 0, 20, 0, 0, 0.0
2, 1, 0, 0, 0, 0.0
2, 1, 1, 0, 0, 0.0
2, 1, 2, 0, 0, 0.0
2, 1, 3, 0, 0, 0.0
2, 1, 4, 0, 0, 0.0
2, 1, 5, 0, 0, 0.0
2, 1, 6, 0, 0, 0.0
2, 1, 7, 0, 0, 0.0
2, 1, 8, 0, 0, 0.0
2, 1, 9, 0, 0, 0.0
2, 1, 10, 0, 0, 0.0
2, 1, 11, 0, 0, 0.0
2, 1, 12, 0, 0, 0.0
2, 1, 13, 0, 0, 0.0
2, 1, 14, 0, 0, 0.0
2, 1, 15, 0, 0, 0.0
2, 1, 16, 0, 0, 0.0
2, 1, 17, 0, 0, 0.0
2, 1, 18, 0, 0, 0.0
2, 1, 19, 0, 0, 0.0
2, 1, 20, 0, 0, 0.0
3, 0, 0, 0, 0, 0.0
3, 0, 1, 0, 0, 0.0
3, 0, 2, 0, 0, 0.0
3, 0, 3, 0, 0, 0.0
3, 0, 4, 0, 0, 0.0
3, 0, 5, 0, 0, 0.0
3, 0, 6, 0, 0, 0.0
3, 0, 7, 0, 0, 0.0
3, 0, 8, 0, 0, 0.0
3, 0, 9, 0, 0, 0.0
3, 0, 10, 0, 0, 0.0
3, 0, 11, 0, 0, 0.0
3, 0, 12, 0, 0, 0.0
3, 0, 13, 0, 0, 0.0
3, 0, 14, 0, 0, 0.0
3, 0, 15, 0, 0, 0.0
3, 0, 16, 0, 0, 0.0
3, 0, 17, 0, 0, 0.0
3, 0, 18, 0, 0, 0.0
3, 0, 19, 0, 0, 0.0
3, 0, 20, 0, 0, 0.0
3, 1, 0, 0, 0, 0.0
3, 1, 1, 0, 0, 0.0
3, 1, 2, 0, 0, 0.0
3, 1, 3, 0, 0, 0.0
3, 1, 4, 0, 0, 0.0
3, 1, 5, 0, 0, 0.0
3, 1, 6, 0, 0, 0.0
3, 1, 7, 0, 0, 0.0
3, 1, 8, 0, 0, 0.0
3, 1, 9, 0, 0, 0.0
3, 1, 10, 0, 0, 0.0
3, 1, 11, 0, 0, 0.0
3, 1, 12, 0, 0, 0.0
3, 1, 13, 0, 0, 0.0
3, 1, 14, 0, 0, 0.0
3, 1, 15, 0, 0, 0.0
3, 1, 16, 0, 0, 0.0
3, 1, 17, 0, 0, 0.0
3, 1, 18, 0, 0, 0.0
3, 1, 19, 0, 0, 0.0
3, 1, 20, 0, 0, 0.0
4, 0, 0, 0, 0, 0.0
4, 0, 1, 0, 0, 0.0
4, 0, 2, 0, 0, 0.0
4, 0, 3, 0, 0, 0.0
4, 0, 4, 0, 0, 0.0
4, 0, 5, 0, 0, 0.0
4, 0, 6, 0, 0, 0.0
4, 0, 7, 0, 0, 0.0
4, 0, 8, 0, 0, 0.0
4, 0, 9, 0, 0, 0.0
4, 0, 10, 0, 0, 0.0
4, 0, 11, 0, 0, 0.0
4, 0, 12, 0, 0, 0.0
4, 0, 13, 0, 0, 0.0
4, 0, 14, 0, 0, 0.0
4, 0, 15, 0, 0, 0.0
4, 0, 16, 0, 0, 0.0
4, 0, 17, 0, 0, 0.0
4, 0, 18, 0, 0, 0.0
4, 0, 19, 0, 0, 0.0
4, 0, 20, 0, 0, 0.0
4, 1, 0, 0, 0, 0.0
4, 1, 1, 0, 0, 0.0
4, 1, 2, 0, 0, 0.0
4, 1, 3, 0, 0, 0.0
4, 1, 4, 0, 0, 0.0
4, 1, 5, 0, 0, 0.0
4, 1, 6, 0, 0, 0.0
4, 1, 7, 0, 0, 0.0
4, 1, 8, 0, 0, 0.0
4, 1, 9, 0, 0, 0.0
4, 1, 10, 0, 0, 0.0
4, 1, 11, 0, 0, 0.0
4, 1, 12, 0, 0, 0.0
4, 1, 13, 0, 0, 0.0
4, 1, 14, 0, 0, 0.0
4, 1, 15, 0, 0, 0.0
4, 1, 16, 0, 0, 0.0
4, 1, 17, 0, 0, 0.0
4, 1, 18, 0, 0, 0.0
4, 1, 19, 0, 0, 0.0
4, 1, 20, 0, 0, 0.0
5, 0, 0, 0, 0, 0.0
5, 0, 1, 0, 0, 0.0
5, 0, 2, 0, 0, 0.0
5, 0, 3, 0, 0, 0.0
5, 0, 4, 0, 0, 0.0
5, 0, 5, 0, 0, 0.0
5, 0, 6, 0, 0, 0.0
5, 0, 7, 0, 0, 0.0
5, 0, 8, 0, 0, 0.0
5, 0, 9, 0, 0, 0.0
5, 0, 10, 0, 0, 0.0
5, 0, 11, 0, 0, 0.0
5, 0, 12, 0, 0, 0.0
5, 0, 13, 0, 0, 0.0
5, 0, 14, 0, 0, 0.0
5, 0, 15, 0, 0, 0.0
5, 0, 16, 0, 0, 0.0
5, 0, 17, 0, 0, 0.0
5, 0, 18, 0, 0, 0.0
5, 0, 19, 0, 0, 0.0
5, 0, 20, 0, 0, 0.0
5, 1, 0, 0, 0, 0.0
5, 1, 1, 0, 0, 0.0
5, 1, 2, 0, 0, 0.0
5, 1, 3, 0, 0, 0.0
5, 1, 4, 0, 0, 0.0
5, 1, 5, 0, 0, 0.0
5, 1, 6, 0, 0, 0.0
5, 1, 7, 0, 0, 0.0
5, 1, 8, 0, 0, 0.0
5, 1, 9, 0, 0, 0.0
5, 1, 10, 0, 0, 0.0
5, 1, 11, 0, 0, 0.0
5, 1, 12, 0, 0, 0.0
5, 1, 13, 0, 0, 0.0
5, 1, 14, 0, 0, 0.0
5, 1, 15, 0, 0, 0.0
5, 1, 16, 0, 0, 0.0
5, 1, 17, 0, 0, 0.0
5, 1, 18, 0, 0, 0.0
5, 1, 19, 0, 0, 0.0
5, 1, 20, 0, 0, 0.0
6, 0, 0, 0, 0, 0.0
6, 0, 1, 0, 0, 0.0
6, 0, 2, 0, 0, 0.0
6, 0, 3, 0, 0, 0.0
6, 0, 4, 0, 0, 0.0
6, 0, 5, 0, 0, 0.0
6, 0, 6, 0, 0, 0.0
6, 0, 7, 0, 0, 0.0
6, 0, 8, 0, 0, 0.0
6, 0, 9, 0, 0, 0.0
6, 0, 10, 0, 0, 0.0
6, 0, 11, 0, 0, 0.0
6, 0, 12, 0, 0, 0.0
6, 0, 13, 0, 0, 0.0
6, 0, 14, 0, 0, 0.0
6, 0, 15, 0, 0, 0.0
6, 0, 16, 0, 0, 0.0
6, 0, 17, 0, 0, 0.0
6, 0, 18, 0, 0, 0.0
6, 0, 19, 0, 0, 0.0
6, 0, 20, 0, 0, 0.0
6, 1, 0, 0, 0, 0.0
6, 1, 1, 0, 0, 0.0
6, 1, 2, 0, 0, 0.0
6, 1, 3, 0, 0, 0.0
6, 1, 4, 0, 0, 0.0
6, 1, 5, 0, 0, 0.0
6, 1, 6, 0, 0, 0.0
6, 1, 7, 0, 0, 0.0
6, 1, 8, 0, 0, 0.0
6, 1, 9, 0, 0, 0.0
6, 1, 10, 0, 0, 0.0
6, 1, 11, 0, 0, 0.0
6, 1, 12, 0, 0, 0.0
6, 1, 13, 0, 0, 0.0
6, 1, 14, 0, 0, 0.0
6, 1, 15, 0, 0, 0.0
6, 1, 16, 0, 0, 0.0
6, 1, 17, 0, 0, 0.0
6, 1, 18, 0, 0, 0.0
6, 1, 19, 0, 0, 0.0
6, 1, 20, 0, 0, 0.0
7, 0, 0, 0, 0, 0.0
7, 0, 1, 0, 0, 0.0
7, 0, 2, 0, 0, 0.0
7, 0, 3, 0, 0, 0.0
7, 0, 4, 0, 0, 0.0
7, 0, 5, 0, 0, 0.0
7, 0, 6, 0, 0, 0.0
7, 0, 7, 0, 0, 0.0
7, 0, 8, 0, 0, 0.0
7, 0, 9, 0, 0, 0.0
7, 0, 10, 0, 0, 0.0
7, 0, 11, 0, 0, 0.0
7, 0, 12, 0, 0, 0.0
7, 0, 13, 0, 0, 0.0
7, 0, 14, 0, 0, 0.0
7, 0, 15, 0, 0, 0.0
7, 0, 16, 0, 0, 0.0
7, 0, 17, 0, 0, 0.0
7, 0, 18, 0, 0, 0.0
7, 0, 19, 0, 0, 0.0
7, 0, 20, 0, 0, 0.0
7, 1, 0, 0, 0, 0.0
7, 1, 1, 0, 0, 0.0
7, 1, 2, 0, 0, 0.0
7, 1, 3, 0, 0, 0.0
7, 1, 4, 0, 0, 0.0
7, 1, 5, 0, 0, 0.0
7, 1, 6, 0, 0, 0.0
7, 1, 7, 0, 0, 0.0
7, 1, 8, 0, 0, 0.0
7, 1, 9, 0, 0, 0.0
7, 1, 10, 0, 0, 0.0
7, 1, 11, 0, 0, 0.0
7, 1, 12, 0, 0, 0.0
7, 1, 13, 0, 0, 0.0
7, 1, 14, 0, 0, 0.0
7, 1, 15, 0, 0, 0.0
7, 1, 16, 0, 0, 0.0
7, 1, 17, 0, 0, 0.0
7, 1, 18, 0, 0, 0.0
7, 1, 19, 0, 0, 0.0
7, 1, 20, 0, 0, 0.0
8, 0, 0, 0, 0, 0.0
8, 0, 1, 0, 0, 0.0
8, 0, 2, 0, 0, 0.0
8, 0, 3, 0, 0, 0.0
8, 0, 4, 0, 0, 0.0
8, 0, 5, 0, 0, 0.0
8, 0, 6, 0, 0, 0.0
8, 0, 7, 0, 0, 0.0
8, 0, 8, 0, 0, 0.0
8, 0, 9, 0, 0, 0.0
8, 0, 10, 0, 0, 0.0
8, 0, 11, 0, 0, 0.0
8, 0, 12, 0, 0, 0.0
8, 0, 13, 0, 0, 0.0
8, 0, 14, 0, 0, 0.0
8, 0, 15, 0, 0, 0.0
8, 0, 16, 0, 0, 0.0
8, 0, 17, 0, 0, 0.0
8, 0, 18, 0, 0, 0.0
8, 0, 19, 0, 0, 0.0
8, 0, 20, 0, 0, 0.0
8, 1, 0, 0, 0, 0.0
8, 1, 1, 0, 0, 0.0
8, 1, 2, 0, 0, 0.0
8, 1, 3, 0, 0, 0.0
8, 1, 4, 0, 0, 0.0
8, 1, 5, 0, 0, 0.0
8, 1, 6, 0, 0, 0.0
8, 1, 7, 0, 0, 0.0
8, 1, 8, 0, 0, 0.0
8, 1, 9, 0, 0, 0.0
8, 1, 10, 0, 0, 0.0
8, 1, 11, 0, 0, 0.0
8, 1, 12, 0, 0, 0.0
8, 1, 13, 0, 0, 0.0
8, 1, 14, 0, 0, 0.0
8, 1, 15, 0, 0, 0.0
8, 1, 16, 0, 0, 0.0
8, 1, 17, 0, 0, 0.0
8, 1, 18, 0, 0, 0.0
8, 1, 19, 0, 0, 0.0
8, 1, 20, 0, 0, 0.0
9, 0, 0, 0, 0, 0.0
9, 0, 1, 0, 0, 0.0
9, 0, 2, 0, 0, 0.0
9, 0, 3, 0, 0, 0.0
9, 0, 4, 0, 0, 0.0
9, 0, 5, 0, 0, 0.0
9, 0, 6, 0, 0, 0.0
9, 0, 7, 0, 0, 0.0
9, 0, 8, 0, 0, 0.0
9, 0, 9, 0, 0, 0.0
9, 0, 10, 0, 0, 0.0
9, 0, 11, 0, 0, 0.0
9, 0, 12, 0, 0, 0.0
9, 0, 13, 0, 0, 0.0
9, 0, 14, 0, 0, 0.0
9, 0, 15, 0, 0, 0.0
9, 0, 16, 0, 0, 0.0
9, 0, 17, 0, 0, 0.0
9, 0, 18, 0, 0, 0.0
9, 0, 19, 0, 0, 0.0
9, 0, 20, 0, 0, 0.0
9, 1, 0, 0, 0, 0.0
9, 1, 1, 0, 0, 0.0
9, 1, 2, 0, 0, 0.0
9, 1, 3, 0, 0, 0.0
9, 1, 4, 0, 0, 0.0
9, 1, 5, 0, 0, 0.0
9, 1, 6, 0, 0, 0.0
9, 1, 7, 0, 0, 0.0
9, 1, 8, 0, 0, 0.0
9, 1, 9, 0, 0, 0.0
9, 1, 10, 0, 0, 0.0
9, 1, 11, 0, 0, 0.0
9, 1, 12, 0, 0, 0.0
9, 1, 13, 0, 0, 0.0
9, 1, 14, 0, 0, 0.0
9, 1, 15, 0, 0, 0.0
9, 1, 16, 0, 0, 0.0
9, 1, 17, 0, 0, 0.0
9, 1, 18, 0, 0, 0.0
9, 1, 19, 0, 0, 0.0
9, 1, 20, 0, 0, 0.0
10, 0, 0, 0, 0, 0.0
10, 0, 1, 0, 0, 0.0
10, 0, 2, 0, 0, 0.0
10, 0, 3, 0, 0, 0.0
10, 0, 4, 0, 0, 0.0
10, 0, 5, 0, 0, 0.0
10, 0, 6, 0, 0, 0.0
10, 0, 7, 0, 0, 0.0
10, 0, 8, 0, 0, 0.0
10, 0, 9, 0, 0, 0.0
10, 0, 10, 0, 0, 0.0
10, 0, 11, 0, 0, 0.0
10, 0, 12, 0, 0, 0.0
10, 0, 13, 0, 0, 0.0
10, 0, 14, 0, 0, 0.0
10, 0, 15, 0, 0, 0.0
10, 0, 16, 0, 0, 0.0
10, 0, 17, 0, 0, 0.0
10, 0, 18, 0, 0, 0.0
10, 0, 19, 0, 0, 0.0
10, 0, 20, 0, 0, 0.0
10, 1, 0, 0, 0, 0.0
10, 1, 1, 0, 0, 0.0
10, 1, 2, 0, 0, 0.0
10, 1, 3, 0, 0, 0.0
10, 1, 4, 0, 0, 0.0
10, 1, 5, 0, 0, 0.0
10, 1, 6, 0, 0, 0.0
10, 1, 7, 0, 0, 0.0
10, 1, 8, 0, 0, 0.0
10, 1, 9, 0, 0, 0.0
10, 1, 10, 0, 0, 0.0
10, 1, 11, 0, 0, 0.0
10, 1, 12, 0, 0, 0.0
10, 1, 13, 0, 0, 0.0
10, 1, 14, 0, 0, 0.0
10, 1, 15, 0, 0, 0.0
10, 1, 16, 0, 0, 0.0
10, 1, 17, 0, 0, 0.0
10, 1, 18, 0, 0, 0.0
10, 1, 19, 0, 0, 0.0
10, 1, 20, 0, 0, 0.0
11, 0, 0, 0, 0, 0.0
11, 0, 1, 0, 0, 0.0
11, 0, 2, 0, 0, 0.0
11, 0, 3, 0, 0, 0.0
11, 0, 4, 0, 0, 0.0
11, 0, 5, 0, 0, 0.0
11, 0, 6, 0, 0, 0.0
11, 0, 7, 0, 0, 0.0
11, 0, 8, 0, 0, 0.0
11, 0, 9, 0, 0, 0.0
11, 0, 10, 0, 0, 0.0
11, 0, 11, 0, 0, 0.0
11, 0, 12, 0, 0, 0.0
11, 0, 13, 0, 0, 0.0
11, 0, 14, 0, 0, 0.0
11, 0, 15, 0, 0, 0.0
11, 0, 16, 0, 0, 0.0
11, 0, 17, 0, 0, 0.0
11, 0, 18, 0, 0, 0.0
11, 0, 19, 0, 0, 0.0
11, 0, 20, 0, 0, 0.0
11, 1, 0, 0, 0, 0.0
11, 1, 1, 0, 0, 0.0
11, 1, 2, 0, 0, 0.0
11, 1, 3, 0, 0, 0.0
11, 1, 4, 0, 0, 0.0
11, 1, 5, 0, 0, 0.0
11, 1, 6, 0, 0, 0.0
11, 1, 7, 0, 0, 0.0
11, 1, 8, 0, 0, 0.0
11, 1, 9, 0, 0, 0.0
11, 1, 10, 0, 0, 0.0
11, 1, 11, 0, 0, 0.0
11, 1, 12, 0, 0, 0.0
11, 1, 13, 0, 0, 0.0
11, 1, 14, 0, 0, 0.0
11, 1, 15, 0, 0, 0.0
11, 1, 16, 0, 0, 0.0
11, 1, 17, 0, 0, 0.0
11, 1, 18, 0, 0, 0.0
11, 1, 19, 0, 0, 0.0
11, 1, 20, 0, 0, 0.0
12, 0, 0, 0, 0, 0.0
12, 0, 1, 0, 0, 0.0
12, 0, 2, 0, 0, 0.0
12, 0, 3, 0, 0, 0.0
12, 0, 4, 0, 0, 0.0
12, 0, 5, 0, 0, 0.0
12, 0, 6, 0, 0, 0.0
12, 0, 7, 0, 0, 0.0
12, 0, 8, 0, 0, 0.0
12, 0, 9, 0, 0, 0.0
12, 0, 10, 0, 0, 0.0
12, 0, 11, 0, 0, 0.0
12, 0, 12, 0, 0, 0.0
12, 0, 13, 0, 0, 0.0
12, 0, 14, 0, 0, 0.0
12, 0, 15, 0, 0, 0.0
12, 0, 16, 0, 0, 0.0
12, 0, 17, 0, 0, 0.0
12, 0, 18, 0, 0, 0.0
12, 0, 19, 0, 0, 0.0
12, 0, 20, 0, 0, 0.0
12, 1, 0, 0, 0, 0.0
12, 1, 1, 0, 0, 0.0
12, 1, 2, 0, 0, 0.0
12, 1, 3, 0, 0, 0.0
12, 1, 4, 0, 0, 0.0
12, 1, 5, 0, 0, 0.0
12, 1, 6, 0, 0, 0.0
12, 1, 7, 0, 0, 0.0
12, 1, 8, 0, 0, 0.0
12, 1, 9, 0, 0, 0.0
12, 1, 10, 0, 0, 0.0
12, 1, 11, 0, 0, 0.0
12, 1, 12, 0, 0, 0.0
12, 1, 13, 0, 0, 0.0
12, 1, 14, 0, 0, 0.0
12, 1, 15, 0, 0, 0.0
12, 1, 16, 0, 0, 0.0
12, 1, 17, 0, 0, 0.0
12, 1, 18, 0, 0, 0.0
12, 1, 19, 0, 0, 0.0
12, 1, 20, 0, 0, 0.0
13, 0, 0, 0, 0, 0.0
13, 0, 1, 0, 0, 0.0
13, 0, 2, 0, 0, 0.0
13, 0, 3, 0, 0, 0.0
13, 0, 4, 0, 0, 0.0
13, 0, 5, 0, 0, 0.0
13, 0, 6, 0, 0, 0.0
13, 0, 7, 0, 0, 0.0
13, 0, 8, 0, 0, 0.0
13, 0, 9, 0, 0, 0.0
13, 0, 10, 0, 0, 0.0
13, 0, 11, 0, 0, 0.0
13, 0, 12, 0, 0, 0.0
13, 0, 13, 0, 0, 0.0
13, 0, 14, 0, 0, 0.0
13, 0, 15, 0, 0, 0.0
13, 0, 16, 0, 0, 0.0
13, 0, 17, 0, 0, 0.0
13, 0, 18, 0, 0, 0.0
13, 0, 19, 0, 0, 0.0
13, 0, 20, 0, 0, 0.0
13, 1, 0, 0, 0, 0.0
13, 1, 1, 0, 0, 0.0
13, 1, 2, 0, 0, 0.0
13, 1, 3, 0, 0, 0.0
13, 1, 4, 0, 0, 0.0
13, 1, 5, 0, 0, 0.0
13, 1, 6, 0, 0, 0.0
13, 1, 7, 0, 0, 0.0
13, 1, 8, 0, 0, 0.0
13, 1, 9, 0, 0, 0.0
13, 1, 10, 0, 0, 0.0
13, 1, 11, 0, 0, 0.0
13, 1, 12, 0, 0, 0.0
13, 1, 13, 0, 0, 0.0
13, 1, 14, 0, 0, 0.0
13, 1, 15, 0, 0, 0.0
13, 1, 16, 0, 0, 0.0
13, 1, 17, 0, 0, 0.0
13, 1, 18, 0, 0, 0.0
13, 1, 19, 0, 0, 0.0
13, 1, 20, 0, 0, 0.0
14, 0, 0, 0, 0, 0.0
14, 0, 1, 0, 0, 0.0
14, 0, 2, 0, 0, 0.0
14, 0, 3, 0, 0, 0.0
14, 0, 4, 0, 0, 0.0
14, 0, 5, 0, 0, 0.0
14, 0, 6, 0, 0, 0.0
14, 0, 7, 0, 0, 0.0
14, 0, 8, 0, 0, 0.0
14, 0, 9, 0, 0, 0.0
14, 0, 10, 0, 0, 0.0
14, 0, 11, 0, 0, 0.0
14, 0, 12, 0, 0, 0.0
14, 0, 13, 0, 0, 0.0
14, 0, 14, 0, 0, 0.0
14, 0, 15, 0, 0, 0.0
14, 0, 16, 0, 0, 0.0
14, 0, 17, 0, 0, 0.0
14, 0, 18, 0, 0, 0.0
14, 0, 19, 0, 0, 0.0
14, 0, 20, 0, 0, 0.0
14, 1, 0, 0, 0, 0.0
14, 1, 1, 0, 0, 0.0
14, 1, 2, 0, 0, 0.0
14, 1, 3, 0, 0, 0.0
14, 1, 4, 0, 0, 0.0
14, 1, 5, 0, 0, 0.0
14, 1, 6, 0, 0, 0.0
14, 1, 7, 0, 0, 0.0
14, 1, 8, 0, 0, 0.0
14, 1, 9, 0, 0, 0.0
14, 1, 10, 0, 0, 0.0
14, 1, 11, 0, 0, 0.0
14, 1, 12, 0, 0, 0.0
14, 1, 13, 0, 0, 0.0
14, 1, 14, 0, 0, 0.0
14, 1, 15, 0, 0, 0.0
14, 1, 16, 0, 0, 0.0
14, 1, 17, 0, 0, 0.0
14, 1, 18, 0, 0, 0.0
14, 1, 19, 0, 0, 0.0
14, 1, 20, 0, 0, 0.0
15, 0, 0, 0, 0, 0.0
15, 0, 1, 0, 0, 0.0
15, 0, 2, 0, 0, 0.0
15, 0, 3, 0, 0, 0.0
15, 0, 4, 0, 0, 0.0
15, 0, 5, 0, 0, 0.0
15, 0, 6, 0, 0, 0.0
15, 0, 7, 0, 0, 0.0
15, 0, 8, 0, 0, 0.0
15, 0, 9, 0, 0, 0.0
15, 0, 10, 0, 0, 0.0
15, 0, 11, 0, 0, 0.0
15, 0, 12, 0, 0, 0.0
15, 0, 13, 0, 0, 0.0
15, 0, 14, 0, 0, 0.0
15, 0, 15, 0, 0, 0.0
15, 0, 16, 0, 0, 0.0
15, 0, 17, 0, 0, 0.0
15, 0, 18, 0, 0, 0.0
15, 0, 19, 0, 0, 0.0
15, 0, 20, 0, 0, 0.0
15, 1, 0, 0, 0, 0.0
15, 1, 1, 0, 0, 0.0
15, 1, 2, 0, 0, 0.0
15, 1, 3, 0, 0, 0.0
15, 1, 4, 0, 0, 0.0
15, 1, 5, 0, 0, 0.0
15, 1, 6, 0, 0, 0.0
15, 1, 7, 0, 0, 0.0
15, 1, 8, 0, 0, 0.0
15, 1, 9, 0, 0, 0.0
15, 1, 10, 0, 0, 0.0
15, 1, 11, 0, 0, 0.0
15, 1, 12, 0, 0, 0.0
15, 1, 13, 0, 0, 0.0
15, 1, 14, 0, 0, 0.0
15, 1, 15, 0, 0, 0.0
15, 1, 16, 0, 0, 0.0
15, 1, 17, 0, 0, 0.0
15, 1, 18, 0, 0, 0.0
15, 1, 19, 0, 0, 0.0
15, 1, 20, 0, 0, 0.0
16, 0, 0, 632, 951, -9.291939306876884e-08
16, 0, 1, 681, 948, -0.01135906483978033
16, 0, 2, 732, 974, -0.01815384440124035
16, 0, 3, 774, 1003, -0.021797316148877144
16, 0, 4, 809, 1017, -0.023972660303115845
16, 0, 5, 695, 1008, -0.02562078833580017
16, 0, 6, 747, 1059, -0.03196076303720474
16, 0, 7, 774, 1064, -0.0317215733230114
16, 0, 8, 785, 1055, -0.03000808134675026
16, 0, 9, 668, 1034, -0.02128150872886181
16, 0, 10, 728, 1082, -0.02638869360089302
16, 0, 11, 752, 1080, -0.02442779950797558
16, 0, 12, 759, 1069, -0.022661982104182243
16, 0, 13, 647, 1051, -0.016522934660315514
16, 0, 14, 698, 1096, -0.02005707658827305
16, 0, 15, 724, 1094, -0.016353262588381767
16, 0, 16, 735, 1085, -0.013524537906050682
16, 0, 17, 633, 1059, -0.012253995053470135
16, 0, 18, 669, 1097, -0.015158877708017826
16, 0, 19, 691, 1100, -0.013003550469875336
16, 0, 20, 703, 1094, -0.010799252428114414
16, 1, 0, 0, 0, 0.0
16, 1, 1, 0, 0, 0.0
16, 1, 2, 0, 0, 0.0
16, 1, 3, 0, 0, 0.0
16, 1, 4, 0, 0, 0.0
16, 1, 5, 0, 0, 0.0
16, 1, 6, 0, 0, 0.0
16, 1, 7, 0, 0, 0.0
16, 1, 8, 0, 0, 0.0
16, 1, 9, 0, 0, 0.0
16, 1, 10, 0, 0, 0.0
16, 1, 11, 0, 0, 0.0
16, 1, 12, 0, 0, 0.0
16, 1, 13, 0, 0, 0.0
16, 1, 14, 0, 0, 0.0
16, 1, 15, 0, 0, 0.0
16, 1, 16, 0, 0, 0.0
16, 1, 17, 0, 0, 0.0
16, 1, 18, 0, 0, 0.0
16, 1, 19, 0, 0, 0.0
16, 1, 20, 0, 0, 0.0
17, 0, 0, 632, 947, -1.1163110968936962e-07
17, 0, 1, 683, 948, -0.010179285891354084
17, 0, 2, 733, 975, -0.016105422750115395
17, 0, 3, 774, 1003, -0.019329730421304703
17, 0, 4, 809, 1017, -0.021189529448747635
17, 0, 5, 696, 1008, -0.023903047665953636
17, 0, 6, 750, 1062, -0.029709599912166595
17, 0, 7, 775, 1065, -0.029266322031617165
17, 0, 8, 783, 1055, -0.02740996517241001
17, 0, 9, 668, 1035, -0.019867941737174988
17, 0, 10, 730, 1084, -0.024895058944821358
17, 0, 11, 751, 1077, -0.022993778809905052
17, 0, 12, 754, 1063, -0.021151836961507797
17, 0, 13, 647, 1053, -0.015279100276529789
17, 0, 14, 702, 1098, -0.018282007426023483
17, 0, 15, 722, 1089, -0.014192118309438229
17, 0, 16, 725, 1076, -0.011134261265397072
17, 0, 17, 633, 1064, -0.01115703396499157
17, 0, 18, 672, 1101, -0.013444057665765285
17, 0, 19, 689, 1098, -0.010650998912751675
17, 0, 20, 694, 1087, -0.00796615332365036
17, 1, 0, 0, 0, 0.0
17, 1, 1, 0, 0, 0.0
17, 1, 2, 0, 0, 0.0
17, 1, 3, 0, 0, 0.0
17, 1, 4, 0, 0, 0.0
17, 1, 5, 0, 0, 0.0
17, 1, 6, 0, 0, 0.0
17, 1, 7, 0, 0, 0.0
17, 1, 8, 0, 0, 0.0
17, 1, 9, 0, 0, 0.0
17, 1, 10, 0, 0, 0.0
17, 1, 11, 0, 0, 0.0
17, 1, 12, 0, 0, 0.0
17, 1, 13, 0, 0, 0.0
17, 1, 14, 0, 0, 0.0
17, 1, 15, 0, 0, 0.0
17, 1, 16, 0, 0, 0.0
17, 1, 17, 0, 0, 0.0
17, 1, 18, 0, 0, 0.0
17, 1, 19, 0, 0, 0.0
17, 1, 20, 0, 0, 0.0
18, 0, 0, 628, 771, 5.3413263145785095e-08
18, 0, 1, 677, 746, -0.004737749230116606
18, 0, 2, 732, 727, -0.010043887421488762
18, 0, 3, 779, 720, -0.01577167399227619
18, 0, 4, 817, 715, -0.021791627630591393
18, 0, 5, 692, 699, -0.009717289358377457
18, 0, 6, 744, 743, -0.01839500106871128
18, 0, 7, 766, 774, -0.02488064020872116
18, 0, 8, 775, 791, -0.029236439615488052
18, 0, 9, 663, 722, -0.013300483115017414
18, 0, 10, 725, 767, -0.019624486565589905
18, 0, 11, 750, 793, -0.023338641971349716
18, 0, 12, 761, 805, -0.027620695531368256
18, 0, 13, 641, 748, -0.017562448978424072
18, 0, 14, 704, 788, -0.025408348068594933
18, 0, 15, 732, 808, -0.026707010343670845
18, 0, 16, 748, 815, -0.028003355488181114
18, 0, 17, 628, 775, -0.0221824012696743
18, 0, 18, 679, 805, -0.027635347098112106
18, 0, 19, 709, 820, -0.026966407895088196
18, 0, 20, 729, 828, -0.026712825521826744
18, 1, 0, 0, 0, 0.0
18, 1, 1, 0, 0, 0.0
18, 1, 2, 0, 0, 0.0
18, 1, 3, 0, 0, 0.0
18, 1, 4, 0, 0, 0.0
18, 1, 5, 0, 0, 0.0
18, 1, 6, 0, 0, 0.0
18, 1, 7, 0, 0, 0.0
18, 1, 8, 0, 0, 0.0
18, 1, 9, 0, 0, 0.0
18, 1, 10, 0, 0, 0.0
18, 1, 11, 0, 0, 0.0
18, 1, 12, 0, 0, 0.0
18, 1, 13, 0, 0, 0.0
18, 1, 14, 0, 0, 0.0
18, 1, 15, 0, 0, 0.0
18, 1, 16, 0, 0, 0.0
18, 1, 17, 0, 0, 0.0
18, 1, 18, 0, 0, 0.0
18, 1, 19, 0, 0, 0.0
18, 1, 20, 0, 0, 0.0
19, 0, 0, 615, 764, 1.2828829198952008e-07
19, 0, 1, 666, 740, -0.0025180934462696314
19, 0, 2, 724, 728, -0.00804790761321783
19, 0, 3, 772, 726, -0.013945058919489384
19, 0, 4, 813, 722, -0.0206912811845541
19, 0, 5, 688, 704, -0.015439829789102077
19, 0, 6, 746, 744, -0.02290756069123745
19, 0, 7, 764, 773, -0.026115944609045982
19, 0, 8, 771, 792, -0.028122100979089737
19, 0, 9, 659, 729, -0.020686134696006775
19, 0, 10, 721, 771, -0.024889297783374786
19, 0, 11, 747, 797, -0.025612566620111465
19, 0, 12, 763, 813, -0.028145624324679375
19, 0, 13, 635, 759, -0.026007818058133125
19, 0, 14, 689, 796, -0.03201362490653992
19, 0, 15, 720, 816, -0.03271150216460228
19, 0, 16, 741, 826, -0.03473766893148422
19, 0, 17, 619, 788, -0.03130948171019554
19, 0, 18, 641, 825, -0.035740118473768234
19, 0, 19, 656, 844, -0.03494836762547493
19, 0, 20, 667, 856, -0.03533071652054787
19, 1, 0, 0, 0, 0.0
19, 1, 1, 0, 0, 0.0
19, 1, 2, 0, 0, 0.0
19, 1, 3, 0, 0, 0.0
19, 1, 4, 0, 0, 0.0
19, 1, 5, 0, 0, 0.0
19, 1, 6, 0, 0, 0.0
19, 1, 7, 0, 0, 0.0
19, 1, 8, 0, 0, 0.0
19, 1, 9, 0, 0, 0.0
19, 1, 10, 0, 0, 0.0
19, 1, 11, 0, 0, 0.0
19, 1, 12, 0, 0, 0.0
19, 1, 13, 0, 0, 0.0
19, 1, 14, 0, 0, 0.0
19, 1, 15, 0, 0, 0.0
19, 1, 16, 0, 0, 0.0
19, 1, 17, 0, 0, 0.0
19, 1, 18, 0, 0, 0.0
19, 1, 19, 0, 0, 0.0
19, 1, 20, 0, 0, 0.0
20, 0, 0, 660, 584, -1.2153817863236327e-07
20, 0, 1, 708, 549, -0.0009766087168827653
20, 0, 2, 744, 505, -0.00573698291555047
20, 0, 3, 776, 477, -0.0118907755240798
20, 0, 4, 809, 458, -0.01785430684685707
20, 0, 5, 695, 448, -0.010146154090762138
20, 0, 6, 743, 461, -0.02349838800728321
20, 0, 7, 761, 494, -0.030943796038627625
20, 0, 8, 772, 519, -0.03417407348752022
20, 0, 9, 667, 461, -0.01608610711991787
20, 0, 10, 724, 482, -0.030818574130535126
20, 0, 11, 744, 521, -0.03536935895681381
20, 0, 12, 754, 548, -0.03636997938156128
20, 0, 13, 645, 486, -0.022657474502921104
20, 0, 14, 694, 501, -0.03745941072702408
20, 0, 15, 720, 537, -0.039118874818086624
20, 0, 16, 737, 561, -0.03723878785967827
20, 0, 17, 632, 517, -0.028927264735102654
20, 0, 18, 650, 507, -0.03790751099586487
20, 0, 19, 659, 506, -0.039023421704769135
20, 0, 20, 666, 504, -0.03832508623600006
20, 1, 0, 0, 0, 0.0
20, 1, 1, 0, 0, 0.0
20, 1, 2, 0, 0, 0.0
20, 1, 3, 0, 0, 0.0
20, 1, 4, 0, 0, 0.0
20, 1, 5, 0, 0, 0.0
20, 1, 6, 0, 0, 0.0
20, 1, 7, 0, 0, 0.0
20, 1, 8, 0, 0, 0.0
20, 1, 9, 0, 0, 0.0
20, 1, 10, 0, 0, 0.0
20, 1, 11, 0, 0, 0.0
20, 1, 12, 0, 0, 0.0
20, 1, 13, 0, 0, 0.0
20, 1, 14, 0, 0, 0.0
20, 1, 15, 0, 0, 0.0
20, 1, 16, 0, 0, 0.0
20, 1, 17, 0, 0, 0.0
20, 1, 18, 0, 0, 0.0
20, 1, 19, 0, 0, 0.0
20, 1, 20, 0, 0, 0.0
21, 0, 0, 659, 586, -9.058649652615713e-08
21, 0, 1, 707, 551, -0.001211134367622435
21, 0, 2, 740, 508, -0.005816780496388674
21, 0, 3, 772, 481, -0.011976245790719986
21, 0, 4, 806, 462, -0.018102094531059265
21, 0, 5, 696, 451, -0.006316286977380514
21, 0, 6, 742, 464, -0.019295040518045425
21, 0, 7, 759, 495, -0.02727418951690197
21, 0, 8, 769, 518, -0.03067912347614765
21, 0, 9, 670, 462, -0.011553873308002949
21, 0, 10, 722, 482, -0.02521548606455326
21, 0, 11, 742, 518, -0.029918374493718147
21, 0, 12, 753, 543, -0.03077649138867855
21, 0, 13, 648, 485, -0.017663195729255676
21, 0, 14, 694, 503, -0.031087996438145638
21, 0, 15, 719, 535, -0.032480888068675995
21, 0, 16, 737, 557, -0.030238991603255272
21, 0, 17, 634, 515, -0.023695098236203194
21, 0, 18, 650, 509, -0.031247137114405632
21, 0, 19, 660, 511, -0.03153993561863899
21, 0, 20, 670, 511, -0.029981253668665886
21, 1, 0, 0, 0, 0.0
21, 1, 1, 0, 0, 0.0
21, 1, 2, 0, 0, 0.0
21, 1, 3, 0, 0, 0.0
21, 1, 4, 0, 0, 0.0
21, 1, 5, 0, 0, 0.0
21, 1, 6, 0, 0, 0.0
21, 1, 7, 0, 0, 0.0
21, 1, 8, 0, 0, 0.0
21, 1, 9, 0, 0, 0.0
21, 1, 10, 0, 0, 0.0
21, 1, 11, 0, 0, 0.0
21, 1, 12, 0, 0, 0.0
21, 1, 13, 0, 0, 0.0
21, 1, 14, 0, 0, 0.0
21, 1, 15, 0, 0, 0.0
21, 1, 16, 0, 0, 0.0
21, 1, 17, 0, 0, 0.0
21, 1, 18, 0, 0, 0.0
21, 1, 19, 0, 0, 0.0
21, 1, 20, 0, 0, 0.0
22, 0, 0, 677, 432, -1.7185980993872363e-07
22, 0, 1, 722, 395, -0.0024058592971414328
22, 0, 2, 753, 352, -0.007176670245826244
22, 0, 3, 780, 324, -0.013893808238208294
22, 0, 4, 809, 303, -0.019620200619101524
22, 0, 5, 715, 297, -0.003995165694504976
22, 0, 6, 750, 281, -0.016635606065392494
22, 0, 7, 761, 316, -0.023637354373931885
22, 0, 8, 762, 342, -0.026106996461749077
22, 0, 9, 690, 303, -0.009134572930634022
22, 0, 10, 729, 292, -0.02307283878326416
22, 0, 11, 743, 331, -0.028195703402161598
22, 0, 12, 745, 358, -0.028979916125535965
22, 0, 13, 667, 318, -0.01549789309501648
22, 0, 14, 702, 304, -0.028708400204777718
22, 0, 15, 722, 340, -0.029294254258275032
22, 0, 16, 731, 365, -0.02641206420958042
22, 0, 17, 647, 340, -0.021987738087773323
22, 0, 18, 654, 309, -0.0291290283203125
22, 0, 19, 667, 291, -0.029613494873046875
22, 0, 20, 680, 275, -0.028602326288819313
22, 1, 0, 0, 0, 0.0
22, 1, 1, 0, 0, 0.0
22, 1, 2, 0, 0, 0.0
22, 1, 3, 0, 0, 0.0
22, 1, 4, 0, 0, 0.0
22, 1, 5, 0, 0, 0.0
22, 1, 6, 0, 0, 0.0
22, 1, 7, 0, 0, 0.0
22, 1, 8, 0, 0, 0.0
22, 1, 9, 0, 0, 0.0
22, 1, 10, 0, 0, 0.0
22, 1, 11, 0, 0, 0.0
22, 1, 12, 0, 0, 0.0
22, 1, 13, 0, 0, 0.0
22, 1, 14, 0, 0, 0.0
22, 1, 15, 0, 0, 0.0
22, 1, 16, 0, 0, 0.0
22, 1, 17, 0, 0, 0.0
22, 1, 18, 0, 0, 0.0
22, 1, 19, 0, 0, 0.0
22, 1, 20, 0, 0, 0.0
23, 0, 0, 679, 429, -1.3122192399350752e-07
23, 0, 1, 723, 396, -0.002200842136517167
23, 0, 2, 754, 354, -0.0062067243270576
23, 0, 3, 779, 326, -0.011918505653738976
23, 0, 4, 808, 307, -0.016788072884082794
23, 0, 5, 716, 298, -0.002162891672924161
23, 0, 6, 750, 286, -0.012761404737830162
23, 0, 7, 760, 319, -0.01847931370139122
23, 0, 8, 761, 342, -0.020215114578604698
23, 0, 9, 690, 303, -0.006377835292369127
23, 0, 10, 729, 294, -0.018765630200505257
23, 0, 11, 743, 333, -0.02295798994600773
23, 0, 12, 744, 359, -0.02278604358434677
23, 0, 13, 668, 319, -0.011667060665786266
23, 0, 14, 703, 309, -0.02373982034623623
23, 0, 15, 724, 342, -0.024047691375017166
23, 0, 16, 732, 365, -0.02059268020093441
23, 0, 17, 650, 341, -0.016992853954434395
23, 0, 18, 655, 310, -0.023252978920936584
23, 0, 19, 668, 292, -0.023095667362213135
23, 0, 20, 680, 276, -0.021266115829348564
23, 1, 0, 0, 0, 0.0
23, 1, 1, 0, 0, 0.0
23, 1, 2, 0, 0, 0.0
23, 1, 3, 0, 0, 0.0
23, 1, 4, 0, 0, 0.0
23, 1, 5, 0, 0, 0.0
23, 1, 6, 0, 0, 0.0
23, 1, 7, 0, 0, 0.0
23, 1, 8, 0, 0, 0.0
23, 1, 9, 0, 0, 0.0
23, 1, 10, 0, 0, 0.0
23, 1, 11, 0, 0, 0.0
23, 1, 12, 0, 0, 0.0
23, 1, 13, 0, 0, 0.0
23, 1, 14, 0, 0, 0.0
23, 1, 15, 0, 0, 0.0
23, 1, 16, 0, 0, 0.0
23, 1, 17, 0, 0, 0.0
23, 1, 18, 0, 0, 0.0
23, 1, 19, 0, 0, 0.0
23, 1, 20, 0, 0, 0.0
24, 0, 0, 695, 321, -1.338492694458182e-07
24, 0, 1, 738, 299, -0.0037757016252726316
24, 0, 2, 773, 262, -0.005784878507256508
24, 0, 3, 801, 235, -0.009645088575780392
24, 0, 4, 828, 221, -0.012452383525669575
24, 0, 5, 750, 209, 0.0021975189447402954
24, 0, 6, 771, 177, -0.009044500067830086
24, 0, 7, 777, 208, -0.01518219243735075
24, 0, 8, 777, 232, -0.01613800972700119
24, 0, 9, 726, 208, -0.0014299958711490035
24, 0, 10, 750, 181, -0.01566649228334427
24, 0, 11, 757, 221, -0.02175614982843399
24, 0, 12, 757, 249, -0.021668938919901848
24, 0, 13, 700, 209, -0.006952293217182159
24, 0, 14, 723, 189, -0.020979830995202065
24, 0, 15, 736, 224, -0.023974701762199402
24, 0, 16, 742, 250, -0.02114008367061615
24, 0, 17, 672, 214, -0.012660335749387741
24, 0, 18, 675, 171, -0.018571412190794945
24, 0, 19, 684, 147, -0.019325891509652138
24, 0, 20, 693, 125, -0.01809164695441723
24, 1, 0, 676, 365, 1.1091927376583044e-07
24, 1, 1, 722, 326, 0.0012600839836522937
24, 1, 2, 757, 287, 0.0004332702956162393
24, 1, 3, 785, 259, -0.0024920511059463024
24, 1, 4, 809, 237, -0.0058297766372561455
24, 1, 5, 732, 268, 0.010004023090004921
24, 1, 6, 748, 241, 0.006557799875736237
24, 1, 7, 759, 238, 0.0017911659087985754
24, 1, 8, 764, 241, -0.00030675018206238747
24, 1, 9, 708, 267, 0.0073391590267419815
24, 1, 10, 730, 238, 0.0050155832432210445
24, 1, 11, 741, 238, 0.0006578862085007131
24, 1, 12, 745, 245, -0.0016868889797478914
24, 1, 13, 684, 266, 0.003724949900060892
24, 1, 14, 702, 235, 0.002673894865438342
24, 1, 15, 717, 240, 0.002373426454141736
24, 1, 16, 724, 250, 0.0028682260308414698
24, 1, 17, 660, 268, -0.00021732041204813868
24, 1, 18, 663, 233, 0.0013983988901600242
24, 1, 19, 669, 219, 0.00351421139203012
24, 1, 20, 674, 212, 0.005247882101684809
25, 0, 0, 686, 334, 3.608448650993523e-08
25, 0, 1, 733, 306, -0.0019670187029987574
25, 0, 2, 767, 267, -0.0028245956636965275
25, 0, 3, 794, 241, -0.005698416382074356
25, 0, 4, 824, 225, -0.008037521503865719
25, 0, 5, 738, 226, 0.007828231900930405
25, 0, 6, 760, 200, 0.0005946225137449801
25, 0, 7, 772, 216, -0.004595142789185047
25, 0, 8, 779, 230, -0.005878137890249491
25, 0, 9, 716, 223, 0.004965970292687416
25, 0, 10, 742, 197, -0.004549077711999416
25, 0, 11, 753, 221, -0.010640027932822704
25, 0, 12, 758, 241, -0.01178596168756485
25, 0, 13, 692, 222, 0.0003333266358822584
25, 0, 14, 719, 197, -0.009624836035072803
25, 0, 15, 734, 224, -0.013090481981635094
25, 0, 16, 741, 248, -0.011510692536830902
25, 0, 17, 667, 224, -0.0045517925173044205
25, 0, 18, 673, 181, -0.009098302572965622
25, 0, 19, 683, 154, -0.011162221431732178
25, 0, 20, 693, 133, -0.011152730323374271
25, 1, 0, 0, 0, 0.0
25, 1, 1, 0, 0, 0.0
25, 1, 2, 0, 0, 0.0
25, 1, 3, 0, 0, 0.0
25, 1, 4, 0, 0, 0.0
25, 1, 5, 0, 0, 0.0
25, 1, 6, 0, 0, 0.0
25, 1, 7, 0, 0, 0.0
25, 1, 8, 0, 0, 0.0
25, 1, 9, 0, 0, 0.0
25, 1, 10, 0, 0, 0.0
25, 1, 11, 0, 0, 0.0
25, 1, 12, 0, 0, 0.0
25, 1, 13, 0, 0, 0.0
25, 1, 14, 0, 0, 0.0
25, 1, 15, 0, 0, 0.0
25, 1, 16, 0, 0, 0.0
25, 1, 17, 0, 0, 0.0
25, 1, 18, 0, 0, 0.0
25, 1, 19, 0, 0, 0.0
25, 1, 20, 0, 0, 0.0
26, 0, 0, 711, 250, -1.629401822356158e-07
26, 0, 1, 756, 238, -0.002601692918688059
26, 0, 2, 793, 204, -0.00405988609418273
26, 0, 3, 823, 184, -0.007801050320267677
26, 0, 4, 849, 178, -0.01054538507014513
26, 0, 5, 773, 150, 0.003061037976294756
26, 0, 6, 794, 116, -0.007620387710630894
26, 0, 7, 797, 145, -0.01329103671014309
26, 0, 8, 796, 171, -0.013787167146801949
26, 0, 9, 751, 145, -0.0009334038477391005
26, 0, 10, 773, 115, -0.014864908531308174
26, 0, 11, 778, 152, -0.020802108570933342
26, 0, 12, 778, 181, -0.02045838162302971
26, 0, 13, 725, 142, -0.006618260871618986
26, 0, 14, 746, 116, -0.019876398146152496
26, 0, 15, 756, 154, -0.022384610027074814
26, 0, 16, 759, 183, -0.01902603544294834
26, 0, 17, 697, 140, -0.012508025392889977
26, 0, 18, 702, 95, -0.01761133223772049
26, 0, 19, 710, 68, -0.018118103966116905
26, 0, 20, 718, 43, -0.0167348925024271
26, 1, 0, 697, 279, 4.6028969080680326e-08
26, 1, 1, 746, 252, 1.0667103197192773e-05
26, 1, 2, 783, 217, -0.0001944520918186754
26, 1, 3, 813, 196, -0.002436883980408311
26, 1, 4, 840, 186, -0.004419043660163879
26, 1, 5, 756, 179, 0.008147279731929302
26, 1, 6, 774, 152, 0.0038200023118406534
26, 1, 7, 784, 163, 0.0003826154861599207
26, 1, 8, 786, 175, -6.801921699661762e-05
26, 1, 9, 734, 173, 0.005541409831494093
26, 1, 10, 755, 146, 0.0007974635809659958
26, 1, 11, 765, 160, -0.0030859496910125017
26, 1, 12, 768, 175, -0.0038446160033345222
26, 1, 13, 710, 169, 0.0017691851826384664
26, 1, 14, 732, 142, -0.0027752185706049204
26, 1, 15, 744, 161, -0.0037429160438477993
26, 1, 16, 749, 181, -0.0021721282973885536
26, 1, 17, 686, 168, -0.0022644035052508116
26, 1, 18, 692, 127, -0.002647515619173646
26, 1, 19, 698, 107, -0.001721766428090632
26, 1, 20, 705, 92, -0.0003442692686803639
27, 0, 0, 708, 254, -5.0400487339175015e-08
27, 0, 1, 756, 238, -0.0023759270552545786
27, 0, 2, 794, 203, -0.002839688677340746
27, 0, 3, 824, 184, -0.0053292931988835335
27, 0, 4, 852, 178, -0.006712223403155804
27, 0, 5, 771, 149, 0.005898465868085623
27, 0, 6, 791, 122, -0.002626255387440324
27, 0, 7, 795, 150, -0.007614579517394304
27, 0, 8, 797, 174, -0.008192552253603935
27, 0, 9, 749, 143, 0.002743073273450136
27, 0, 10, 771, 117, -0.008151870220899582
27, 0, 11, 776, 152, -0.013094982132315636
27, 0, 12, 777, 179, -0.012723973952233791
27, 0, 13, 723, 140, -0.0023039497900754213
27, 0, 14, 746, 118, -0.013243651948869228
27, 0, 15, 755, 155, -0.015528528019785881
27, 0, 16, 758, 185, -0.012505007907748222
27, 0, 17, 695, 139, -0.007659871131181717
27, 0, 18, 702, 95, -0.013174278661608696
27, 0, 19, 711, 68, -0.01513815950602293
27, 0, 20, 721, 44, -0.01468185056000948
27, 1, 0, 0, 0, 0.0
27, 1, 1, 0, 0, 0.0
27, 1, 2, 0, 0, 0.0
27, 1, 3, 0, 0, 0.0
27, 1, 4, 0, 0, 0.0
27, 1, 5, 0, 0, 0.0
27, 1, 6, 0, 0, 0.0
27, 1, 7, 0, 0, 0.0
27, 1, 8, 0, 0, 0.0
27, 1, 9, 0, 0, 0.0
27, 1, 10, 0, 0, 0.0
27, 1, 11, 0, 0, 0.0
27, 1, 12, 0, 0, 0.0
27, 1, 13, 0, 0, 0.0
27, 1, 14, 0, 0, 0.0
27, 1, 15, 0, 0, 0.0
27, 1, 16, 0, 0, 0.0
27, 1, 17, 0, 0, 0.0
27, 1, 18, 0, 0, 0.0
27, 1, 19, 0, 0, 0.0
27, 1, 20, 0, 0, 0.0
28, 0, 0, 719, 222, -6.764391713431905e-08
28, 0, 1, 771, 209, -0.000685816747136414
28, 0, 2, 813, 180, -0.0007903097430244088
28, 0, 3, 844, 164, -0.003259179415181279
28, 0, 4, 870, 162, -0.004919702187180519
28, 0, 5, 793, 122, 0.006449014414101839
28, 0, 6, 814, 95, -0.0017713462002575397
28, 0, 7, 816, 123, -0.006897408049553633
28, 0, 8, 814, 148, -0.007605372928082943
28, 0, 9, 771, 115, 0.0026399726048111916
28, 0, 10, 794, 85, -0.007962738163769245
28, 0, 11, 795, 122, -0.0129716657102108
28, 0, 12, 794, 151, -0.012642957270145416
28, 0, 13, 745, 109, -0.002744788071140647
28, 0, 14, 769, 85, -0.012746000662446022
28, 0, 15, 774, 123, -0.014438790269196033
28, 0, 16, 773, 154, -0.011191422119736671
28, 0, 17, 717, 105, -0.008351043798029423
28, 0, 18, 726, 59, -0.013150184415280819
28, 0, 19, 735, 32, -0.014398033730685711
28, 0, 20, 745, 8, -0.013516968116164207
28, 1, 0, 0, 0, 0.0
28, 1, 1, 0, 0, 0.0
28, 1, 2, 0, 0, 0.0
28, 1, 3, 0, 0, 0.0
28, 1, 4, 0, 0, 0.0
28, 1, 5, 0, 0, 0.0
28, 1, 6, 0, 0, 0.0
28, 1, 7, 0, 0, 0.0
28, 1, 8, 0, 0, 0.0
28, 1, 9, 0, 0, 0.0
28, 1, 10, 0, 0, 0.0
28, 1, 11, 0, 0, 0.0
28, 1, 12, 0, 0, 0.0
28, 1, 13, 0, 0, 0.0
28, 1, 14, 0, 0, 0.0
28, 1, 15, 0, 0, 0.0
28, 1, 16, 0, 0, 0.0
28, 1, 17, 0, 0, 0.0
28, 1, 18, 0, 0, 0.0
28, 1, 19, 0, 0, 0.0
28, 1, 20, 0, 0, 0.0
29, 0, 0, 726, 213, -1.0347883971917327e-07
29, 0, 1, 772, 207, -0.0027517753187566996
29, 0, 2, 812, 179, -0.00447866041213274
29, 0, 3, 843, 165, -0.00819412712007761
29, 0, 4, 869, 165, -0.011237491853535175
29, 0, 5, 795, 122, 0.001425735536031425
29, 0, 6, 817, 90, -0.008727531880140305
29, 0, 7, 818, 119, -0.01399199478328228
29, 0, 8, 815, 146, -0.01432421151548624
29, 0, 9, 773, 115, -0.0019729796331375837
29, 0, 10, 797, 87, -0.015181577764451504
29, 0, 11, 798, 126, -0.020656485110521317
29, 0, 12, 794, 155, -0.020130528137087822
29, 0, 13, 747, 109, -0.006883676163852215
29, 0, 14, 770, 86, -0.019521169364452362
29, 0, 15, 775, 124, -0.021995751187205315
29, 0, 16, 775, 152, -0.018788373097777367
29, 0, 17, 718, 105, -0.01191725954413414
29, 0, 18, 724, 59, -0.017238637432456017
29, 0, 19, 733, 32, -0.018126970157027245
29, 0, 20, 744, 9, -0.016963602975010872
29, 1, 0, 0, 0, 0.0
29, 1, 1, 0, 0, 0.0
29, 1, 2, 0, 0, 0.0
29, 1, 3, 0, 0, 0.0
29, 1, 4, 0, 0, 0.0
29, 1, 5, 0, 0, 0.0
29, 1, 6, 0, 0, 0.0
29, 1, 7, 0, 0, 0.0
29, 1, 8, 0, 0, 0.0
29, 1, 9, 0, 0, 0.0
29, 1, 10, 0, 0, 0.0
29, 1, 11, 0, 0, 0.0
29, 1, 12, 0, 0, 0.0
29, 1, 13, 0, 0, 0.0
29, 1, 14, 0, 0, 0.0
29, 1, 15, 0, 0, 0.0
29, 1, 16, 0, 0, 0.0
29, 1, 17, 0, 0, 0.0
29, 1, 18, 0, 0, 0.0
29, 1, 19, 0, 0, 0.0
29, 1, 20, 0, 0, 0.0
30, 0, 0, 735, 197, -9.6199805454944e-08
30, 0, 1, 783, 198, -0.004613268189132214
30, 0, 2, 828, 177, -0.007541820872575045
30, 0, 3, 863, 167, -0.012172665446996689
30, 0, 4, 890, 167, -0.01587594859302044
30, 0, 5, 811, 113, -8.334076846949756e-05
30, 0, 6, 836, 84, -0.011316868476569653
30, 0, 7, 832, 113, -0.017588187009096146
30, 0, 8, 826, 140, -0.018635129556059837
30, 0, 9, 789, 102, -0.002741065341979265
30, 0, 10, 813, 74, -0.01621830463409424
30, 0, 11, 809, 111, -0.021751858294010162
30, 0, 12, 805, 141, -0.02140653505921364
30, 0, 13, 762, 95, -0.007171995937824249
30, 0, 14, 785, 72, -0.01954008638858795
30, 0, 15, 788, 109, -0.021517891436815262
30, 0, 16, 785, 138, -0.018086114898324013
30, 0, 17, 734, 89, -0.0120322210714221
30, 0, 18, 742, 44, -0.017454884946346283
30, 0, 19, 751, 15, -0.018590688705444336
30, 0, 20, 761, -8, -0.017577769234776497
30, 1, 0, 0, 0, 0.0
30, 1, 1, 0, 0, 0.0
30, 1, 2, 0, 0, 0.0
30, 1, 3, 0, 0, 0.0
30, 1, 4, 0, 0, 0.0
30, 1, 5, 0, 0, 0.0
30, 1, 6, 0, 0, 0.0
30, 1, 7, 0, 0, 0.0
30, 1, 8, 0, 0, 0.0
30, 1, 9, 0, 0, 0.0
30, 1, 10, 0, 0, 0.0
30, 1, 11, 0, 0, 0.0
30, 1, 12, 0, 0, 0.0
30, 1, 13, 0, 0, 0.0
30, 1, 14, 0, 0, 0.0
30, 1, 15, 0, 0, 0.0
30, 1, 16, 0, 0, 0.0
30, 1, 17, 0, 0, 0.0
30, 1, 18, 0, 0, 0.0
30, 1, 19, 0, 0, 0.0
30, 1, 20, 0, 0, 0.0
31, 0, 0, 735, 199, -1.248245951046556e-07
31, 0, 1, 785, 194, -0.0037605520337820053
31, 0, 2, 828, 173, -0.006153857335448265
31, 0, 3, 864, 164, -0.01041474100202322
31, 0, 4, 890, 165, -0.014016534201800823
31, 0, 5, 809, 113, 0.00037945862277410924
31, 0, 6, 835, 84, -0.010298245586454868
31, 0, 7, 831, 113, -0.016131004318594933
31, 0, 8, 824, 140, -0.01680401898920536
31, 0, 9, 787, 103, -0.0027782463002949953
31, 0, 10, 813, 76, -0.01609024591743946
31, 0, 11, 809, 112, -0.02168312855064869
31, 0, 12, 803, 142, -0.021337544545531273
31, 0, 13, 762, 95, -0.007584552746266127
31, 0, 14, 785, 74, -0.02026379480957985
31, 0, 15, 788, 110, -0.023249898105859756
31, 0, 16, 787, 139, -0.020540481433272362
31, 0, 17, 734, 89, -0.01263448130339384
31, 0, 18, 741, 42, -0.01744559407234192
31, 0, 19, 750, 15, -0.018127311021089554
31, 0, 20, 759, -6, -0.017050085589289665
31, 1, 0, 0, 0, 0.0
31, 1, 1, 0, 0, 0.0
31, 1, 2, 0, 0, 0.0
31, 1, 3, 0, 0, 0.0
31, 1, 4, 0, 0, 0.0
31, 1, 5, 0, 0, 0.0
31, 1, 6, 0, 0, 0.0
31, 1, 7, 0, 0, 0.0
31, 1, 8, 0, 0, 0.0
31, 1, 9, 0, 0, 0.0
31, 1, 10, 0, 0, 0.0
31, 1, 11, 0, 0, 0.0
31, 1, 12, 0, 0, 0.0
31, 1, 13, 0, 0, 0.0
31, 1, 14, 0, 0, 0.0
31, 1, 15, 0, 0, 0.0
31, 1, 16, 0, 0, 0.0
31, 1, 17, 0, 0, 0.0
31, 1, 18, 0, 0, 0.0
31, 1, 19, 0, 0, 0.0
31, 1, 20, 0, 0, 0.0
32, 0, 0, 740, 195, -1.282717647654863e-07
32, 0, 1, 791, 194, -0.003543734783306718
32, 0, 2, 833, 174, -0.005777264479547739
32, 0, 3, 868, 165, -0.0097420085221529
32, 0, 4, 893, 167, -0.013098043389618397
32, 0, 5, 814, 112, -0.0009027675841934979
32, 0, 6, 840, 83, -0.011015431955456734
32, 0, 7, 836, 113, -0.016319969668984413
32, 0, 8, 828, 139, -0.01670447736978531
32, 0, 9, 794, 102, -0.0035538955125957727
32, 0, 10, 819, 76, -0.01579742319881916
32, 0, 11, 814, 113, -0.02052941918373108
32, 0, 12, 806, 142, -0.01985919289290905
32, 0, 13, 770, 93, -0.007604898884892464
32, 0, 14, 792, 70, -0.018829843029379845
32, 0, 15, 793, 106, -0.020599398761987686
32, 0, 16, 789, 135, -0.017342766746878624
32, 0, 17, 742, 85, -0.011922882869839668
32, 0, 18, 752, 38, -0.016547666862607002
32, 0, 19, 763, 11, -0.01690373197197914
32, 0, 20, 774, -10, -0.01544701587408781
32, 1, 0, 0, 0, 0.0
32, 1, 1, 0, 0, 0.0
32, 1, 2, 0, 0, 0.0
32, 1, 3, 0, 0, 0.0
32, 1, 4, 0, 0, 0.0
32, 1, 5, 0, 0, 0.0
32, 1, 6, 0, 0, 0.0
32, 1, 7, 0, 0, 0.0
32, 1, 8, 0, 0, 0.0
32, 1, 9, 0, 0, 0.0
32, 1, 10, 0, 0, 0.0
32, 1, 11, 0, 0, 0.0
32, 1, 12, 0, 0, 0.0
32, 1, 13, 0, 0, 0.0
32, 1, 14, 0, 0, 0.0
32, 1, 15, 0, 0, 0.0
32, 1, 16, 0, 0, 0.0
32, 1, 17, 0, 0, 0.0
32, 1, 18, 0, 0, 0.0
32, 1, 19, 0, 0, 0.0
32, 1, 20, 0, 0, 0.0
33, 0, 0, 741, 195, -1.2836994756071363e-07
33, 0, 1, 791, 192, -0.0026384308002889156
33, 0, 2, 833, 172, -0.00431516719982028
33, 0, 3, 867, 164, -0.008043324574828148
33, 0, 4, 892, 167, -0.011283581145107746
33, 0, 5, 815, 110, 0.0012080126907676458
33, 0, 6, 842, 82, -0.009062949568033218
33, 0, 7, 838, 112, -0.014684154652059078
33, 0, 8, 830, 139, -0.015247965231537819
33, 0, 9, 794, 100, -0.0022481821943074465
33, 0, 10, 821, 75, -0.014983227476477623
33, 0, 11, 816, 112, -0.020359430462121964
33, 0, 12, 809, 141, -0.020018093287944794
33, 0, 13, 769, 91, -0.0072545562870800495
33, 0, 14, 793, 70, -0.019435692578554153
33, 0, 15, 796, 107, -0.02229241654276848
33, 0, 16, 793, 136, -0.019605975598096848
33, 0, 17, 741, 84, -0.012398975901305676
33, 0, 18, 751, 37, -0.017341187223792076
33, 0, 19, 762, 11, -0.01814611628651619
33, 0, 20, 773, -9, -0.017119653522968292
33, 1, 0, 0, 0, 0.0
33, 1, 1, 0, 0, 0.0
33, 1, 2, 0, 0, 0.0
33, 1, 3, 0, 0, 0.0
33, 1, 4, 0, 0, 0.0
33, 1, 5, 0, 0, 0.0
33, 1, 6, 0, 0, 0.0
33, 1, 7, 0, 0, 0.0
33, 1, 8, 0, 0, 0.0
33, 1, 9, 0, 0, 0.0
33, 1, 10, 0, 0, 0.0
33, 1, 11, 0, 0, 0.0
33, 1, 12, 0, 0, 0.0
33, 1, 13, 0, 0, 0.0
33, 1, 14, 0, 0, 0.0
33, 1, 15, 0, 0, 0.0
33, 1, 16, 0, 0, 0.0
33, 1, 17, 0, 0, 0.0
33, 1, 18, 0, 0, 0.0
33, 1, 19, 0, 0, 0.0
33, 1, 20, 0, 0, 0.0
34, 0, 0, 742, 193, -1.3577987090229726e-07
34, 0, 1, 791, 192, -0.003400014480575919
34, 0, 2, 835, 173, -0.0055246297270059586
34, 0, 3, 870, 166, -0.00940121803432703
34, 0, 4, 894, 170, -0.012640430592000484
34, 0, 5, 816, 108, -0.00036407055449672043
34, 0, 6, 843, 82, -0.010426093824207783
34, 0, 7, 838, 113, -0.015656985342502594
34, 0, 8, 828, 140, -0.015980517491698265
34, 0, 9, 795, 98, -0.003287702798843384
34, 0, 10, 822, 75, -0.0157989040017128
34, 0, 11, 816, 112, -0.020673345774412155
34, 0, 12, 808, 142, -0.01998593844473362
34, 0, 13, 771, 89, -0.007700612768530846
34, 0, 14, 795, 69, -0.019459370523691177
34, 0, 15, 797, 107, -0.021758852526545525
34, 0, 16, 792, 136, -0.018702860921621323
34, 0, 17, 744, 81, -0.012318004854023457
34, 0, 18, 754, 33, -0.01720193587243557
34, 0, 19, 766, 6, -0.017868133261799812
34, 0, 20, 778, -14, -0.016652069985866547
34, 1, 0, 0, 0, 0.0
34, 1, 1, 0, 0, 0.0
34, 1, 2, 0, 0, 0.0
34, 1, 3, 0, 0, 0.0
34, 1, 4, 0, 0, 0.0
34, 1, 5, 0, 0, 0.0
34, 1, 6, 0, 0, 0.0
34, 1, 7, 0, 0, 0.0
34, 1, 8, 0, 0, 0.0
34, 1, 9, 0, 0, 0.0
34, 1, 10, 0, 0, 0.0
34, 1, 11, 0, 0, 0.0
34, 1, 12, 0, 0, 0.0
34, 1, 13, 0, 0, 0.0
34, 1, 14, 0, 0, 0.0
34, 1, 15, 0, 0, 0.0
34, 1, 16, 0, 0, 0.0
34, 1, 17, 0, 0, 0.0
34, 1, 18, 0, 0, 0.0
34, 1, 19, 0, 0, 0.0
34, 1, 20, 0, 0, 0.0
35, 0, 0, 742, 194, -1.386971320016528e-07
35, 0, 1, 792, 192, -0.002985194558277726
35, 0, 2, 835, 173, -0.0050140563398599625
35, 0, 3, 869, 166, -0.008990027010440826
35, 0, 4, 893, 169, -0.012388947419822216
35, 0, 5, 817, 110, 0.0003378968976903707
35, 0, 6, 845, 83, -0.00960326474159956
35, 0, 7, 839, 113, -0.014745192602276802
35, 0, 8, 828, 139, -0.01497030258178711
35, 0, 9, 796, 99, -0.0028714032378047705
35, 0, 10, 823, 75, -0.015016800723969936
35, 0, 11, 817, 112, -0.019809355959296227
35, 0, 12, 808, 141, -0.01916949637234211
35, 0, 13, 771, 90, -0.007539060898125172
35, 0, 14, 796, 69, -0.019046198576688766
35, 0, 15, 796, 106, -0.021167784929275513
35, 0, 16, 792, 135, -0.01812664419412613
35, 0, 17, 744, 83, -0.012387854978442192
35, 0, 18, 753, 36, -0.01655575819313526
35, 0, 19, 763, 11, -0.01655592955648899
35, 0, 20, 774, -8, -0.015002329833805561
35, 1, 0, 0, 0, 0.0
35, 1, 1, 0, 0, 0.0
35, 1, 2, 0, 0, 0.0
35, 1, 3, 0, 0, 0.0
35, 1, 4, 0, 0, 0.0
35, 1, 5, 0, 0, 0.0
35, 1, 6, 0, 0, 0.0
35, 1, 7, 0, 0, 0.0
35, 1, 8, 0, 0, 0.0
35, 1, 9, 0, 0, 0.0
35, 1, 10, 0, 0, 0.0
35, 1, 11, 0, 0, 0.0
35, 1, 12, 0, 0, 0.0
35, 1, 13, 0, 0, 0.0
35, 1, 14, 0, 0, 0.0
35, 1, 15, 0, 0, 0.0
35, 1, 16, 0, 0, 0.0
35, 1, 17, 0, 0, 0.0
35, 1, 18, 0, 0, 0.0
35, 1, 19, 0, 0, 0.0
35, 1, 20, 0, 0, 0.0
36, 0, 0, 742, 206, -1.8702728254993417e-07
36, 0, 1, 795, 197, -0.0015604335349053144
36, 0, 2, 839, 173, -0.0040853023529052734
36, 0, 3, 871, 161, -0.008896425366401672
36, 0, 4, 898, 162, -0.01266662497073412
36, 0, 5, 818, 105, 0.0001290477521251887
36, 0, 6, 852, 101, -0.009791962802410126
36, 0, 7, 844, 136, -0.014357824809849262
36, 0, 8, 832, 155, -0.014759320765733719
36, 0, 9, 793, 97, -0.003970500081777573
36, 0, 10, 829, 100, -0.016288459300994873
36, 0, 11, 819, 141, -0.019955091178417206
36, 0, 12, 805, 163, -0.01897391304373741
36, 0, 13, 770, 96, -0.009216413833200932
36, 0, 14, 803, 96, -0.021063486114144325
36, 0, 15, 799, 137, -0.020952114835381508
36, 0, 16, 788, 159, -0.016586244106292725
36, 0, 17, 747, 99, -0.014551145024597645
36, 0, 18, 765, 65, -0.019478589296340942
36, 0, 19, 780, 45, -0.018727194517850876
36, 0, 20, 792, 26, -0.016355402767658234
36, 1, 0, 0, 0, 0.0
36, 1, 1, 0, 0, 0.0
36, 1, 2, 0, 0, 0.0
36, 1, 3, 0, 0, 0.0
36, 1, 4, 0, 0, 0.0
36, 1, 5, 0, 0, 0.0
36, 1, 6, 0, 0, 0.0
36, 1, 7, 0, 0, 0.0
36, 1, 8, 0, 0, 0.0
36, 1, 9, 0, 0, 0.0
36, 1, 10, 0, 0, 0.0
36, 1, 11, 0, 0, 0.0
36, 1, 12, 0, 0, 0.0
36, 1, 13, 0, 0, 0.0
36, 1, 14, 0, 0, 0.0
36, 1, 15, 0, 0, 0.0
36, 1, 16, 0, 0, 0.0
36, 1, 17, 0, 0, 0.0
36, 1, 18, 0, 0, 0.0
36, 1, 19, 0, 0, 0.0
36, 1, 20, 0, 0, 0.0
37, 0, 0, 745, 201, -1.4044825036307884e-07
37, 0, 1, 793, 197, -0.003331888699904084
37, 0, 2, 836, 173, -0.006230056285858154
37, 0, 3, 867, 161, -0.010753962211310863
37, 0, 4, 896, 165, -0.014141114428639412
37, 0, 5, 819, 103, -0.001536367111839354
37, 0, 6, 852, 102, -0.01058479119092226
37, 0, 7, 842, 137, -0.014390965923666954
37, 0, 8, 830, 158, -0.014583984389901161
37, 0, 9, 795, 96, -0.004456485155969858
37, 0, 10, 830, 100, -0.015637552365660667
37, 0, 11, 819, 141, -0.017964616417884827
37, 0, 12, 805, 162, -0.016246959567070007
37, 0, 13, 771, 96, -0.008648045361042023
37, 0, 14, 801, 97, -0.019903048872947693
37, 0, 15, 796, 137, -0.01902894489467144
37, 0, 16, 786, 161, -0.014229238964617252
37, 0, 17, 747, 100, -0.013048884458839893
37, 0, 18, 765, 66, -0.018132515251636505
37, 0, 19, 780, 45, -0.01752074435353279
37, 0, 20, 793, 26, -0.015196535736322403
37, 1, 0, 0, 0, 0.0
37, 1, 1, 0, 0, 0.0
37, 1, 2, 0, 0, 0.0
37, 1, 3, 0, 0, 0.0
37, 1, 4, 0, 0, 0.0
37, 1, 5, 0, 0, 0.0
37, 1, 6, 0, 0, 0.0
37, 1, 7, 0, 0, 0.0
37, 1, 8, 0, 0, 0.0
37, 1, 9, 0, 0, 0.0
37, 1, 10, 0, 0, 0.0
37, 1, 11, 0, 0, 0.0
37, 1, 12, 0, 0, 0.0
37, 1, 13, 0, 0, 0.0
37, 1, 14, 0, 0, 0.0
37, 1, 15, 0, 0, 0.0
37, 1, 16, 0, 0, 0.0
37, 1, 17, 0, 0, 0.0
37, 1, 18, 0, 0, 0.0
37, 1, 19, 0, 0, 0.0
37, 1, 20, 0, 0, 0.0
38, 0, 0, 743, 210, -2.0132449662924046e-07
38, 0, 1, 800, 205, -0.0008568041957914829
38, 0, 2, 841, 187, -0.00406277971342206
38, 0, 3, 868, 174, -0.008858742192387581
38, 0, 4, 895, 169, -0.012784289196133614
38, 0, 5, 830, 107, -0.0021156955044716597
38, 0, 6, 873, 153, -0.011363416910171509
38, 0, 7, 853, 182, -0.01787334494292736
38, 0, 8, 833, 192, -0.02160320244729519
38, 0, 9, 806, 101, -0.006624366156756878
38, 0, 10, 853, 152, -0.016901230439543724
38, 0, 11, 831, 183, -0.02042350545525551
38, 0, 12, 813, 197, -0.021287813782691956
38, 0, 13, 783, 108, -0.01165878213942051
38, 0, 14, 830, 150, -0.02228446491062641
38, 0, 15, 813, 183, -0.020819466561079025
38, 0, 16, 797, 198, -0.017166152596473694
38, 0, 17, 762, 126, -0.016869112849235535
38, 0, 18, 796, 124, -0.024098504334688187
38, 0, 19, 815, 120, -0.023146461695432663
38, 0, 20, 834, 115, -0.02055603265762329
38, 1, 0, 0, 0, 0.0
38, 1, 1, 0, 0, 0.0
38, 1, 2, 0, 0, 0.0
38, 1, 3, 0, 0, 0.0
38, 1, 4, 0, 0, 0.0
38, 1, 5, 0, 0, 0.0
38, 1, 6, 0, 0, 0.0
38, 1, 7, 0, 0, 0.0
38, 1, 8, 0, 0, 0.0
38, 1, 9, 0, 0, 0.0
38, 1, 10, 0, 0, 0.0
38, 1, 11, 0, 0, 0.0
38, 1, 12, 0, 0, 0.0
38, 1, 13, 0, 0, 0.0
38, 1, 14, 0, 0, 0.0
38, 1, 15, 0, 0, 0.0
38, 1, 16, 0, 0, 0.0
38, 1, 17, 0, 0, 0.0
38, 1, 18, 0, 0, 0.0
38, 1, 19, 0, 0, 0.0
38, 1, 20, 0, 0, 0.0
39, 0, 0, 743, 210, -1.4647238799625484e-07
39, 0, 1, 796, 206, -0.0014577602269127965
39, 0, 2, 840, 186, -0.004696553107351065
39, 0, 3, 870, 173, -0.009171581827104092
39, 0, 4, 892, 168, -0.012674286961555481
39, 0, 5, 829, 108, -0.004228703677654266
39, 0, 6, 873, 148, -0.013358350843191147
39, 0, 7, 854, 179, -0.018472595140337944
39, 0, 8, 836, 193, -0.020961560308933258
39, 0, 9, 805, 100, -0.008214958943426609
39, 0, 10, 852, 148, -0.018831495195627213
39, 0, 11, 832, 181, -0.021225515753030777
39, 0, 12, 816, 196, -0.021068524569272995
39, 0, 13, 781, 107, -0.012751731090247631
39, 0, 14, 828, 148, -0.023664386942982674
39, 0, 15, 811, 181, -0.021516874432563782
39, 0, 16, 796, 197, -0.017386680468916893
39, 0, 17, 760, 125, -0.017469560727477074
39, 0, 18, 794, 122, -0.02504091151058674
39, 0, 19, 815, 119, -0.024600300937891006
39, 0, 20, 836, 114, -0.022472668439149857
39, 1, 0, 0, 0, 0.0
39, 1, 1, 0, 0, 0.0
39, 1, 2, 0, 0, 0.0
39, 1, 3, 0, 0, 0.0
39, 1, 4, 0, 0, 0.0
39, 1, 5, 0, 0, 0.0
39, 1, 6, 0, 0, 0.0
39, 1, 7, 0, 0, 0.0
39, 1, 8, 0, 0, 0.0
39, 1, 9, 0, 0, 0.0
39, 1, 10, 0, 0, 0.0
39, 1, 11, 0, 0, 0.0
39, 1, 12, 0, 0, 0.0
39, 1, 13, 0, 0, 0.0
39, 1, 14, 0, 0, 0.0
39, 1, 15, 0, 0, 0.0
39, 1, 16, 0, 0, 0.0
39, 1, 17, 0, 0, 0.0
39, 1, 18, 0, 0, 0.0
39, 1, 19, 0, 0, 0.0
39, 1, 20, 0, 0, 0.0
40, 0, 0, 755, 208, -1.252103771776092e-07
40, 0, 1, 801, 205, -0.003267283085733652
40, 0, 2, 841, 178, -0.006232930812984705
40, 0, 3, 871, 164, -0.010124258697032928
40, 0, 4, 898, 165, -0.012769433669745922
40, 0, 5, 827, 106, -0.004433032125234604
40, 0, 6, 865, 118, -0.012219183146953583
40, 0, 7, 857, 152, -0.014510194770991802
40, 0, 8, 844, 169, -0.014219765551388264
40, 0, 9, 803, 97, -0.006935098208487034
40, 0, 10, 844, 118, -0.016885703429579735
40, 0, 11, 833, 158, -0.01788690686225891
40, 0, 12, 819, 174, -0.015877267345786095
40, 0, 13, 780, 100, -0.010328642092645168
40, 0, 14, 817, 114, -0.021052198484539986
40, 0, 15, 813, 154, -0.01950490102171898
40, 0, 16, 804, 175, -0.014891301281750202
40, 0, 17, 757, 110, -0.01379507128149271
40, 0, 18, 778, 84, -0.01974639669060707
40, 0, 19, 794, 66, -0.019724905490875244
40, 0, 20, 809, 49, -0.01792680285871029
40, 1, 0, 0, 0, 0.0
40, 1, 1, 0, 0, 0.0
40, 1, 2, 0, 0, 0.0
40, 1, 3, 0, 0, 0.0
40, 1, 4, 0, 0, 0.0
40, 1, 5, 0, 0, 0.0
40, 1, 6, 0, 0, 0.0
40, 1, 7, 0, 0, 0.0
40, 1, 8, 0, 0, 0.0
40, 1, 9, 0, 0, 0.0
40, 1, 10, 0, 0, 0.0
40, 1, 11, 0, 0, 0.0
40, 1, 12, 0, 0, 0.0
40, 1, 13, 0, 0, 0.0
40, 1, 14, 0, 0, 0.0
40, 1, 15, 0, 0, 0.0
40, 1, 16, 0, 0, 0.0
40, 1, 17, 0, 0, 0.0
40, 1, 18, 0, 0, 0.0
40, 1, 19, 0, 0, 0.0
40, 1, 20, 0, 0, 0.0
41, 0, 0, 754, 206, -1.4675107706807466e-07
41, 0, 1, 800, 203, -0.0030189258977770805
41, 0, 2, 842, 177, -0.005392752587795258
41, 0, 3, 872, 164, -0.008907532319426537
41, 0, 4, 898, 165, -0.011327346786856651
41, 0, 5, 828, 105, -0.0020733780693262815
41, 0, 6, 865, 117, -0.009627366438508034
41, 0, 7, 855, 151, -0.012635697610676289
41, 0, 8, 843, 167, -0.012731296941637993
41, 0, 9, 804, 98, -0.004572523292154074
41, 0, 10, 844, 117, -0.014455225318670273
41, 0, 11, 833, 156, -0.016417304053902626
41, 0, 12, 819, 174, -0.01466248370707035
41, 0, 13, 780, 101, -0.007931625470519066
41, 0, 14, 817, 113, -0.018439792096614838
41, 0, 15, 813, 154, -0.017158236354589462
41, 0, 16, 804, 176, -0.01220510434359312
41, 0, 17, 758, 110, -0.011374099180102348
41, 0, 18, 780, 83, -0.01637064479291439
41, 0, 19, 795, 66, -0.015303247608244419
41, 0, 20, 809, 49, -0.012432831339538097
41, 1, 0, 0, 0, 0.0
41, 1, 1, 0, 0, 0.0
41, 1, 2, 0, 0, 0.0
41, 1, 3, 0, 0, 0.0
41, 1, 4, 0, 0, 0.0
41, 1, 5, 0, 0, 0.0
41, 1, 6, 0, 0, 0.0
41, 1, 7, 0, 0, 0.0
41, 1, 8, 0, 0, 0.0
41, 1, 9, 0, 0, 0.0
41, 1, 10, 0, 0, 0.0
41, 1, 11, 0, 0, 0.0
41, 1, 12, 0, 0, 0.0
41, 1, 13, 0, 0, 0.0
41, 1, 14, 0, 0, 0.0
41, 1, 15, 0, 0, 0.0
41, 1, 16, 0, 0, 0.0
41, 1, 17, 0, 0, 0.0
41, 1, 18, 0, 0, 0.0
41, 1, 19, 0, 0, 0.0
41, 1, 20, 0, 0, 0.0
42, 0, 0, 757, 193, -8.066238876835996e-08
42, 0, 1, 800, 194, -0.004956170450896025
42, 0, 2, 840, 169, -0.006898475810885429
42, 0, 3, 872, 158, -0.00983491726219654
42, 0, 4, 897, 161, -0.01154229324311018
42, 0, 5, 826, 109, -0.0006651101866737008
42, 0, 6, 851, 87, -0.00960398931056261
42, 0, 7, 848, 118, -0.01329491101205349
42, 0, 8, 842, 143, -0.013145146891474724
42, 0, 9, 804, 99, -0.0026939657982438803
42, 0, 10, 834, 79, -0.014907488599419594
42, 0, 11, 826, 119, -0.018292129039764404
42, 0, 12, 817, 146, -0.01664232648909092
42, 0, 13, 778, 92, -0.006547698751091957
42, 0, 14, 806, 76, -0.01881125010550022
42, 0, 15, 803, 115, -0.02050245925784111
42, 0, 16, 796, 143, -0.016888165846467018
42, 0, 17, 750, 88, -0.010725854896008968
42, 0, 18, 760, 45, -0.01763700693845749
42, 0, 19, 768, 20, -0.020264649763703346
42, 0, 20, 776, -2, -0.020235830917954445
42, 1, 0, 0, 0, 0.0
42, 1, 1, 0, 0, 0.0
42, 1, 2, 0, 0, 0.0
42, 1, 3, 0, 0, 0.0
42, 1, 4, 0, 0, 0.0
42, 1, 5, 0, 0, 0.0
42, 1, 6, 0, 0, 0.0
42, 1, 7, 0, 0, 0.0
42, 1, 8, 0, 0, 0.0
42, 1, 9, 0, 0, 0.0
42, 1, 10, 0, 0, 0.0
42, 1, 11, 0, 0, 0.0
42, 1, 12, 0, 0, 0.0
42, 1, 13, 0, 0, 0.0
42, 1, 14, 0, 0, 0.0
42, 1, 15, 0, 0, 0.0
42, 1, 16, 0, 0, 0.0
42, 1, 17, 0, 0, 0.0
42, 1, 18, 0, 0, 0.0
42, 1, 19, 0, 0, 0.0
42, 1, 20, 0, 0, 0.0
43, 0, 0, 754, 196, -1.5533210273588338e-07
43, 0, 1, 800, 195, -0.0027938862331211567
43, 0, 2, 841, 169, -0.004070039838552475
43, 0, 3, 873, 158, -0.0070045944303274155
43, 0, 4, 897, 161, -0.00911090336740017
43, 0, 5, 825, 109, -0.00044500050717033446
43, 0, 6, 851, 85, -0.00990679208189249
43, 0, 7, 847, 118, -0.014159792102873325
43, 0, 8, 838, 144, -0.014167020097374916
43, 0, 9, 805, 100, -0.0035635782405734062
43, 0, 10, 831, 80, -0.01546515990048647
43, 0, 11, 826, 121, -0.01894250698387623
43, 0, 12, 816, 148, -0.017663296312093735
43, 0, 13, 780, 94, -0.008220847696065903
43, 0, 14, 803, 77, -0.0200473852455616
43, 0, 15, 804, 116, -0.0214400552213192
43, 0, 16, 799, 143, -0.018073927611112595
43, 0, 17, 752, 89, -0.012999363243579865
43, 0, 18, 761, 42, -0.01938275620341301
43, 0, 19, 771, 14, -0.021030832082033157
43, 0, 20, 781, -10, -0.02058573067188263
43, 1, 0, 0, 0, 0.0
43, 1, 1, 0, 0, 0.0
43, 1, 2, 0, 0, 0.0
43, 1, 3, 0, 0, 0.0
43, 1, 4, 0, 0, 0.0
43, 1, 5, 0, 0, 0.0
43, 1, 6, 0, 0, 0.0
43, 1, 7, 0, 0, 0.0
43, 1, 8, 0, 0, 0.0
43, 1, 9, 0, 0, 0.0
43, 1, 10, 0, 0, 0.0
43, 1, 11, 0, 0, 0.0
43, 1, 12, 0, 0, 0.0
43, 1, 13, 0, 0, 0.0
43, 1, 14, 0, 0, 0.0
43, 1, 15, 0, 0, 0.0
43, 1, 16, 0, 0, 0.0
43, 1, 17, 0, 0, 0.0
43, 1, 18, 0, 0, 0.0
43, 1, 19, 0, 0, 0.0
43, 1, 20, 0, 0, 0.0
44, 0, 0, 743, 198, -1.915588541123725e-07
44, 0, 1, 792, 193, -0.003238291945308447
44, 0, 2, 836, 168, -0.0046013956889510155
44, 0, 3, 870, 156, -0.00753887789323926
44, 0, 4, 896, 159, -0.009321624413132668
44, 0, 5, 815, 110, -0.0017099358374252915
44, 0, 6, 843, 91, -0.011138109490275383
44, 0, 7, 833, 126, -0.014103208668529987
44, 0, 8, 820, 146, -0.013432465493679047
44, 0, 9, 792, 101, -0.004770875442773104
44, 0, 10, 819, 87, -0.017340324819087982
44, 0, 11, 808, 129, -0.019978223368525505
44, 0, 12, 795, 150, -0.018027959391474724
44, 0, 13, 766, 96, -0.009322254918515682
44, 0, 14, 790, 82, -0.022764040157198906
44, 0, 15, 785, 125, -0.02309347502887249
44, 0, 16, 777, 149, -0.01855321228504181
44, 0, 17, 739, 92, -0.01393185555934906
44, 0, 18, 749, 45, -0.021782413125038147
44, 0, 19, 761, 20, -0.02327764593064785
44, 0, 20, 773, -3, -0.022282034158706665
44, 1, 0, 0, 0, 0.0
44, 1, 1, 0, 0, 0.0
44, 1, 2, 0, 0, 0.0
44, 1, 3, 0, 0, 0.0
44, 1, 4, 0, 0, 0.0
44, 1, 5, 0, 0, 0.0
44, 1, 6, 0, 0, 0.0
44, 1, 7, 0, 0, 0.0
44, 1, 8, 0, 0, 0.0
44, 1, 9, 0, 0, 0.0
44, 1, 10, 0, 0, 0.0
44, 1, 11, 0, 0, 0.0
44, 1, 12, 0, 0, 0.0
44, 1, 13, 0, 0, 0.0
44, 1, 14, 0, 0, 0.0
44, 1, 15, 0, 0, 0.0
44, 1, 16, 0, 0, 0.0
44, 1, 17, 0, 0, 0.0
44, 1, 18, 0, 0, 0.0
44, 1, 19, 0, 0, 0.0
44, 1, 20, 0, 0, 0.0
45, 0, 0, 743, 198, -1.7806286223276402e-07
45, 0, 1, 793, 193, -0.0027930669020861387
45, 0, 2, 837, 167, -0.003975552972406149
45, 0, 3, 871, 156, -0.006603901740163565
45, 0, 4, 898, 160, -0.008138087578117847
45, 0, 5, 814, 105, -0.0024035009555518627
45, 0, 6, 844, 91, -0.010604563169181347
45, 0, 7, 834, 125, -0.012907941825687885
45, 0, 8, 821, 146, -0.012192608788609505
45, 0, 9, 791, 97, -0.005252373404800892
45, 0, 10, 820, 87, -0.016259288415312767
45, 0, 11, 810, 128, -0.018192360177636147
45, 0, 12, 798, 150, -0.016411522403359413
45, 0, 13, 766, 92, -0.009323225356638432
45, 0, 14, 790, 83, -0.021237164735794067
45, 0, 15, 785, 124, -0.020968034863471985
45, 0, 16, 775, 148, -0.01668170653283596
45, 0, 17, 740, 88, -0.013433830812573433
45, 0, 18, 750, 42, -0.020790835842490196
45, 0, 19, 763, 16, -0.022022409364581108
45, 0, 20, 775, -8, -0.021085334941744804
45, 1, 0, 0, 0, 0.0
45, 1, 1, 0, 0, 0.0
45, 1, 2, 0, 0, 0.0
45, 1, 3, 0, 0, 0.0
45, 1, 4, 0, 0, 0.0
45, 1, 5, 0, 0, 0.0
45, 1, 6, 0, 0, 0.0
45, 1, 7, 0, 0, 0.0
45, 1, 8, 0, 0, 0.0
45, 1, 9, 0, 0, 0.0
45, 1, 10, 0, 0, 0.0
45, 1, 11, 0, 0, 0.0
45, 1, 12, 0, 0, 0.0
45, 1, 13, 0, 0, 0.0
45, 1, 14, 0, 0, 0.0
45, 1, 15, 0, 0, 0.0
45, 1, 16, 0, 0, 0.0
45, 1, 17, 0, 0, 0.0
45, 1, 18, 0, 0, 0.0
45, 1, 19, 0, 0, 0.0
45, 1, 20, 0, 0, 0.0
46, 0, 0, 736, 207, -2.3353553046945308e-07
46, 0, 1, 794, 201, -0.0036359818186610937
46, 0, 2, 838, 182, -0.00753361452370882
46, 0, 3, 868, 170, -0.012247752398252487
46, 0, 4, 895, 167, -0.01567612588405609
46, 0, 5, 820, 96, -0.006823482923209667
46, 0, 6, 853, 136, -0.015502823516726494
46, 0, 7, 836, 166, -0.02036268077790737
46, 0, 8, 818, 173, -0.023067258298397064
46, 0, 9, 791, 89, -0.009904194623231888
46, 0, 10, 826, 140, -0.019166279584169388
46, 0, 11, 809, 169, -0.02236376702785492
46, 0, 12, 793, 173, -0.02394382655620575
46, 0, 13, 764, 97, -0.013413190841674805
46, 0, 14, 802, 135, -0.02414710447192192
46, 0, 15, 789, 167, -0.02333134040236473
46, 0, 16, 775, 176, -0.020734040066599846
46, 0, 17, 741, 112, -0.017181074246764183
46, 0, 18, 765, 102, -0.02484326809644699
46, 0, 19, 779, 93, -0.024485064670443535
46, 0, 20, 793, 79, -0.02263209968805313
46, 1, 0, 0, 0, 0.0
46, 1, 1, 0, 0, 0.0
46, 1, 2, 0, 0, 0.0
46, 1, 3, 0, 0, 0.0
46, 1, 4, 0, 0, 0.0
46, 1, 5, 0, 0, 0.0
46, 1, 6, 0, 0, 0.0
46, 1, 7, 0, 0, 0.0
46, 1, 8, 0, 0, 0.0
46, 1, 9, 0, 0, 0.0
46, 1, 10, 0, 0, 0.0
46, 1, 11, 0, 0, 0.0
46, 1, 12, 0, 0, 0.0
46, 1, 13, 0, 0, 0.0
46, 1, 14, 0, 0, 0.0
46, 1, 15, 0, 0, 0.0
46, 1, 16, 0, 0, 0.0
46, 1, 17, 0, 0, 0.0
46, 1, 18, 0, 0, 0.0
46, 1, 19, 0, 0, 0.0
46, 1, 20, 0, 0, 0.0
47, 0, 0, 739, 206, -1.7736981305915833e-07
47, 0, 1, 791, 201, -0.004176400136202574
47, 0, 2, 834, 181, -0.007875293493270874
47, 0, 3, 865, 169, -0.012448135763406754
47, 0, 4, 894, 168, -0.01596367545425892
47, 0, 5, 819, 100, -0.004618472885340452
47, 0, 6, 853, 133, -0.014323292300105095
47, 0, 7, 837, 162, -0.01959916390478611
47, 0, 8, 822, 174, -0.021732481196522713
47, 0, 9, 791, 92, -0.007103168871253729
47, 0, 10, 828, 136, -0.01802849769592285
47, 0, 11, 810, 166, -0.02166062407195568
47, 0, 12, 794, 174, -0.02214173600077629
47, 0, 13, 766, 99, -0.010397342033684254
47, 0, 14, 802, 132, -0.022959664463996887
47, 0, 15, 788, 166, -0.022891683503985405
47, 0, 16, 774, 176, -0.01941712573170662
47, 0, 17, 743, 114, -0.01380971446633339
47, 0, 18, 766, 100, -0.021940281614661217
47, 0, 19, 781, 90, -0.021682456135749817
47, 0, 20, 796, 78, -0.019207198172807693
47, 1, 0, 0, 0, 0.0
47, 1, 1, 0, 0, 0.0
47, 1, 2, 0, 0, 0.0
47, 1, 3, 0, 0, 0.0
47, 1, 4, 0, 0, 0.0
47, 1, 5, 0, 0, 0.0
47, 1, 6, 0, 0, 0.0
47, 1, 7, 0, 0, 0.0
47, 1, 8, 0, 0, 0.0
47, 1, 9, 0, 0, 0.0
47, 1, 10, 0, 0, 0.0
47, 1, 11, 0, 0, 0.0
47, 1, 12, 0, 0, 0.0
47, 1, 13, 0, 0, 0.0
47, 1, 14, 0, 0, 0.0
47, 1, 15, 0, 0, 0.0
47, 1, 16, 0, 0, 0.0
47, 1, 17, 0, 0, 0.0
47, 1, 18, 0, 0, 0.0
47, 1, 19, 0, 0, 0.0
47, 1, 20, 0, 0, 0.0
48, 0, 0, 742, 208, -1.6758066578859143e-07
48, 0, 1, 793, 203, -0.00405604625120759
48, 0, 2, 833, 182, -0.007583240978419781
48, 0, 3, 863, 169, -0.011706845834851265
48, 0, 4, 892, 166, -0.014747650362551212
48, 0, 5, 818, 100, -0.005185525398701429
48, 0, 6, 853, 135, -0.014492439106106758
48, 0, 7, 835, 165, -0.019913900643587112
48, 0, 8, 820, 175, -0.02268693968653679
48, 0, 9, 790, 92, -0.007582367397844791
48, 0, 10, 828, 139, -0.017870623618364334
48, 0, 11, 810, 168, -0.021200556308031082
48, 0, 12, 795, 175, -0.022091172635555267
48, 0, 13, 764, 100, -0.010741456411778927
48, 0, 14, 803, 137, -0.02252296730875969
48, 0, 15, 788, 168, -0.022248201072216034
48, 0, 16, 774, 177, -0.01940307393670082
48, 0, 17, 741, 116, -0.014075993560254574
48, 0, 18, 767, 108, -0.02230483666062355
48, 0, 19, 782, 101, -0.022401221096515656
48, 0, 20, 797, 90, -0.02055373601615429
48, 1, 0, 0, 0, 0.0
48, 1, 1, 0, 0, 0.0
48, 1, 2, 0, 0, 0.0
48, 1, 3, 0, 0, 0.0
48, 1, 4, 0, 0, 0.0
48, 1, 5, 0, 0, 0.0
48, 1, 6, 0, 0, 0.0
48, 1, 7, 0, 0, 0.0
48, 1, 8, 0, 0, 0.0
48, 1, 9, 0, 0, 0.0
48, 1, 10, 0, 0, 0.0
48, 1, 11, 0, 0, 0.0
48, 1, 12, 0, 0, 0.0
48, 1, 13, 0, 0, 0.0
48, 1, 14, 0, 0, 0.0
48, 1, 15, 0, 0, 0.0
48, 1, 16, 0, 0, 0.0
48, 1, 17, 0, 0, 0.0
48, 1, 18, 0, 0, 0.0
48, 1, 19, 0, 0, 0.0
48, 1, 20, 0, 0, 0.0
49, 0, 0, 744, 207, -1.6488331766595365e-07
49, 0, 1, 794, 202, -0.005306435748934746
49, 0, 2, 834, 182, -0.009463082998991013
49, 0, 3, 864, 168, -0.01402406208217144
49, 0, 4, 894, 165, -0.017477599903941154
49, 0, 5, 819, 100, -0.006187895778566599
49, 0, 6, 853, 136, -0.015484468080103397
49, 0, 7, 835, 165, -0.020856810733675957
49, 0, 8, 820, 175, -0.023642880842089653
49, 0, 9, 791, 93, -0.008053059689700603
49, 0, 10, 829, 139, -0.018423475325107574
49, 0, 11, 811, 168, -0.021694600582122803
49, 0, 12, 795, 176, -0.022518819198012352
49, 0, 13, 766, 100, -0.010776626877486706
49, 0, 14, 803, 137, -0.022705838084220886
49, 0, 15, 788, 168, -0.022633453831076622
49, 0, 16, 774, 177, -0.01985408179461956
49, 0, 17, 743, 116, -0.013783126138150692
49, 0, 18, 768, 108, -0.022123806178569794
49, 0, 19, 782, 101, -0.02236759662628174
49, 0, 20, 797, 91, -0.020582420751452446
49, 1, 0, 0, 0, 0.0
49, 1, 1, 0, 0, 0.0
49, 1, 2, 0, 0, 0.0
49, 1, 3, 0, 0, 0.0
49, 1, 4, 0, 0, 0.0
49, 1, 5, 0, 0, 0.0
49, 1, 6, 0, 0, 0.0
49, 1, 7, 0, 0, 0.0
49, 1, 8, 0, 0, 0.0
49, 1, 9, 0, 0, 0.0
49, 1, 10, 0, 0, 0.0
49, 1, 11, 0, 0, 0.0
49, 1, 12, 0, 0, 0.0
49, 1, 13, 0, 0, 0.0
49, 1, 14, 0, 0, 0.0
49, 1, 15, 0, 0, 0.0
49, 1, 16, 0, 0, 0.0
49, 1, 17, 0, 0, 0.0
49, 1, 18, 0, 0, 0.0
49, 1, 19, 0, 0, 0.0
49, 1, 20, 0, 0, 0.0
50, 0, 0, 744, 208, -1.6539969749373995e-07
50, 0, 1, 795, 203, -0.004529798403382301
50, 0, 2, 835, 182, -0.008312051184475422
50, 0, 3, 864, 168, -0.012606444768607616
50, 0, 4, 894, 164, -0.015779931098222733
50, 0, 5, 817, 101, -0.005780101753771305
50, 0, 6, 854, 136, -0.014802706427872181
50, 0, 7, 836, 165, -0.0199274905025959
50, 0, 8, 821, 175, -0.022585388273000717
50, 0, 9, 790, 94, -0.007951481267809868
50, 0, 10, 830, 139, -0.01822243072092533
50, 0, 11, 812, 168, -0.021451644599437714
50, 0, 12, 797, 176, -0.02223888598382473
50, 0, 13, 765, 100, -0.010885912925004959
50, 0, 14, 805, 137, -0.022505691275000572
50, 0, 15, 790, 168, -0.022332895547151566
50, 0, 16, 776, 177, -0.01955086924135685
50, 0, 17, 743, 116, -0.014059595763683319
50, 0, 18, 770, 108, -0.02221340499818325
50, 0, 19, 786, 101, -0.022455871105194092
50, 0, 20, 801, 90, -0.02072724513709545
50, 1, 0, 0, 0, 0.0
50, 1, 1, 0, 0, 0.0
50, 1, 2, 0, 0, 0.0
50, 1, 3, 0, 0, 0.0
50, 1, 4, 0, 0, 0.0
50, 1, 5, 0, 0, 0.0
50, 1, 6, 0, 0, 0.0
50, 1, 7, 0, 0, 0.0
50, 1, 8, 0, 0, 0.0
50, 1, 9, 0, 0, 0.0
50, 1, 10, 0, 0, 0.0
50, 1, 11, 0, 0, 0.0
50, 1, 12, 0, 0, 0.0
50, 1, 13, 0, 0, 0.0
50, 1, 14, 0, 0, 0.0
50, 1, 15, 0, 0, 0.0
50, 1, 16, 0, 0, 0.0
50, 1, 17, 0, 0, 0.0
50, 1, 18, 0, 0, 0.0
50, 1, 19, 0, 0, 0.0
50, 1, 20, 0, 0, 0.0
51, 0, 0, 744, 207, -1.7105935512518045e-07
51, 0, 1, 795, 203, -0.004294917918741703
51, 0, 2, 835, 182, -0.00771665945649147
51, 0, 3, 865, 168, -0.011725269258022308
51, 0, 4, 894, 165, -0.014663339592516422
51, 0, 5, 819, 101, -0.00496288388967514
51, 0, 6, 854, 136, -0.013780903071165085
51, 0, 7, 836, 165, -0.01881774701178074
51, 0, 8, 821, 175, -0.02141953445971012
51, 0, 9, 792, 94, -0.007214501965790987
51, 0, 10, 830, 139, -0.017312228679656982
51, 0, 11, 812, 168, -0.02062646672129631
51, 0, 12, 796, 176, -0.02149175852537155
51, 0, 13, 767, 101, -0.010235611349344254
51, 0, 14, 805, 138, -0.02195727825164795
51, 0, 15, 790, 168, -0.021860500797629356
51, 0, 16, 775, 178, -0.01907852105796337
51, 0, 17, 744, 116, -0.013462706468999386
51, 0, 18, 770, 107, -0.021748011931777
51, 0, 19, 786, 100, -0.021956417709589005
51, 0, 20, 802, 90, -0.020139800384640694
51, 1, 0, 0, 0, 0.0
51, 1, 1, 0, 0, 0.0
51, 1, 2, 0, 0, 0.0
51, 1, 3, 0, 0, 0.0
51, 1, 4, 0, 0, 0.0
51, 1, 5, 0, 0, 0.0
51, 1, 6, 0, 0, 0.0
51, 1, 7, 0, 0, 0.0
51, 1, 8, 0, 0, 0.0
51, 1, 9, 0, 0, 0.0
51, 1, 10, 0, 0, 0.0
51, 1, 11, 0, 0, 0.0
51, 1, 12, 0, 0, 0.0
51, 1, 13, 0, 0, 0.0
51, 1, 14, 0, 0, 0.0
51, 1, 15, 0, 0, 0.0
51, 1, 16, 0, 0, 0.0
51, 1, 17, 0, 0, 0.0
51, 1, 18, 0, 0, 0.0
51, 1, 19, 0, 0, 0.0
51, 1, 20, 0, 0, 0.0
52, 0, 0, 742, 205, -1.6994188456465054e-07
52, 0, 1, 792, 202, -0.004408699925988913
52, 0, 2, 832, 182, -0.007670697756111622
52, 0, 3, 862, 168, -0.011586612090468407
52, 0, 4, 892, 166, -0.014356245286762714
52, 0, 5, 817, 100, -0.0036117068957537413
52, 0, 6, 851, 132, -0.012407016940414906
52, 0, 7, 835, 161, -0.01734834536910057
52, 0, 8, 821, 170, -0.019706759601831436
52, 0, 9, 792, 93, -0.005750494077801704
52, 0, 10, 827, 136, -0.01584402285516262
52, 0, 11, 809, 166, -0.019181514158844948
52, 0, 12, 794, 173, -0.019838031381368637
52, 0, 13, 767, 100, -0.00879743043333292
52, 0, 14, 802, 134, -0.02085999771952629
52, 0, 15, 788, 166, -0.020849792286753654
52, 0, 16, 774, 176, -0.017819851636886597
52, 0, 17, 745, 114, -0.012022535316646099
52, 0, 18, 768, 102, -0.020325185731053352
52, 0, 19, 782, 95, -0.020532194525003433
52, 0, 20, 798, 84, -0.0185798779129982
52, 1, 0, 0, 0, 0.0
52, 1, 1, 0, 0, 0.0
52, 1, 2, 0, 0, 0.0
52, 1, 3, 0, 0, 0.0
52, 1, 4, 0, 0, 0.0
52, 1, 5, 0, 0, 0.0
52, 1, 6, 0, 0, 0.0
52, 1, 7, 0, 0, 0.0
52, 1, 8, 0, 0, 0.0
52, 1, 9, 0, 0, 0.0
52, 1, 10, 0, 0, 0.0
52, 1, 11, 0, 0, 0.0
52, 1, 12, 0, 0, 0.0
52, 1, 13, 0, 0, 0.0
52, 1, 14, 0, 0, 0.0
52, 1, 15, 0, 0, 0.0
52, 1, 16, 0, 0, 0.0
52, 1, 17, 0, 0, 0.0
52, 1, 18, 0, 0, 0.0
52, 1, 19, 0, 0, 0.0
52, 1, 20, 0, 0, 0.0
53, 0, 0, 744, 206, -1.7132275331732671e-07
53, 0, 1, 793, 202, -0.004407230764627457
53, 0, 2, 833, 181, -0.007779357489198446
53, 0, 3, 862, 168, -0.01173095591366291
53, 0, 4, 891, 165, -0.014483357779681683
53, 0, 5, 818, 100, -0.004171681124716997
53, 0, 6, 851, 133, -0.01294059120118618
53, 0, 7, 834, 162, -0.0177035853266716
53, 0, 8, 820, 171, -0.019974032416939735
53, 0, 9, 792, 93, -0.006337260827422142
53, 0, 10, 828, 137, -0.016374189406633377
53, 0, 11, 810, 167, -0.01941732130944729
53, 0, 12, 795, 173, -0.01992606371641159
53, 0, 13, 767, 100, -0.00939123798161745
53, 0, 14, 803, 134, -0.02134520560503006
53, 0, 15, 788, 167, -0.021141165867447853
53, 0, 16, 775, 176, -0.01809699647128582
53, 0, 17, 745, 115, -0.012629297561943531
53, 0, 18, 768, 103, -0.020887630060315132
53, 0, 19, 782, 95, -0.021084511652588844
53, 0, 20, 797, 84, -0.01920965127646923
53, 1, 0, 0, 0, 0.0
53, 1, 1, 0, 0, 0.0
53, 1, 2, 0, 0, 0.0
53, 1, 3, 0, 0, 0.0
53, 1, 4, 0, 0, 0.0
53, 1, 5, 0, 0, 0.0
53, 1, 6, 0, 0, 0.0
53, 1, 7, 0, 0, 0.0
53, 1, 8, 0, 0, 0.0
53, 1, 9, 0, 0, 0.0
53, 1, 10, 0, 0, 0.0
53, 1, 11, 0, 0, 0.0
53, 1, 12, 0, 0, 0.0
53, 1, 13, 0, 0, 0.0
53, 1, 14, 0, 0, 0.0
53, 1, 15, 0, 0, 0.0
53, 1, 16, 0, 0, 0.0
53, 1, 17, 0, 0, 0.0
53, 1, 18, 0, 0, 0.0
53, 1, 19, 0, 0, 0.0
53, 1, 20, 0, 0, 0.0
54, 0, 0, 742, 206, -1.7042576416770316e-07
54, 0, 1, 791, 202, -0.003829951398074627
54, 0, 2, 830, 180, -0.006968193221837282
54, 0, 3, 861, 166, -0.010874118655920029
54, 0, 4, 890, 164, -0.01363853458315134
54, 0, 5, 814, 98, -0.0038062992971390486
54, 0, 6, 851, 128, -0.012686545960605145
54, 0, 7, 835, 157, -0.0172409825026989
54, 0, 8, 820, 168, -0.019215162843465805
54, 0, 9, 789, 91, -0.006287184078246355
54, 0, 10, 827, 132, -0.016596203669905663
54, 0, 11, 810, 164, -0.019421420991420746
54, 0, 12, 794, 171, -0.01953856088221073
54, 0, 13, 764, 98, -0.009637200273573399
54, 0, 14, 802, 130, -0.02175534889101982
54, 0, 15, 788, 164, -0.021256497129797935
54, 0, 16, 774, 175, -0.017802266404032707
54, 0, 17, 743, 114, -0.013116254471242428
54, 0, 18, 768, 99, -0.02149570733308792
54, 0, 19, 783, 89, -0.0217154361307621
54, 0, 20, 799, 76, -0.019742481410503387
54, 1, 0, 0, 0, 0.0
54, 1, 1, 0, 0, 0.0
54, 1, 2, 0, 0, 0.0
54, 1, 3, 0, 0, 0.0
54, 1, 4, 0, 0, 0.0
54, 1, 5, 0, 0, 0.0
54, 1, 6, 0, 0, 0.0
54, 1, 7, 0, 0, 0.0
54, 1, 8, 0, 0, 0.0
54, 1, 9, 0, 0, 0.0
54, 1, 10, 0, 0, 0.0
54, 1, 11, 0, 0, 0.0
54, 1, 12, 0, 0, 0.0
54, 1, 13, 0, 0, 0.0
54, 1, 14, 0, 0, 0.0
54, 1, 15, 0, 0, 0.0
54, 1, 16, 0, 0, 0.0
54, 1, 17, 0, 0, 0.0
54, 1, 18, 0, 0, 0.0
54, 1, 19, 0, 0, 0.0
54, 1, 20, 0, 0, 0.0
55, 0, 0, 742, 206, -1.69350769851917e-07
55, 0, 1, 792, 203, -0.004250575788319111
55, 0, 2, 831, 181, -0.007704601623117924
55, 0, 3, 861, 166, -0.011871520429849625
55, 0, 4, 890, 164, -0.014877277426421642
55, 0, 5, 814, 98, -0.004144039936363697
55, 0, 6, 851, 128, -0.013091333210468292
55, 0, 7, 835, 158, -0.01769271120429039
55, 0, 8, 820, 168, -0.019772889092564583
55, 0, 9, 788, 91, -0.006595236249268055
55, 0, 10, 828, 132, -0.017126822844147682
55, 0, 11, 811, 164, -0.02012103796005249
55, 0, 12, 795, 171, -0.02033352479338646
55, 0, 13, 764, 98, -0.009939485229551792
55, 0, 14, 802, 131, -0.02231680415570736
55, 0, 15, 788, 164, -0.022039808332920074
55, 0, 16, 774, 174, -0.018674980849027634
55, 0, 17, 743, 114, -0.013442537747323513
55, 0, 18, 767, 100, -0.021897101774811745
55, 0, 19, 783, 90, -0.022118953987956047
55, 0, 20, 798, 77, -0.020129745826125145
55, 1, 0, 0, 0, 0.0
55, 1, 1, 0, 0, 0.0
55, 1, 2, 0, 0, 0.0
55, 1, 3, 0, 0, 0.0
55, 1, 4, 0, 0, 0.0
55, 1, 5, 0, 0, 0.0
55, 1, 6, 0, 0, 0.0
55, 1, 7, 0, 0, 0.0
55, 1, 8, 0, 0, 0.0
55, 1, 9, 0, 0, 0.0
55, 1, 10, 0, 0, 0.0
55, 1, 11, 0, 0, 0.0
55, 1, 12, 0, 0, 0.0
55, 1, 13, 0, 0, 0.0
55, 1, 14, 0, 0, 0.0
55, 1, 15, 0, 0, 0.0
55, 1, 16, 0, 0, 0.0
55, 1, 17, 0, 0, 0.0
55, 1, 18, 0, 0, 0.0
55, 1, 19, 0, 0, 0.0
55, 1, 20, 0, 0, 0.0
56, 0, 0, 739, 214, -1.6636413135984185e-07
56, 0, 1, 788, 210, -0.003913406748324633
56, 0, 2, 830, 182, -0.007226352579891682
56, 0, 3, 860, 165, -0.011218361556529999
56, 0, 4, 889, 164, -0.013899051584303379
56, 0, 5, 806, 102, -0.005467121955007315
56, 0, 6, 848, 122, -0.014429908245801926
56, 0, 7, 835, 156, -0.018011562526226044
56, 0, 8, 820, 171, -0.018988611176609993
56, 0, 9, 780, 96, -0.00803096778690815
56, 0, 10, 827, 124, -0.019456658512353897
56, 0, 11, 813, 162, -0.02158445119857788
56, 0, 12, 797, 175, -0.02041197195649147
56, 0, 13, 756, 104, -0.011363563127815723
56, 0, 14, 802, 126, -0.023326756432652473
56, 0, 15, 792, 165, -0.0214835312217474
56, 0, 16, 779, 181, -0.01667833887040615
56, 0, 17, 736, 120, -0.014873780310153961
56, 0, 18, 761, 99, -0.02233189530670643
56, 0, 19, 777, 84, -0.021938124671578407
56, 0, 20, 792, 68, -0.019528595730662346
56, 1, 0, 0, 0, 0.0
56, 1, 1, 0, 0, 0.0
56, 1, 2, 0, 0, 0.0
56, 1, 3, 0, 0, 0.0
56, 1, 4, 0, 0, 0.0
56, 1, 5, 0, 0, 0.0
56, 1, 6, 0, 0, 0.0
56, 1, 7, 0, 0, 0.0
56, 1, 8, 0, 0, 0.0
56, 1, 9, 0, 0, 0.0
56, 1, 10, 0, 0, 0.0
56, 1, 11, 0, 0, 0.0
56, 1, 12, 0, 0, 0.0
56, 1, 13, 0, 0, 0.0
56, 1, 14, 0, 0, 0.0
56, 1, 15, 0, 0, 0.0
56, 1, 16, 0, 0, 0.0
56, 1, 17, 0, 0, 0.0
56, 1, 18, 0, 0, 0.0
56, 1, 19, 0, 0, 0.0
56, 1, 20, 0, 0, 0.0
57, 0, 0, 740, 214, -1.6935473468038253e-07
57, 0, 1, 790, 209, -0.0037775153759866953
57, 0, 2, 831, 182, -0.0071827080100774765
57, 0, 3, 860, 166, -0.011419233866035938
57, 0, 4, 888, 163, -0.014363666996359825
57, 0, 5, 806, 104, -0.005295278038829565
57, 0, 6, 848, 123, -0.014440049417316914
57, 0, 7, 833, 157, -0.018338557332754135
57, 0, 8, 819, 171, -0.019681112840771675
57, 0, 9, 780, 99, -0.008033877238631248
57, 0, 10, 826, 125, -0.019411152228713036
57, 0, 11, 811, 163, -0.021413670852780342
57, 0, 12, 796, 175, -0.02031293325126171
57, 0, 13, 756, 107, -0.011600764468312263
57, 0, 14, 801, 126, -0.023652788251638412
57, 0, 15, 791, 163, -0.02192945033311844
57, 0, 16, 778, 178, -0.017288152128458023
57, 0, 17, 737, 121, -0.015336194075644016
57, 0, 18, 762, 100, -0.022611798718571663
57, 0, 19, 778, 86, -0.022017702460289
57, 0, 20, 792, 70, -0.019549356773495674
57, 1, 0, 0, 0, 0.0
57, 1, 1, 0, 0, 0.0
57, 1, 2, 0, 0, 0.0
57, 1, 3, 0, 0, 0.0
57, 1, 4, 0, 0, 0.0
57, 1, 5, 0, 0, 0.0
57, 1, 6, 0, 0, 0.0
57, 1, 7, 0, 0, 0.0
57, 1, 8, 0, 0, 0.0
57, 1, 9, 0, 0, 0.0
57, 1, 10, 0, 0, 0.0
57, 1, 11, 0, 0, 0.0
57, 1, 12, 0, 0, 0.0
57, 1, 13, 0, 0, 0.0
57, 1, 14, 0, 0, 0.0
57, 1, 15, 0, 0, 0.0
57, 1, 16, 0, 0, 0.0
57, 1, 17, 0, 0, 0.0
57, 1, 18, 0, 0, 0.0
57, 1, 19, 0, 0, 0.0
57, 1, 20, 0, 0, 0.0
58, 0, 0, 736, 236, -1.334431800614766e-07
58, 0, 1, 778, 227, -0.0031371712684631348
58, 0, 2, 818, 195, -0.006125323940068483
58, 0, 3, 844, 174, -0.010411671362817287
58, 0, 4, 868, 165, -0.013402068987488747
58, 0, 5, 803, 126, -0.0014755444135516882
58, 0, 6, 842, 127, -0.01128167100250721
58, 0, 7, 839, 163, -0.01595296338200569
58, 0, 8, 833, 185, -0.016856873407959938
58, 0, 9, 778, 120, -0.0046444181352853775
58, 0, 10, 822, 127, -0.01627492345869541
58, 0, 11, 820, 169, -0.019115343689918518
58, 0, 12, 813, 193, -0.017675301060080528
58, 0, 13, 753, 126, -0.0090365931391716
58, 0, 14, 797, 133, -0.021066825836896896
58, 0, 15, 802, 173, -0.020541086792945862
58, 0, 16, 800, 198, -0.015989501029253006
58, 0, 17, 732, 140, -0.013544447720050812
58, 0, 18, 758, 117, -0.019690409302711487
58, 0, 19, 779, 104, -0.019282756373286247
58, 0, 20, 798, 93, -0.016884461045265198
58, 1, 0, 0, 0, 0.0
58, 1, 1, 0, 0, 0.0
58, 1, 2, 0, 0, 0.0
58, 1, 3, 0, 0, 0.0
58, 1, 4, 0, 0, 0.0
58, 1, 5, 0, 0, 0.0
58, 1, 6, 0, 0, 0.0
58, 1, 7, 0, 0, 0.0
58, 1, 8, 0, 0, 0.0
58, 1, 9, 0, 0, 0.0
58, 1, 10, 0, 0, 0.0
58, 1, 11, 0, 0, 0.0
58, 1, 12, 0, 0, 0.0
58, 1, 13, 0, 0, 0.0
58, 1, 14, 0, 0, 0.0
58, 1, 15, 0, 0, 0.0
58, 1, 16, 0, 0, 0.0
58, 1, 17, 0, 0, 0.0
58, 1, 18, 0, 0, 0.0
58, 1, 19, 0, 0, 0.0
58, 1, 20, 0, 0, 0.0
59, 0, 0, 734, 237, -1.2413352123985533e-07
59, 0, 1, 779, 228, -0.002660079626366496
59, 0, 2, 818, 197, -0.005513662006705999
59, 0, 3, 844, 177, -0.009895365685224533
59, 0, 4, 867, 165, -0.013063548132777214
59, 0, 5, 805, 125, -0.0012939726002514362
59, 0, 6, 843, 125, -0.010934419929981232
59, 0, 7, 840, 160, -0.015702921897172928
59, 0, 8, 833, 183, -0.016770537942647934
59, 0, 9, 779, 120, -0.004706528503447771
59, 0, 10, 821, 128, -0.01617881841957569
59, 0, 11, 821, 168, -0.019185734912753105
59, 0, 12, 815, 193, -0.018040576949715614
59, 0, 13, 754, 127, -0.009283098392188549
59, 0, 14, 796, 133, -0.020740002393722534
59, 0, 15, 802, 172, -0.019891392439603806
59, 0, 16, 800, 196, -0.015424113720655441
59, 0, 17, 732, 142, -0.014029947109520435
59, 0, 18, 759, 117, -0.019842740148305893
59, 0, 19, 778, 105, -0.01914121024310589
59, 0, 20, 798, 93, -0.016616592183709145
59, 1, 0, 0, 0, 0.0
59, 1, 1, 0, 0, 0.0
59, 1, 2, 0, 0, 0.0
59, 1, 3, 0, 0, 0.0
59, 1, 4, 0, 0, 0.0
59, 1, 5, 0, 0, 0.0
59, 1, 6, 0, 0, 0.0
59, 1, 7, 0, 0, 0.0
59, 1, 8, 0, 0, 0.0
59, 1, 9, 0, 0, 0.0
59, 1, 10, 0, 0, 0.0
59, 1, 11, 0, 0, 0.0
59, 1, 12, 0, 0, 0.0
59, 1, 13, 0, 0, 0.0
59, 1, 14, 0, 0, 0.0
59, 1, 15, 0, 0, 0.0
59, 1, 16, 0, 0, 0.0
59, 1, 17, 0, 0, 0.0
59, 1, 18, 0, 0, 0.0
59, 1, 19, 0, 0, 0.0
59, 1, 20, 0, 0, 0.0
60, 0, 0, 722, 272, -4.405225695336412e-08
60, 0, 1, 763, 267, -0.003046601079404354
60, 0, 2, 801, 229, -0.005773297511041164
60, 0, 3, 827, 206, -0.009722994640469551
60, 0, 4, 848, 195, -0.013144953176379204
60, 0, 5, 786, 171, -0.0034798146225512028
60, 0, 6, 833, 158, -0.014618422836065292
60, 0, 7, 853, 185, -0.02160153165459633
60, 0, 8, 861, 210, -0.02463776059448719
60, 0, 9, 766, 167, -0.007271219976246357
60, 0, 10, 820, 159, -0.02121521346271038
60, 0, 11, 843, 194, -0.0278395414352417
60, 0, 12, 854, 222, -0.02930247224867344
60, 0, 13, 747, 172, -0.012200331315398216
60, 0, 14, 799, 164, -0.024796761572360992
60, 0, 15, 827, 194, -0.02864544279873371
60, 0, 16, 842, 219, -0.02804187871515751
60, 0, 17, 729, 185, -0.017376499250531197
60, 0, 18, 763, 171, -0.026156704872846603
60, 0, 19, 789, 165, -0.029984405264258385
60, 0, 20, 811, 161, -0.031139761209487915
60, 1, 0, 0, 0, 0.0
60, 1, 1, 0, 0, 0.0
60, 1, 2, 0, 0, 0.0
60, 1, 3, 0, 0, 0.0
60, 1, 4, 0, 0, 0.0
60, 1, 5, 0, 0, 0.0
60, 1, 6, 0, 0, 0.0
60, 1, 7, 0, 0, 0.0
60, 1, 8, 0, 0, 0.0
60, 1, 9, 0, 0, 0.0
60, 1, 10, 0, 0, 0.0
60, 1, 11, 0, 0, 0.0
60, 1, 12, 0, 0, 0.0
60, 1, 13, 0, 0, 0.0
60, 1, 14, 0, 0, 0.0
60, 1, 15, 0, 0, 0.0
60, 1, 16, 0, 0, 0.0
60, 1, 17, 0, 0, 0.0
60, 1, 18, 0, 0, 0.0
60, 1, 19, 0, 0, 0.0
60, 1, 20, 0, 0, 0.0
61, 0, 0, 720, 280, 4.611130144382969e-09
61, 0, 1, 765, 268, -0.0016716084210202098
61, 0, 2, 803, 230, -0.004067552741616964
61, 0, 3, 830, 205, -0.008202902041375637
61, 0, 4, 851, 193, -0.012015648186206818
61, 0, 5, 786, 170, -0.0008181954617612064
61, 0, 6, 832, 159, -0.012503036297857761
61, 0, 7, 853, 186, -0.020726284012198448
61, 0, 8, 862, 211, -0.0245511457324028
61, 0, 9, 767, 168, -0.005482977721840143
61, 0, 10, 820, 159, -0.019805893301963806
61, 0, 11, 843, 194, -0.027437394484877586
61, 0, 12, 853, 222, -0.02941814810037613
61, 0, 13, 747, 174, -0.011302619241178036
61, 0, 14, 799, 166, -0.02375490590929985
61, 0, 15, 826, 196, -0.027642229571938515
61, 0, 16, 840, 220, -0.026926308870315552
61, 0, 17, 729, 188, -0.01734832488000393
61, 0, 18, 762, 171, -0.02538788504898548
61, 0, 19, 787, 165, -0.02861882373690605
61, 0, 20, 809, 160, -0.029274623841047287
61, 1, 0, 0, 0, 0.0
61, 1, 1, 0, 0, 0.0
61, 1, 2, 0, 0, 0.0
61, 1, 3, 0, 0, 0.0
61, 1, 4, 0, 0, 0.0
61, 1, 5, 0, 0, 0.0
61, 1, 6, 0, 0, 0.0
61, 1, 7, 0, 0, 0.0
61, 1, 8, 0, 0, 0.0
61, 1, 9, 0, 0, 0.0
61, 1, 10, 0, 0, 0.0
61, 1, 11, 0, 0, 0.0
61, 1, 12, 0, 0, 0.0
61, 1, 13, 0, 0, 0.0
61, 1, 14, 0, 0, 0.0
61, 1, 15, 0, 0, 0.0
61, 1, 16, 0, 0, 0.0
61, 1, 17, 0, 0, 0.0
61, 1, 18, 0, 0, 0.0
61, 1, 19, 0, 0, 0.0
61, 1, 20, 0, 0, 0.0
62, 0, 0, 716, 334, -1.3719388292088297e-08
62, 0, 1, 773, 317, 0.0001456036261515692
62, 0, 2, 806, 291, -0.0041078138165175915
62, 0, 3, 832, 273, -0.009720967151224613
62, 0, 4, 851, 260, -0.015658613294363022
62, 0, 5, 780, 227, -0.009131711907684803
62, 0, 6, 840, 237, -0.02130967378616333
62, 0, 7, 867, 265, -0.02913406863808632
62, 0, 8, 880, 290, -0.03325424715876579
62, 0, 9, 760, 233, -0.015198458917438984
62, 0, 10, 834, 242, -0.027449635788798332
62, 0, 11, 863, 273, -0.03243563696742058
62, 0, 12, 879, 299, -0.034441810101270676
62, 0, 13, 743, 254, -0.021613752469420433
62, 0, 14, 810, 258, -0.03316006809473038
62, 0, 15, 842, 279, -0.036593224853277206
62, 0, 16, 863, 298, -0.03723881393671036
62, 0, 17, 731, 282, -0.027805311605334282
62, 0, 18, 773, 280, -0.03634653612971306
62, 0, 19, 801, 282, -0.03904350474476814
62, 0, 20, 826, 286, -0.040002916008234024
62, 1, 0, 0, 0, 0.0
62, 1, 1, 0, 0, 0.0
62, 1, 2, 0, 0, 0.0
62, 1, 3, 0, 0, 0.0
62, 1, 4, 0, 0, 0.0
62, 1, 5, 0, 0, 0.0
62, 1, 6, 0, 0, 0.0
62, 1, 7, 0, 0, 0.0
62, 1, 8, 0, 0, 0.0
62, 1, 9, 0, 0, 0.0
62, 1, 10, 0, 0, 0.0
62, 1, 11, 0, 0, 0.0
62, 1, 12, 0, 0, 0.0
62, 1, 13, 0, 0, 0.0
62, 1, 14, 0, 0, 0.0
62, 1, 15, 0, 0, 0.0
62, 1, 16, 0, 0, 0.0
62, 1, 17, 0, 0, 0.0
62, 1, 18, 0, 0, 0.0
62, 1, 19, 0, 0, 0.0
62, 1, 20, 0, 0, 0.0
63, 0, 0, 704, 356, 1.0013396689600995e-07
63, 0, 1, 765, 341, 0.002150688786059618
63, 0, 2, 797, 309, -2.5719813493196853e-05
63, 0, 3, 819, 290, -0.003861855249851942
63, 0, 4, 839, 279, -0.007971731014549732
63, 0, 5, 772, 242, -0.0031170956790447235
63, 0, 6, 829, 247, -0.01404543872922659
63, 0, 7, 859, 269, -0.022742627188563347
63, 0, 8, 875, 292, -0.027965642511844635
63, 0, 9, 755, 246, -0.009775022976100445
63, 0, 10, 823, 252, -0.02126658707857132
63, 0, 11, 858, 275, -0.02799099311232567
63, 0, 12, 877, 297, -0.031200135126709938
63, 0, 13, 741, 264, -0.01677105203270912
63, 0, 14, 805, 265, -0.027242450043559074
63, 0, 15, 841, 280, -0.031339630484580994
63, 0, 16, 863, 294, -0.0324733629822731
63, 0, 17, 732, 290, -0.023555241525173187
63, 0, 18, 776, 285, -0.0316946916282177
63, 0, 19, 804, 286, -0.03436790779232979
63, 0, 20, 825, 288, -0.035063691437244415
63, 1, 0, 0, 0, 0.0
63, 1, 1, 0, 0, 0.0
63, 1, 2, 0, 0, 0.0
63, 1, 3, 0, 0, 0.0
63, 1, 4, 0, 0, 0.0
63, 1, 5, 0, 0, 0.0
63, 1, 6, 0, 0, 0.0
63, 1, 7, 0, 0, 0.0
63, 1, 8, 0, 0, 0.0
63, 1, 9, 0, 0, 0.0
63, 1, 10, 0, 0, 0.0
63, 1, 11, 0, 0, 0.0
63, 1, 12, 0, 0, 0.0
63, 1, 13, 0, 0, 0.0
63, 1, 14, 0, 0, 0.0
63, 1, 15, 0, 0, 0.0
63, 1, 16, 0, 0, 0.0
63, 1, 17, 0, 0, 0.0
63, 1, 18, 0, 0, 0.0
63, 1, 19, 0, 0, 0.0
63, 1, 20, 0, 0, 0.0
64, 0, 0, 708, 456, 2.4785890673229005e-07
64, 0, 1, 738, 429, -9.534732816973701e-05
64, 0, 2, 790, 406, -0.005647985730320215
64, 0, 3, 834, 399, -0.011846563778817654
64, 0, 4, 865, 393, -0.018081963062286377
64, 0, 5, 787, 374, -0.01910390891134739
64, 0, 6, 856, 389, -0.03320368006825447
64, 0, 7, 886, 419, -0.040423497557640076
64, 0, 8, 899, 443, -0.04341510683298111
64, 0, 9, 772, 388, -0.025284115225076675
64, 0, 10, 846, 405, -0.038675032556056976
64, 0, 11, 881, 438, -0.04205106198787689
64, 0, 12, 898, 463, -0.042765211313962936
64, 0, 13, 760, 415, -0.031154975295066833
64, 0, 14, 830, 432, -0.04174487292766571
64, 0, 15, 866, 460, -0.0420939102768898
64, 0, 16, 886, 480, -0.040632203221321106
64, 0, 17, 750, 448, -0.03685087710618973
64, 0, 18, 804, 463, -0.04362121969461441
64, 0, 19, 837, 478, -0.043767280876636505
64, 0, 20, 859, 490, -0.042650021612644196
64, 1, 0, 0, 0, 0.0
64, 1, 1, 0, 0, 0.0
64, 1, 2, 0, 0, 0.0
64, 1, 3, 0, 0, 0.0
64, 1, 4, 0, 0, 0.0
64, 1, 5, 0, 0, 0.0
64, 1, 6, 0, 0, 0.0
64, 1, 7, 0, 0, 0.0
64, 1, 8, 0, 0, 0.0
64, 1, 9, 0, 0, 0.0
64, 1, 10, 0, 0, 0.0
64, 1, 11, 0, 0, 0.0
64, 1, 12, 0, 0, 0.0
64, 1, 13, 0, 0, 0.0
64, 1, 14, 0, 0, 0.0
64, 1, 15, 0, 0, 0.0
64, 1, 16, 0, 0, 0.0
64, 1, 17, 0, 0, 0.0
64, 1, 18, 0, 0, 0.0
64, 1, 19, 0, 0, 0.0
64, 1, 20, 0, 0, 0.0
65, 0, 0, 701, 468, 2.0473970607781666e-07
65, 0, 1, 739, 442, 0.0006670400034636259
65, 0, 2, 793, 416, -0.004686776082962751
65, 0, 3, 838, 405, -0.010883298702538013
65, 0, 4, 869, 394, -0.017151691019535065
65, 0, 5, 788, 376, -0.01796809211373329
65, 0, 6, 858, 388, -0.03268078714609146
65, 0, 7, 887, 420, -0.04059584066271782
65, 0, 8, 901, 445, -0.0442446805536747
65, 0, 9, 772, 389, -0.02486443892121315
65, 0, 10, 847, 406, -0.0391634963452816
65, 0, 11, 880, 440, -0.04361577332019806
65, 0, 12, 896, 466, -0.04527140036225319
65, 0, 13, 757, 415, -0.03144782781600952
65, 0, 14, 827, 433, -0.043208640068769455
65, 0, 15, 862, 461, -0.04453003779053688
65, 0, 16, 882, 482, -0.043738048523664474
65, 0, 17, 747, 447, -0.03773646056652069
65, 0, 18, 803, 462, -0.04496527463197708
65, 0, 19, 834, 477, -0.04540317505598068
65, 0, 20, 855, 490, -0.04460962861776352
65, 1, 0, 0, 0, 0.0
65, 1, 1, 0, 0, 0.0
65, 1, 2, 0, 0, 0.0
65, 1, 3, 0, 0, 0.0
65, 1, 4, 0, 0, 0.0
65, 1, 5, 0, 0, 0.0
65, 1, 6, 0, 0, 0.0
65, 1, 7, 0, 0, 0.0
65, 1, 8, 0, 0, 0.0
65, 1, 9, 0, 0, 0.0
65, 1, 10, 0, 0, 0.0
65, 1, 11, 0, 0, 0.0
65, 1, 12, 0, 0, 0.0
65, 1, 13, 0, 0, 0.0
65, 1, 14, 0, 0, 0.0
65, 1, 15, 0, 0, 0.0
65, 1, 16, 0, 0, 0.0
65, 1, 17, 0, 0, 0.0
65, 1, 18, 0, 0, 0.0
65, 1, 19, 0, 0, 0.0
65, 1, 20, 0, 0, 0.0
66, 0, 0, 706, 636, 1.9596281219946832e-07
66, 0, 1, 747, 603, -0.000163492004503496
66, 0, 2, 811, 593, -0.003448084695264697
66, 0, 3, 864, 594, -0.006522349547594786
66, 0, 4, 902, 582, -0.00946027971804142
66, 0, 5, 822, 582, -0.015742896124720573
66, 0, 6, 887, 614, -0.023973718285560608
66, 0, 7, 913, 640, -0.026923812925815582
66, 0, 8, 924, 664, -0.027729984372854233
66, 0, 9, 810, 614, -0.020019257441163063
66, 0, 10, 879, 649, -0.02719009853899479
66, 0, 11, 906, 674, -0.02831662818789482
66, 0, 12, 918, 694, -0.02859150432050228
66, 0, 13, 793, 649, -0.02366778813302517
66, 0, 14, 857, 684, -0.02922905422747135
66, 0, 15, 887, 708, -0.029305322095751762
66, 0, 16, 904, 724, -0.029031984508037567
66, 0, 17, 776, 684, -0.026985719799995422
66, 0, 18, 827, 714, -0.030672822147607803
66, 0, 19, 855, 732, -0.03035636432468891
66, 0, 20, 877, 746, -0.029600564390420914
66, 1, 0, 0, 0, 0.0
66, 1, 1, 0, 0, 0.0
66, 1, 2, 0, 0, 0.0
66, 1, 3, 0, 0, 0.0
66, 1, 4, 0, 0, 0.0
66, 1, 5, 0, 0, 0.0
66, 1, 6, 0, 0, 0.0
66, 1, 7, 0, 0, 0.0
66, 1, 8, 0, 0, 0.0
66, 1, 9, 0, 0, 0.0
66, 1, 10, 0, 0, 0.0
66, 1, 11, 0, 0, 0.0
66, 1, 12, 0, 0, 0.0
66, 1, 13, 0, 0, 0.0
66, 1, 14, 0, 0, 0.0
66, 1, 15, 0, 0, 0.0
66, 1, 16, 0, 0, 0.0
66, 1, 17, 0, 0, 0.0
66, 1, 18, 0, 0, 0.0
66, 1, 19, 0, 0, 0.0
66, 1, 20, 0, 0, 0.0
67, 0, 0, 699, 641, 2.095994915407573e-07
67, 0, 1, 742, 604, -1.058028283296153e-05
67, 0, 2, 807, 591, -0.003424205118790269
67, 0, 3, 862, 591, -0.006592429243028164
67, 0, 4, 904, 583, -0.00944804772734642
67, 0, 5, 820, 584, -0.016449008136987686
67, 0, 6, 889, 617, -0.024667929857969284
67, 0, 7, 913, 644, -0.02729235216975212
67, 0, 8, 923, 666, -0.027724511921405792
67, 0, 9, 808, 615, -0.020513437688350677
67, 0, 10, 880, 651, -0.027346137911081314
67, 0, 11, 906, 678, -0.02796858176589012
67, 0, 12, 916, 696, -0.028001144528388977
67, 0, 13, 791, 650, -0.023901131004095078
67, 0, 14, 857, 685, -0.028782255947589874
67, 0, 15, 886, 710, -0.028579605743288994
67, 0, 16, 902, 725, -0.028353190049529076
67, 0, 17, 774, 684, -0.026927370578050613
67, 0, 18, 827, 715, -0.02991287223994732
67, 0, 19, 856, 732, -0.029519669711589813
67, 0, 20, 877, 745, -0.028847945854067802
67, 1, 0, 0, 0, 0.0
67, 1, 1, 0, 0, 0.0
67, 1, 2, 0, 0, 0.0
67, 1, 3, 0, 0, 0.0
67, 1, 4, 0, 0, 0.0
67, 1, 5, 0, 0, 0.0
67, 1, 6, 0, 0, 0.0
67, 1, 7, 0, 0, 0.0
67, 1, 8, 0, 0, 0.0
67, 1, 9, 0, 0, 0.0
67, 1, 10, 0, 0, 0.0
67, 1, 11, 0, 0, 0.0
67, 1, 12, 0, 0, 0.0
67, 1, 13, 0, 0, 0.0
67, 1, 14, 0, 0, 0.0
67, 1, 15, 0, 0, 0.0
67, 1, 16, 0, 0, 0.0
67, 1, 17, 0, 0, 0.0
67, 1, 18, 0, 0, 0.0
67, 1, 19, 0, 0, 0.0
67, 1, 20, 0, 0, 0.0
68, 0, 0, 724, 852, 1.0406107264770981e-07
68, 0, 1, 774, 819, -0.002456284360960126
68, 0, 2, 833, 821, -0.0072181313298642635
68, 0, 3, 884, 837, -0.01073602493852377
68, 0, 4, 927, 841, -0.013740566559135914
68, 0, 5, 840, 863, -0.01919493079185486
68, 0, 6, 901, 905, -0.025040220469236374
68, 0, 7, 926, 923, -0.024456314742565155
68, 0, 8, 934, 928, -0.021952619776129723
68, 0, 9, 819, 899, -0.020629478618502617
68, 0, 10, 886, 943, -0.02454395592212677
68, 0, 11, 914, 955, -0.02205498330295086
68, 0, 12, 927, 954, -0.019134273752570152
68, 0, 13, 797, 929, -0.021203940734267235
68, 0, 14, 858, 972, -0.02369985170662403
68, 0, 15, 888, 983, -0.020825346931815147
68, 0, 16, 905, 983, -0.018161991611123085
68, 0, 17, 776, 951, -0.02145669236779213
68, 0, 18, 821, 991, -0.02362053655087948
68, 0, 19, 848, 1008, -0.021861407905817032
68, 0, 20, 871, 1015, -0.019390864297747612
68, 1, 0, 0, 0, 0.0
68, 1, 1, 0, 0, 0.0
68, 1, 2, 0, 0, 0.0
68, 1, 3, 0, 0, 0.0
68, 1, 4, 0, 0, 0.0
68, 1, 5, 0, 0, 0.0
68, 1, 6, 0, 0, 0.0
68, 1, 7, 0, 0, 0.0
68, 1, 8, 0, 0, 0.0
68, 1, 9, 0, 0, 0.0
68, 1, 10, 0, 0, 0.0
68, 1, 11, 0, 0, 0.0
68, 1, 12, 0, 0, 0.0
68, 1, 13, 0, 0, 0.0
68, 1, 14, 0, 0, 0.0
68, 1, 15, 0, 0, 0.0
68, 1, 16, 0, 0, 0.0
68, 1, 17, 0, 0, 0.0
68, 1, 18, 0, 0, 0.0
68, 1, 19, 0, 0, 0.0
68, 1, 20, 0, 0, 0.0
69, 0, 0, 718, 852, 1.0789594284688064e-07
69, 0, 1, 773, 819, -0.0016773371025919914
69, 0, 2, 834, 821, -0.005838506855070591
69, 0, 3, 885, 835, -0.009042521938681602
69, 0, 4, 928, 839, -0.011766135692596436
69, 0, 5, 842, 865, -0.016854895278811455
69, 0, 6, 904, 907, -0.02237076684832573
69, 0, 7, 928, 925, -0.021624036133289337
69, 0, 8, 938, 931, -0.018955545499920845
69, 0, 9, 820, 900, -0.01839829981327057
69, 0, 10, 888, 944, -0.0224465262144804
69, 0, 11, 914, 956, -0.01940697245299816
69, 0, 12, 926, 957, -0.015856385231018066
69, 0, 13, 797, 929, -0.0192323736846447
69, 0, 14, 861, 973, -0.021749412640929222
69, 0, 15, 889, 984, -0.017812857404351234
69, 0, 16, 904, 985, -0.014091734774410725
69, 0, 17, 775, 951, -0.019738243892788887
69, 0, 18, 824, 990, -0.021220151335000992
69, 0, 19, 850, 1008, -0.01854494959115982
69, 0, 20, 872, 1017, -0.015324381180107594
69, 1, 0, 0, 0, 0.0
69, 1, 1, 0, 0, 0.0
69, 1, 2, 0, 0, 0.0
69, 1, 3, 0, 0, 0.0
69, 1, 4, 0, 0, 0.0
69, 1, 5, 0, 0, 0.0
69, 1, 6, 0, 0, 0.0
69, 1, 7, 0, 0, 0.0
69, 1, 8, 0, 0, 0.0
69, 1, 9, 0, 0, 0.0
69, 1, 10, 0, 0, 0.0
69, 1, 11, 0, 0, 0.0
69, 1, 12, 0, 0, 0.0
69, 1, 13, 0, 0, 0.0
69, 1, 14, 0, 0, 0.0
69, 1, 15, 0, 0, 0.0
69, 1, 16, 0, 0, 0.0
69, 1, 17, 0, 0, 0.0
69, 1, 18, 0, 0, 0.0
69, 1, 19, 0, 0, 0.0
69, 1, 20, 0, 0, 0.0
70, 0, 0, 0, 0, 0.0
70, 0, 1, 0, 0, 0.0
70, 0, 2, 0, 0, 0.0
70, 0, 3, 0, 0, 0.0
70, 0, 4, 0, 0, 0.0
70, 0, 5, 0, 0, 0.0
70, 0, 6, 0, 0, 0.0
70, 0, 7, 0, 0, 0.0
70, 0, 8, 0, 0, 0.0
70, 0, 9, 0, 0, 0.0
70, 0, 10, 0, 0, 0.0
70, 0, 11, 0, 0, 0.0
70, 0, 12, 0, 0, 0.0
70, 0, 13, 0, 0, 0.0
70, 0, 14, 0, 0, 0.0
70, 0, 15, 0, 0, 0.0
70, 0, 16, 0, 0, 0.0
70, 0, 17, 0, 0, 0.0
70, 0, 18, 0, 0, 0.0
70, 0, 19, 0, 0, 0.0
70, 0, 20, 0, 0, 0.0
70, 1, 0, 0, 0, 0.0
70, 1, 1, 0, 0, 0.0
70, 1, 2, 0, 0, 0.0
70, 1, 3, 0, 0, 0.0
70, 1, 4, 0, 0, 0.0
70, 1, 5, 0, 0, 0.0
70, 1, 6, 0, 0, 0.0
70, 1, 7, 0, 0, 0.0
70, 1, 8, 0, 0, 0.0
70, 1, 9, 0, 0, 0.0
70, 1, 10, 0, 0, 0.0
70, 1, 11, 0, 0, 0.0
70, 1, 12, 0, 0, 0.0
70, 1, 13, 0, 0, 0.0
70, 1, 14, 0, 0, 0.0
70, 1, 15, 0, 0, 0.0
70, 1, 16, 0, 0, 0.0
70, 1, 17, 0, 0, 0.0
70, 1, 18, 0, 0, 0.0
70, 1, 19, 0, 0, 0.0
70, 1, 20, 0, 0, 0.0
71, 0, 0, 0, 0, 0.0
71, 0, 1, 0, 0, 0.0
71, 0, 2, 0, 0, 0.0
71, 0, 3, 0, 0, 0.0
71, 0, 4, 0, 0, 0.0
71, 0, 5, 0, 0, 0.0
71, 0, 6, 0, 0, 0.0
71, 0, 7, 0, 0, 0.0
71, 0, 8, 0, 0, 0.0
71, 0, 9, 0, 0, 0.0
71, 0, 10, 0, 0, 0.0
71, 0, 11, 0, 0, 0.0
71, 0, 12, 0, 0, 0.0
71, 0, 13, 0, 0, 0.0
71, 0, 14, 0, 0, 0.0
71, 0, 15, 0, 0, 0.0
71, 0, 16, 0, 0, 0.0
71, 0, 17, 0, 0, 0.0
71, 0, 18, 0, 0, 0.0
71, 0, 19, 0, 0, 0.0
71, 0, 20, 0, 0, 0.0
71, 1, 0, 0, 0, 0.0
71, 1, 1, 0, 0, 0.0
71, 1, 2, 0, 0, 0.0
71, 1, 3, 0, 0, 0.0
71, 1, 4, 0, 0, 0.0
71, 1, 5, 0, 0, 0.0
71, 1, 6, 0, 0, 0.0
71, 1, 7, 0, 0, 0.0
71, 1, 8, 0, 0, 0.0
71, 1, 9, 0, 0, 0.0
71, 1, 10, 0, 0, 0.0
71, 1, 11, 0, 0, 0.0
71, 1, 12, 0, 0, 0.0
71, 1, 13, 0, 0, 0.0
71, 1, 14, 0, 0, 0.0
71, 1, 15, 0, 0, 0.0
71, 1, 16, 0, 0, 0.0
71, 1, 17, 0, 0, 0.0
71, 1, 18, 0, 0, 0.0
71, 1, 19, 0, 0, 0.0
71, 1, 20, 0, 0, 0.0
72, 0, 0, 0, 0, 0.0
72, 0, 1, 0, 0, 0.0
72, 0, 2, 0, 0, 0.0
72, 0, 3, 0, 0, 0.0
72, 0, 4, 0, 0, 0.0
72, 0, 5, 0, 0, 0.0
72, 0, 6, 0, 0, 0.0
72, 0, 7, 0, 0, 0.0
72, 0, 8, 0, 0, 0.0
72, 0, 9, 0, 0, 0.0
72, 0, 10, 0, 0, 0.0
72, 0, 11, 0, 0, 0.0
72, 0, 12, 0, 0, 0.0
72, 0, 13, 0, 0, 0.0
72, 0, 14, 0, 0, 0.0
72, 0, 15, 0, 0, 0.0
72, 0, 16, 0, 0, 0.0
72, 0, 17, 0, 0, 0.0
72, 0, 18, 0, 0, 0.0
72, 0, 19, 0, 0, 0.0
72, 0, 20, 0, 0, 0.0
72, 1, 0, 0, 0, 0.0
72, 1, 1, 0, 0, 0.0
72, 1, 2, 0, 0, 0.0
72, 1, 3, 0, 0, 0.0
72, 1, 4, 0, 0, 0.0
72, 1, 5, 0, 0, 0.0
72, 1, 6, 0, 0, 0.0
72, 1, 7, 0, 0, 0.0
72, 1, 8, 0, 0, 0.0
72, 1, 9, 0, 0, 0.0
72, 1, 10, 0, 0, 0.0
72, 1, 11, 0, 0, 0.0
72, 1, 12, 0, 0, 0.0
72, 1, 13, 0, 0, 0.0
72, 1, 14, 0, 0, 0.0
72, 1, 15, 0, 0, 0.0
72, 1, 16, 0, 0, 0.0
72, 1, 17, 0, 0, 0.0
72, 1, 18, 0, 0, 0.0
72, 1, 19, 0, 0, 0.0
72, 1, 20, 0, 0, 0.0
73, 0, 0, 0, 0, 0.0
73, 0, 1, 0, 0, 0.0
73, 0, 2, 0, 0, 0.0
73, 0, 3, 0, 0, 0.0
73, 0, 4, 0, 0, 0.0
73, 0, 5, 0, 0, 0.0
73, 0, 6, 0, 0, 0.0
73, 0, 7, 0, 0, 0.0
73, 0, 8, 0, 0, 0.0
73, 0, 9, 0, 0, 0.0
73, 0, 10, 0, 0, 0.0
73, 0, 11, 0, 0, 0.0
73, 0, 12, 0, 0, 0.0
73, 0, 13, 0, 0, 0.0
73, 0, 14, 0, 0, 0.0
73, 0, 15, 0, 0, 0.0
73, 0, 16, 0, 0, 0.0
73, 0, 17, 0, 0, 0.0
73, 0, 18, 0, 0, 0.0
73, 0, 19, 0, 0, 0.0
73, 0, 20, 0, 0, 0.0
73, 1, 0, 0, 0, 0.0
73, 1, 1, 0, 0, 0.0
73, 1, 2, 0, 0, 0.0
73, 1, 3, 0, 0, 0.0
73, 1, 4, 0, 0, 0.0
73, 1, 5, 0, 0, 0.0
73, 1, 6, 0, 0, 0.0
73, 1, 7, 0, 0, 0.0
73, 1, 8, 0, 0, 0.0
73, 1, 9, 0, 0, 0.0
73, 1, 10, 0, 0, 0.0
73, 1, 11, 0, 0, 0.0
73, 1, 12, 0, 0, 0.0
73, 1, 13, 0, 0, 0.0
73, 1, 14, 0, 0, 0.0
73, 1, 15, 0, 0, 0.0
73, 1, 16, 0, 0, 0.0
73, 1, 17, 0, 0, 0.0
73, 1, 18, 0, 0, 0.0
73, 1, 19, 0, 0, 0.0
73, 1, 20, 0, 0, 0.0
74, 0, 0, 0, 0, 0.0
74, 0, 1, 0, 0, 0.0
74, 0, 2, 0, 0, 0.0
74, 0, 3, 0, 0, 0.0
74, 0, 4, 0, 0, 0.0
74, 0, 5, 0, 0, 0.0
74, 0, 6, 0, 0, 0.0
74, 0, 7, 0, 0, 0.0
74, 0, 8, 0, 0, 0.0
74, 0, 9, 0, 0, 0.0
74, 0, 10, 0, 0, 0.0
74, 0, 11, 0, 0, 0.0
74, 0, 12, 0, 0, 0.0
74, 0, 13, 0, 0, 0.0
74, 0, 14, 0, 0, 0.0
74, 0, 15, 0, 0, 0.0
74, 0, 16, 0, 0, 0.0
74, 0, 17, 0, 0, 0.0
74, 0, 18, 0, 0, 0.0
74, 0, 19, 0, 0, 0.0
74, 0, 20, 0, 0, 0.0
74, 1, 0, 0, 0, 0.0
74, 1, 1, 0, 0, 0.0
74, 1, 2, 0, 0, 0.0
74, 1, 3, 0, 0, 0.0
74, 1, 4, 0, 0, 0.0
74, 1, 5, 0, 0, 0.0
74, 1, 6, 0, 0, 0.0
74, 1, 7, 0, 0, 0.0
74, 1, 8, 0, 0, 0.0
74, 1, 9, 0, 0, 0.0
74, 1, 10, 0, 0, 0.0
74, 1, 11, 0, 0, 0.0
74, 1, 12, 0, 0, 0.0
74, 1, 13, 0, 0, 0.0
74, 1, 14, 0, 0, 0.0
74, 1, 15, 0, 0, 0.0
74, 1, 16, 0, 0, 0.0
74, 1, 17, 0, 0, 0.0
74, 1, 18, 0, 0, 0.0
74, 1, 19, 0, 0, 0.0
74, 1, 20, 0, 0, 0.0
75, 0, 0, 0, 0, 0.0
75, 0, 1, 0, 0, 0.0
75, 0, 2, 0, 0, 0.0
75, 0, 3, 0, 0, 0.0
75, 0, 4, 0, 0, 0.0
75, 0, 5, 0, 0, 0.0
75, 0, 6, 0, 0, 0.0
75, 0, 7, 0, 0, 0.0
75, 0, 8, 0, 0, 0.0
75, 0, 9, 0, 0, 0.0
75, 0, 10, 0, 0, 0.0
75, 0, 11, 0, 0, 0.0
75, 0, 12, 0, 0, 0.0
75, 0, 13, 0, 0, 0.0
75, 0, 14, 0, 0, 0.0
75, 0, 15, 0, 0, 0.0
75, 0, 16, 0, 0, 0.0
75, 0, 17, 0, 0, 0.0
75, 0, 18, 0, 0, 0.0
75, 0, 19, 0, 0, 0.0
75, 0, 20, 0, 0, 0.0
75, 1, 0, 0, 0, 0.0
75, 1, 1, 0, 0, 0.0
75, 1, 2, 0, 0, 0.0
75, 1, 3, 0, 0, 0.0
75, 1, 4, 0, 0, 0.0
75, 1, 5, 0, 0, 0.0
75, 1, 6, 0, 0, 0.0
75, 1, 7, 0, 0, 0.0
75, 1, 8, 0, 0, 0.0
75, 1, 9, 0, 0, 0.0
75, 1, 10, 0, 0, 0.0
75, 1, 11, 0, 0, 0.0
75, 1, 12, 0, 0, 0.0
75, 1, 13, 0, 0, 0.0
75, 1, 14, 0, 0, 0.0
75, 1, 15, 0, 0, 0.0
75, 1, 16, 0, 0, 0.0
75, 1, 17, 0, 0, 0.0
75, 1, 18, 0, 0, 0.0
75, 1, 19, 0, 0, 0.0
75, 1, 20, 0, 0, 0.0
76, 0, 0, 0, 0, 0.0
76, 0, 1, 0, 0, 0.0
76, 0, 2, 0, 0, 0.0
76, 0, 3, 0, 0, 0.0
76, 0, 4, 0, 0, 0.0
76, 0, 5, 0, 0, 0.0
76, 0, 6, 0, 0, 0.0
76, 0, 7, 0, 0, 0.0
76, 0, 8, 0, 0, 0.0
76, 0, 9, 0, 0, 0.0
76, 0, 10, 0, 0, 0.0
76, 0, 11, 0, 0, 0.0
76, 0, 12, 0, 0, 0.0
76, 0, 13, 0, 0, 0.0
76, 0, 14, 0, 0, 0.0
76, 0, 15, 0, 0, 0.0
76, 0, 16, 0, 0, 0.0
76, 0, 17, 0, 0, 0.0
76, 0, 18, 0, 0, 0.0
76, 0, 19, 0, 0, 0.0
76, 0, 20, 0, 0, 0.0
76, 1, 0, 0, 0, 0.0
76, 1, 1, 0, 0, 0.0
76, 1, 2, 0, 0, 0.0
76, 1, 3, 0, 0, 0.0
76, 1, 4, 0, 0, 0.0
76, 1, 5, 0, 0, 0.0
76, 1, 6, 0, 0, 0.0
76, 1, 7, 0, 0, 0.0
76, 1, 8, 0, 0, 0.0
76, 1, 9, 0, 0, 0.0
76, 1, 10, 0, 0, 0.0
76, 1, 11, 0, 0, 0.0
76, 1, 12, 0, 0, 0.0
76, 1, 13, 0, 0, 0.0
76, 1, 14, 0, 0, 0.0
76, 1, 15, 0, 0, 0.0
76, 1, 16, 0, 0, 0.0
76, 1, 17, 0, 0, 0.0
76, 1, 18, 0, 0, 0.0
76, 1, 19, 0, 0, 0.0
76, 1, 20, 0, 0, 0.0
77, 0, 0, 0, 0, 0.0
77, 0, 1, 0, 0, 0.0
77, 0, 2, 0, 0, 0.0
77, 0, 3, 0, 0, 0.0
77, 0, 4, 0, 0, 0.0
77, 0, 5, 0, 0, 0.0
77, 0, 6, 0, 0, 0.0
77, 0, 7, 0, 0, 0.0
77, 0, 8, 0, 0, 0.0
77, 0, 9, 0, 0, 0.0
77, 0, 10, 0, 0, 0.0
77, 0, 11, 0, 0, 0.0
77, 0, 12, 0, 0, 0.0
77, 0, 13, 0, 0, 0.0
77, 0, 14, 0, 0, 0.0
77, 0, 15, 0, 0, 0.0
77, 0, 16, 0, 0, 0.0
77, 0, 17, 0, 0, 0.0
77, 0, 18, 0, 0, 0.0
77, 0, 19, 0, 0, 0.0
77, 0, 20, 0, 0, 0.0
77, 1, 0, 0, 0, 0.0
77, 1, 1, 0, 0, 0.0
77, 1, 2, 0, 0, 0.0
77, 1, 3, 0, 0, 0.0
77, 1, 4, 0, 0, 0.0
77, 1, 5, 0, 0, 0.0
77, 1, 6, 0, 0, 0.0
77, 1, 7, 0, 0, 0.0
77, 1, 8, 0, 0, 0.0
77, 1, 9, 0, 0, 0.0
77, 1, 10, 0, 0, 0.0
77, 1, 11, 0, 0, 0.0
77, 1, 12, 0, 0, 0.0
77, 1, 13, 0, 0, 0.0
77, 1, 14, 0, 0, 0.0
77, 1, 15, 0, 0, 0.0
77, 1, 16, 0, 0, 0.0
77, 1, 17, 0, 0, 0.0
77, 1, 18, 0, 0, 0.0
77, 1, 19, 0, 0, 0.0
77, 1, 20, 0, 0, 0.0
