0, 0, 0, 0, 0, 0.0
0, 0, 1, 0, 0, 0.0
0, 0, 2, 0, 0, 0.0
0, 0, 3, 0, 0, 0.0
0, 0, 4, 0, 0, 0.0
0, 0, 5, 0, 0, 0.0
0, 0, 6, 0, 0, 0.0
0, 0, 7, 0, 0, 0.0
0, 0, 8, 0, 0, 0.0
0, 0, 9, 0, 0, 0.0
0, 0, 10, 0, 0, 0.0
0, 0, 11, 0, 0, 0.0
0, 0, 12, 0, 0, 0.0
0, 0, 13, 0, 0, 0.0
0, 0, 14, 0, 0, 0.0
0, 0, 15, 0, 0, 0.0
0, 0, 16, 0, 0, 0.0
0, 0, 17, 0, 0, 0.0
0, 0, 18, 0, 0, 0.0
0, 0, 19, 0, 0, 0.0
0, 0, 20, 0, 0, 0.0
0, 1, 0, 0, 0, 0.0
0, 1, 1, 0, 0, 0.0
0, 1, 2, 0, 0, 0.0
0, 1, 3, 0, 0, 0.0
0, 1, 4, 0, 0, 0.0
0, 1, 5, 0, 0, 0.0
0, 1, 6, 0, 0, 0.0
0, 1, 7, 0, 0, 0.0
0, 1, 8, 0, 0, 0.0
0, 1, 9, 0, 0, 0.0
0, 1, 10, 0, 0, 0.0
0, 1, 11, 0, 0, 0.0
0, 1, 12, 0, 0, 0.0
0, 1, 13, 0, 0, 0.0
0, 1, 14, 0, 0, 0.0
0, 1, 15, 0, 0, 0.0
0, 1, 16, 0, 0, 0.0
0, 1, 17, 0, 0, 0.0
0, 1, 18, 0, 0, 0.0
0, 1, 19, 0, 0, 0.0
0, 1, 20, 0, 0, 0.0
1, 0, 0, 0, 0, 0.0
1, 0, 1, 0, 0, 0.0
1, 0, 2, 0, 0, 0.0
1, 0, 3, 0, 0, 0.0
1, 0, 4, 0, 0, 0.0
1, 0, 5, 0, 0, 0.0
1, 0, 6, 0, 0, 0.0
1, 0, 7, 0, 0, 0.0
1, 0, 8, 0, 0, 0.0
1, 0, 9, 0, 0, 0.0
1, 0, 10, 0, 0, 0.0
1, 0, 11, 0, 0, 0.0
1, 0, 12, 0, 0, 0.0
1, 0, 13, 0, 0, 0.0
1, 0, 14, 0, 0, 0.0
1, 0, 15, 0, 0, 0.0
1, 0, 16, 0, 0, 0.0
1, 0, 17, 0, 0, 0.0
1, 0, 18, 0, 0, 0.0
1, 0, 19, 0, 0, 0.0
1, 0, 20, 0, 0, 0.0
1, 1, 0, 0, 0, 0.0
1, 1, 1, 0, 0, 0.0
1, 1, 2, 0, 0, 0.0
1, 1, 3, 0, 0, 0.0
1, 1, 4, 0, 0, 0.0
1, 1, 5, 0, 0, 0.0
1, 1, 6, 0, 0, 0.0
1, 1, 7, 0, 0, 0.0
1, 1, 8, 0, 0, 0.0
1, 1, 9, 0, 0, 0.0
1, 1, 10, 0, 0, 0.0
1, 1, 11, 0, 0, 0.0
1, 1, 12, 0, 0, 0.0
1, 1, 13, 0, 0, 0.0
1, 1, 14, 0, 0, 0.0
1, 1, 15, 0, 0, 0.0
1, 1, 16, 0, 0, 0.0
1, 1, 17, 0, 0, 0.0
1, 1, 18, 0, 0, 0.0
1, 1, 19, 0, 0, 0.0
1, 1, 20, 0, 0, 0.0
2, 0, 0, 0, 0, 0.0
2, 0, 1, 0, 0, 0.0
2, 0, 2, 0, 0, 0.0
2, 0, 3, 0, 0, 0.0
2, 0, 4, 0, 0, 0.0
2, 0, 5, 0, 0, 0.0
2, 0, 6, 0, 0, 0.0
2, 0, 7, 0, 0, 0.0
2, 0, 8, 0, 0, 0.0
2, 0, 9, 0, 0, 0.0
2, 0, 10, 0, 0, 0.0
2, 0, 11, 0, 0, 0.0
2, 0, 12, 0, 0, 0.0
2, 0, 13, 0, 0, 0.0
2, 0, 14, 0, 0, 0.0
2, 0, 15, 0, 0, 0.0
2, 0, 16, 0, 0, 0.0
2, 0, 17, 0, 0, 0.0
2, 0, 18, 0, 0, 0.0
2, 0, 19, 0, 0, 0.0
2, 0, 20, 0, 0, 0.0
2, 1, 0, 0, 0, 0.0
2, 1, 1, 0, 0, 0.0
2, 1, 2, 0, 0, 0.0
2, 1, 3, 0, 0, 0.0
2, 1, 4, 0, 0, 0.0
2, 1, 5, 0, 0, 0.0
2, 1, 6, 0, 0, 0.0
2, 1, 7, 0, 0, 0.0
2, 1, 8, 0, 0, 0.0
2, 1, 9, 0, 0, 0.0
2, 1, 10, 0, 0, 0.0
2, 1, 11, 0, 0, 0.0
2, 1, 12, 0, 0, 0.0
2, 1, 13, 0, 0, 0.0
2, 1, 14, 0, 0, 0.0
2, 1, 15, 0, 0, 0.0
2, 1, 16, 0, 0, 0.0
2, 1, 17, 0, 0, 0.0
2, 1, 18, 0, 0, 0.0
2, 1, 19, 0, 0, 0.0
2, 1, 20, 0, 0, 0.0
3, 0, 0, 0, 0, 0.0
3, 0, 1, 0, 0, 0.0
3, 0, 2, 0, 0, 0.0
3, 0, 3, 0, 0, 0.0
3, 0, 4, 0, 0, 0.0
3, 0, 5, 0, 0, 0.0
3, 0, 6, 0, 0, 0.0
3, 0, 7, 0, 0, 0.0
3, 0, 8, 0, 0, 0.0
3, 0, 9, 0, 0, 0.0
3, 0, 10, 0, 0, 0.0
3, 0, 11, 0, 0, 0.0
3, 0, 12, 0, 0, 0.0
3, 0, 13, 0, 0, 0.0
3, 0, 14, 0, 0, 0.0
3, 0, 15, 0, 0, 0.0
3, 0, 16, 0, 0, 0.0
3, 0, 17, 0, 0, 0.0
3, 0, 18, 0, 0, 0.0
3, 0, 19, 0, 0, 0.0
3, 0, 20, 0, 0, 0.0
3, 1, 0, 0, 0, 0.0
3, 1, 1, 0, 0, 0.0
3, 1, 2, 0, 0, 0.0
3, 1, 3, 0, 0, 0.0
3, 1, 4, 0, 0, 0.0
3, 1, 5, 0, 0, 0.0
3, 1, 6, 0, 0, 0.0
3, 1, 7, 0, 0, 0.0
3, 1, 8, 0, 0, 0.0
3, 1, 9, 0, 0, 0.0
3, 1, 10, 0, 0, 0.0
3, 1, 11, 0, 0, 0.0
3, 1, 12, 0, 0, 0.0
3, 1, 13, 0, 0, 0.0
3, 1, 14, 0, 0, 0.0
3, 1, 15, 0, 0, 0.0
3, 1, 16, 0, 0, 0.0
3, 1, 17, 0, 0, 0.0
3, 1, 18, 0, 0, 0.0
3, 1, 19, 0, 0, 0.0
3, 1, 20, 0, 0, 0.0
4, 0, 0, 0, 0, 0.0
4, 0, 1, 0, 0, 0.0
4, 0, 2, 0, 0, 0.0
4, 0, 3, 0, 0, 0.0
4, 0, 4, 0, 0, 0.0
4, 0, 5, 0, 0, 0.0
4, 0, 6, 0, 0, 0.0
4, 0, 7, 0, 0, 0.0
4, 0, 8, 0, 0, 0.0
4, 0, 9, 0, 0, 0.0
4, 0, 10, 0, 0, 0.0
4, 0, 11, 0, 0, 0.0
4, 0, 12, 0, 0, 0.0
4, 0, 13, 0, 0, 0.0
4, 0, 14, 0, 0, 0.0
4, 0, 15, 0, 0, 0.0
4, 0, 16, 0, 0, 0.0
4, 0, 17, 0, 0, 0.0
4, 0, 18, 0, 0, 0.0
4, 0, 19, 0, 0, 0.0
4, 0, 20, 0, 0, 0.0
4, 1, 0, 0, 0, 0.0
4, 1, 1, 0, 0, 0.0
4, 1, 2, 0, 0, 0.0
4, 1, 3, 0, 0, 0.0
4, 1, 4, 0, 0, 0.0
4, 1, 5, 0, 0, 0.0
4, 1, 6, 0, 0, 0.0
4, 1, 7, 0, 0, 0.0
4, 1, 8, 0, 0, 0.0
4, 1, 9, 0, 0, 0.0
4, 1, 10, 0, 0, 0.0
4, 1, 11, 0, 0, 0.0
4, 1, 12, 0, 0, 0.0
4, 1, 13, 0, 0, 0.0
4, 1, 14, 0, 0, 0.0
4, 1, 15, 0, 0, 0.0
4, 1, 16, 0, 0, 0.0
4, 1, 17, 0, 0, 0.0
4, 1, 18, 0, 0, 0.0
4, 1, 19, 0, 0, 0.0
4, 1, 20, 0, 0, 0.0
5, 0, 0, 0, 0, 0.0
5, 0, 1, 0, 0, 0.0
5, 0, 2, 0, 0, 0.0
5, 0, 3, 0, 0, 0.0
5, 0, 4, 0, 0, 0.0
5, 0, 5, 0, 0, 0.0
5, 0, 6, 0, 0, 0.0
5, 0, 7, 0, 0, 0.0
5, 0, 8, 0, 0, 0.0
5, 0, 9, 0, 0, 0.0
5, 0, 10, 0, 0, 0.0
5, 0, 11, 0, 0, 0.0
5, 0, 12, 0, 0, 0.0
5, 0, 13, 0, 0, 0.0
5, 0, 14, 0, 0, 0.0
5, 0, 15, 0, 0, 0.0
5, 0, 16, 0, 0, 0.0
5, 0, 17, 0, 0, 0.0
5, 0, 18, 0, 0, 0.0
5, 0, 19, 0, 0, 0.0
5, 0, 20, 0, 0, 0.0
5, 1, 0, 0, 0, 0.0
5, 1, 1, 0, 0, 0.0
5, 1, 2, 0, 0, 0.0
5, 1, 3, 0, 0, 0.0
5, 1, 4, 0, 0, 0.0
5, 1, 5, 0, 0, 0.0
5, 1, 6, 0, 0, 0.0
5, 1, 7, 0, 0, 0.0
5, 1, 8, 0, 0, 0.0
5, 1, 9, 0, 0, 0.0
5, 1, 10, 0, 0, 0.0
5, 1, 11, 0, 0, 0.0
5, 1, 12, 0, 0, 0.0
5, 1, 13, 0, 0, 0.0
5, 1, 14, 0, 0, 0.0
5, 1, 15, 0, 0, 0.0
5, 1, 16, 0, 0, 0.0
5, 1, 17, 0, 0, 0.0
5, 1, 18, 0, 0, 0.0
5, 1, 19, 0, 0, 0.0
5, 1, 20, 0, 0, 0.0
6, 0, 0, 0, 0, 0.0
6, 0, 1, 0, 0, 0.0
6, 0, 2, 0, 0, 0.0
6, 0, 3, 0, 0, 0.0
6, 0, 4, 0, 0, 0.0
6, 0, 5, 0, 0, 0.0
6, 0, 6, 0, 0, 0.0
6, 0, 7, 0, 0, 0.0
6, 0, 8, 0, 0, 0.0
6, 0, 9, 0, 0, 0.0
6, 0, 10, 0, 0, 0.0
6, 0, 11, 0, 0, 0.0
6, 0, 12, 0, 0, 0.0
6, 0, 13, 0, 0, 0.0
6, 0, 14, 0, 0, 0.0
6, 0, 15, 0, 0, 0.0
6, 0, 16, 0, 0, 0.0
6, 0, 17, 0, 0, 0.0
6, 0, 18, 0, 0, 0.0
6, 0, 19, 0, 0, 0.0
6, 0, 20, 0, 0, 0.0
6, 1, 0, 0, 0, 0.0
6, 1, 1, 0, 0, 0.0
6, 1, 2, 0, 0, 0.0
6, 1, 3, 0, 0, 0.0
6, 1, 4, 0, 0, 0.0
6, 1, 5, 0, 0, 0.0
6, 1, 6, 0, 0, 0.0
6, 1, 7, 0, 0, 0.0
6, 1, 8, 0, 0, 0.0
6, 1, 9, 0, 0, 0.0
6, 1, 10, 0, 0, 0.0
6, 1, 11, 0, 0, 0.0
6, 1, 12, 0, 0, 0.0
6, 1, 13, 0, 0, 0.0
6, 1, 14, 0, 0, 0.0
6, 1, 15, 0, 0, 0.0
6, 1, 16, 0, 0, 0.0
6, 1, 17, 0, 0, 0.0
6, 1, 18, 0, 0, 0.0
6, 1, 19, 0, 0, 0.0
6, 1, 20, 0, 0, 0.0
7, 0, 0, 0, 0, 0.0
7, 0, 1, 0, 0, 0.0
7, 0, 2, 0, 0, 0.0
7, 0, 3, 0, 0, 0.0
7, 0, 4, 0, 0, 0.0
7, 0, 5, 0, 0, 0.0
7, 0, 6, 0, 0, 0.0
7, 0, 7, 0, 0, 0.0
7, 0, 8, 0, 0, 0.0
7, 0, 9, 0, 0, 0.0
7, 0, 10, 0, 0, 0.0
7, 0, 11, 0, 0, 0.0
7, 0, 12, 0, 0, 0.0
7, 0, 13, 0, 0, 0.0
7, 0, 14, 0, 0, 0.0
7, 0, 15, 0, 0, 0.0
7, 0, 16, 0, 0, 0.0
7, 0, 17, 0, 0, 0.0
7, 0, 18, 0, 0, 0.0
7, 0, 19, 0, 0, 0.0
7, 0, 20, 0, 0, 0.0
7, 1, 0, 0, 0, 0.0
7, 1, 1, 0, 0, 0.0
7, 1, 2, 0, 0, 0.0
7, 1, 3, 0, 0, 0.0
7, 1, 4, 0, 0, 0.0
7, 1, 5, 0, 0, 0.0
7, 1, 6, 0, 0, 0.0
7, 1, 7, 0, 0, 0.0
7, 1, 8, 0, 0, 0.0
7, 1, 9, 0, 0, 0.0
7, 1, 10, 0, 0, 0.0
7, 1, 11, 0, 0, 0.0
7, 1, 12, 0, 0, 0.0
7, 1, 13, 0, 0, 0.0
7, 1, 14, 0, 0, 0.0
7, 1, 15, 0, 0, 0.0
7, 1, 16, 0, 0, 0.0
7, 1, 17, 0, 0, 0.0
7, 1, 18, 0, 0, 0.0
7, 1, 19, 0, 0, 0.0
7, 1, 20, 0, 0, 0.0
8, 0, 0, 0, 0, 0.0
8, 0, 1, 0, 0, 0.0
8, 0, 2, 0, 0, 0.0
8, 0, 3, 0, 0, 0.0
8, 0, 4, 0, 0, 0.0
8, 0, 5, 0, 0, 0.0
8, 0, 6, 0, 0, 0.0
8, 0, 7, 0, 0, 0.0
8, 0, 8, 0, 0, 0.0
8, 0, 9, 0, 0, 0.0
8, 0, 10, 0, 0, 0.0
8, 0, 11, 0, 0, 0.0
8, 0, 12, 0, 0, 0.0
8, 0, 13, 0, 0, 0.0
8, 0, 14, 0, 0, 0.0
8, 0, 15, 0, 0, 0.0
8, 0, 16, 0, 0, 0.0
8, 0, 17, 0, 0, 0.0
8, 0, 18, 0, 0, 0.0
8, 0, 19, 0, 0, 0.0
8, 0, 20, 0, 0, 0.0
8, 1, 0, 0, 0, 0.0
8, 1, 1, 0, 0, 0.0
8, 1, 2, 0, 0, 0.0
8, 1, 3, 0, 0, 0.0
8, 1, 4, 0, 0, 0.0
8, 1, 5, 0, 0, 0.0
8, 1, 6, 0, 0, 0.0
8, 1, 7, 0, 0, 0.0
8, 1, 8, 0, 0, 0.0
8, 1, 9, 0, 0, 0.0
8, 1, 10, 0, 0, 0.0
8, 1, 11, 0, 0, 0.0
8, 1, 12, 0, 0, 0.0
8, 1, 13, 0, 0, 0.0
8, 1, 14, 0, 0, 0.0
8, 1, 15, 0, 0, 0.0
8, 1, 16, 0, 0, 0.0
8, 1, 17, 0, 0, 0.0
8, 1, 18, 0, 0, 0.0
8, 1, 19, 0, 0, 0.0
8, 1, 20, 0, 0, 0.0
9, 0, 0, 0, 0, 0.0
9, 0, 1, 0, 0, 0.0
9, 0, 2, 0, 0, 0.0
9, 0, 3, 0, 0, 0.0
9, 0, 4, 0, 0, 0.0
9, 0, 5, 0, 0, 0.0
9, 0, 6, 0, 0, 0.0
9, 0, 7, 0, 0, 0.0
9, 0, 8, 0, 0, 0.0
9, 0, 9, 0, 0, 0.0
9, 0, 10, 0, 0, 0.0
9, 0, 11, 0, 0, 0.0
9, 0, 12, 0, 0, 0.0
9, 0, 13, 0, 0, 0.0
9, 0, 14, 0, 0, 0.0
9, 0, 15, 0, 0, 0.0
9, 0, 16, 0, 0, 0.0
9, 0, 17, 0, 0, 0.0
9, 0, 18, 0, 0, 0.0
9, 0, 19, 0, 0, 0.0
9, 0, 20, 0, 0, 0.0
9, 1, 0, 0, 0, 0.0
9, 1, 1, 0, 0, 0.0
9, 1, 2, 0, 0, 0.0
9, 1, 3, 0, 0, 0.0
9, 1, 4, 0, 0, 0.0
9, 1, 5, 0, 0, 0.0
9, 1, 6, 0, 0, 0.0
9, 1, 7, 0, 0, 0.0
9, 1, 8, 0, 0, 0.0
9, 1, 9, 0, 0, 0.0
9, 1, 10, 0, 0, 0.0
9, 1, 11, 0, 0, 0.0
9, 1, 12, 0, 0, 0.0
9, 1, 13, 0, 0, 0.0
9, 1, 14, 0, 0, 0.0
9, 1, 15, 0, 0, 0.0
9, 1, 16, 0, 0, 0.0
9, 1, 17, 0, 0, 0.0
9, 1, 18, 0, 0, 0.0
9, 1, 19, 0, 0, 0.0
9, 1, 20, 0, 0, 0.0
10, 0, 0, 0, 0, 0.0
10, 0, 1, 0, 0, 0.0
10, 0, 2, 0, 0, 0.0
10, 0, 3, 0, 0, 0.0
10, 0, 4, 0, 0, 0.0
10, 0, 5, 0, 0, 0.0
10, 0, 6, 0, 0, 0.0
10, 0, 7, 0, 0, 0.0
10, 0, 8, 0, 0, 0.0
10, 0, 9, 0, 0, 0.0
10, 0, 10, 0, 0, 0.0
10, 0, 11, 0, 0, 0.0
10, 0, 12, 0, 0, 0.0
10, 0, 13, 0, 0, 0.0
10, 0, 14, 0, 0, 0.0
10, 0, 15, 0, 0, 0.0
10, 0, 16, 0, 0, 0.0
10, 0, 17, 0, 0, 0.0
10, 0, 18, 0, 0, 0.0
10, 0, 19, 0, 0, 0.0
10, 0, 20, 0, 0, 0.0
10, 1, 0, 0, 0, 0.0
10, 1, 1, 0, 0, 0.0
10, 1, 2, 0, 0, 0.0
10, 1, 3, 0, 0, 0.0
10, 1, 4, 0, 0, 0.0
10, 1, 5, 0, 0, 0.0
10, 1, 6, 0, 0, 0.0
10, 1, 7, 0, 0, 0.0
10, 1, 8, 0, 0, 0.0
10, 1, 9, 0, 0, 0.0
10, 1, 10, 0, 0, 0.0
10, 1, 11, 0, 0, 0.0
10, 1, 12, 0, 0, 0.0
10, 1, 13, 0, 0, 0.0
10, 1, 14, 0, 0, 0.0
10, 1, 15, 0, 0, 0.0
10, 1, 16, 0, 0, 0.0
10, 1, 17, 0, 0, 0.0
10, 1, 18, 0, 0, 0.0
10, 1, 19, 0, 0, 0.0
10, 1, 20, 0, 0, 0.0
11, 0, 0, 0, 0, 0.0
11, 0, 1, 0, 0, 0.0
11, 0, 2, 0, 0, 0.0
11, 0, 3, 0, 0, 0.0
11, 0, 4, 0, 0, 0.0
11, 0, 5, 0, 0, 0.0
11, 0, 6, 0, 0, 0.0
11, 0, 7, 0, 0, 0.0
11, 0, 8, 0, 0, 0.0
11, 0, 9, 0, 0, 0.0
11, 0, 10, 0, 0, 0.0
11, 0, 11, 0, 0, 0.0
11, 0, 12, 0, 0, 0.0
11, 0, 13, 0, 0, 0.0
11, 0, 14, 0, 0, 0.0
11, 0, 15, 0, 0, 0.0
11, 0, 16, 0, 0, 0.0
11, 0, 17, 0, 0, 0.0
11, 0, 18, 0, 0, 0.0
11, 0, 19, 0, 0, 0.0
11, 0, 20, 0, 0, 0.0
11, 1, 0, 0, 0, 0.0
11, 1, 1, 0, 0, 0.0
11, 1, 2, 0, 0, 0.0
11, 1, 3, 0, 0, 0.0
11, 1, 4, 0, 0, 0.0
11, 1, 5, 0, 0, 0.0
11, 1, 6, 0, 0, 0.0
11, 1, 7, 0, 0, 0.0
11, 1, 8, 0, 0, 0.0
11, 1, 9, 0, 0, 0.0
11, 1, 10, 0, 0, 0.0
11, 1, 11, 0, 0, 0.0
11, 1, 12, 0, 0, 0.0
11, 1, 13, 0, 0, 0.0
11, 1, 14, 0, 0, 0.0
11, 1, 15, 0, 0, 0.0
11, 1, 16, 0, 0, 0.0
11, 1, 17, 0, 0, 0.0
11, 1, 18, 0, 0, 0.0
11, 1, 19, 0, 0, 0.0
11, 1, 20, 0, 0, 0.0
12, 0, 0, 0, 0, 0.0
12, 0, 1, 0, 0, 0.0
12, 0, 2, 0, 0, 0.0
12, 0, 3, 0, 0, 0.0
12, 0, 4, 0, 0, 0.0
12, 0, 5, 0, 0, 0.0
12, 0, 6, 0, 0, 0.0
12, 0, 7, 0, 0, 0.0
12, 0, 8, 0, 0, 0.0
12, 0, 9, 0, 0, 0.0
12, 0, 10, 0, 0, 0.0
12, 0, 11, 0, 0, 0.0
12, 0, 12, 0, 0, 0.0
12, 0, 13, 0, 0, 0.0
12, 0, 14, 0, 0, 0.0
12, 0, 15, 0, 0, 0.0
12, 0, 16, 0, 0, 0.0
12, 0, 17, 0, 0, 0.0
12, 0, 18, 0, 0, 0.0
12, 0, 19, 0, 0, 0.0
12, 0, 20, 0, 0, 0.0
12, 1, 0, 0, 0, 0.0
12, 1, 1, 0, 0, 0.0
12, 1, 2, 0, 0, 0.0
12, 1, 3, 0, 0, 0.0
12, 1, 4, 0, 0, 0.0
12, 1, 5, 0, 0, 0.0
12, 1, 6, 0, 0, 0.0
12, 1, 7, 0, 0, 0.0
12, 1, 8, 0, 0, 0.0
12, 1, 9, 0, 0, 0.0
12, 1, 10, 0, 0, 0.0
12, 1, 11, 0, 0, 0.0
12, 1, 12, 0, 0, 0.0
12, 1, 13, 0, 0, 0.0
12, 1, 14, 0, 0, 0.0
12, 1, 15, 0, 0, 0.0
12, 1, 16, 0, 0, 0.0
12, 1, 17, 0, 0, 0.0
12, 1, 18, 0, 0, 0.0
12, 1, 19, 0, 0, 0.0
12, 1, 20, 0, 0, 0.0
13, 0, 0, 765, 1051, -1.7248734707209223e-07
13, 0, 1, 772, 1013, -0.018934953957796097
13, 0, 2, 806, 992, -0.02974916435778141
13, 0, 3, 843, 999, -0.03657744079828262
13, 0, 4, 875, 1012, -0.04207184538245201
13, 0, 5, 797, 1064, -0.030626852065324783
13, 0, 6, 839, 1063, -0.04210684821009636
13, 0, 7, 864, 1049, -0.04851384088397026
13, 0, 8, 880, 1039, -0.05243976414203644
13, 0, 9, 813, 1089, -0.02490474097430706
13, 0, 10, 862, 1083, -0.0329340323805809
13, 0, 11, 884, 1061, -0.034213919192552567
13, 0, 12, 889, 1047, -0.03553784266114235
13, 0, 13, 826, 1099, -0.02020994760096073
13, 0, 14, 874, 1091, -0.029381684958934784
13, 0, 15, 891, 1071, -0.029524289071559906
13, 0, 16, 896, 1061, -0.029063062742352486
13, 0, 17, 837, 1101, -0.016506526619195938
13, 0, 18, 878, 1094, -0.02447136491537094
13, 0, 19, 894, 1081, -0.024999264627695084
13, 0, 20, 899, 1074, -0.02453669160604477
13, 1, 0, 0, 0, 0.0
13, 1, 1, 0, 0, 0.0
13, 1, 2, 0, 0, 0.0
13, 1, 3, 0, 0, 0.0
13, 1, 4, 0, 0, 0.0
13, 1, 5, 0, 0, 0.0
13, 1, 6, 0, 0, 0.0
13, 1, 7, 0, 0, 0.0
13, 1, 8, 0, 0, 0.0
13, 1, 9, 0, 0, 0.0
13, 1, 10, 0, 0, 0.0
13, 1, 11, 0, 0, 0.0
13, 1, 12, 0, 0, 0.0
13, 1, 13, 0, 0, 0.0
13, 1, 14, 0, 0, 0.0
13, 1, 15, 0, 0, 0.0
13, 1, 16, 0, 0, 0.0
13, 1, 17, 0, 0, 0.0
13, 1, 18, 0, 0, 0.0
13, 1, 19, 0, 0, 0.0
13, 1, 20, 0, 0, 0.0
14, 0, 0, 780, 970, -2.6961967591887515e-07
14, 0, 1, 786, 917, -0.014571973122656345
14, 0, 2, 818, 879, -0.027046578004956245
14, 0, 3, 863, 870, -0.03589126095175743
14, 0, 4, 898, 884, -0.04350203275680542
14, 0, 5, 816, 938, -0.036305565387010574
14, 0, 6, 878, 907, -0.046595681458711624
14, 0, 7, 872, 894, -0.04812585562467575
14, 0, 8, 857, 893, -0.048355959355831146
14, 0, 9, 831, 973, -0.032326534390449524
14, 0, 10, 900, 925, -0.042144354432821274
14, 0, 11, 884, 914, -0.04066671058535576
14, 0, 12, 859, 922, -0.039657872170209885
14, 0, 13, 846, 997, -0.027975061908364296
14, 0, 14, 910, 948, -0.03616183623671532
14, 0, 15, 892, 937, -0.032367583364248276
14, 0, 16, 870, 946, -0.0297583919018507
14, 0, 17, 861, 1011, -0.024143211543560028
14, 0, 18, 911, 968, -0.03099996969103813
14, 0, 19, 898, 960, -0.03008744679391384
14, 0, 20, 879, 970, -0.02897978015244007
14, 1, 0, 0, 0, 0.0
14, 1, 1, 0, 0, 0.0
14, 1, 2, 0, 0, 0.0
14, 1, 3, 0, 0, 0.0
14, 1, 4, 0, 0, 0.0
14, 1, 5, 0, 0, 0.0
14, 1, 6, 0, 0, 0.0
14, 1, 7, 0, 0, 0.0
14, 1, 8, 0, 0, 0.0
14, 1, 9, 0, 0, 0.0
14, 1, 10, 0, 0, 0.0
14, 1, 11, 0, 0, 0.0
14, 1, 12, 0, 0, 0.0
14, 1, 13, 0, 0, 0.0
14, 1, 14, 0, 0, 0.0
14, 1, 15, 0, 0, 0.0
14, 1, 16, 0, 0, 0.0
14, 1, 17, 0, 0, 0.0
14, 1, 18, 0, 0, 0.0
14, 1, 19, 0, 0, 0.0
14, 1, 20, 0, 0, 0.0
15, 0, 0, 799, 876, -1.346862887885436e-08
15, 0, 1, 794, 827, -0.007744667120277882
15, 0, 2, 831, 775, -0.013986733742058277
15, 0, 3, 882, 755, -0.01763048581779003
15, 0, 4, 915, 767, -0.020120706409215927
15, 0, 5, 801, 812, -0.027564674615859985
15, 0, 6, 853, 778, -0.037286121398210526
15, 0, 7, 881, 761, -0.03878632187843323
15, 0, 8, 902, 755, -0.03871624544262886
15, 0, 9, 824, 847, -0.028405549004673958
15, 0, 10, 903, 794, -0.043933283537626266
15, 0, 11, 890, 794, -0.04311438649892807
15, 0, 12, 864, 809, -0.03791439160704613
15, 0, 13, 852, 876, -0.02827274240553379
15, 0, 14, 916, 822, -0.04035807028412819
15, 0, 15, 899, 824, -0.03426072373986244
15, 0, 16, 878, 839, -0.025683393701910973
15, 0, 17, 877, 897, -0.028310412541031837
15, 0, 18, 925, 849, -0.03325954079627991
15, 0, 19, 910, 847, -0.02769828587770462
15, 0, 20, 892, 861, -0.021920220926404
15, 1, 0, 0, 0, 0.0
15, 1, 1, 0, 0, 0.0
15, 1, 2, 0, 0, 0.0
15, 1, 3, 0, 0, 0.0
15, 1, 4, 0, 0, 0.0
15, 1, 5, 0, 0, 0.0
15, 1, 6, 0, 0, 0.0
15, 1, 7, 0, 0, 0.0
15, 1, 8, 0, 0, 0.0
15, 1, 9, 0, 0, 0.0
15, 1, 10, 0, 0, 0.0
15, 1, 11, 0, 0, 0.0
15, 1, 12, 0, 0, 0.0
15, 1, 13, 0, 0, 0.0
15, 1, 14, 0, 0, 0.0
15, 1, 15, 0, 0, 0.0
15, 1, 16, 0, 0, 0.0
15, 1, 17, 0, 0, 0.0
15, 1, 18, 0, 0, 0.0
15, 1, 19, 0, 0, 0.0
15, 1, 20, 0, 0, 0.0
16, 0, 0, 811, 796, 4.818816456975128e-09
16, 0, 1, 801, 746, -0.005852924659848213
16, 0, 2, 832, 691, -0.01097476202994585
16, 0, 3, 877, 663, -0.014110550284385681
16, 0, 4, 919, 658, -0.01587568409740925
16, 0, 5, 816, 705, -0.022106721997261047
16, 0, 6, 854, 659, -0.03337007015943527
16, 0, 7, 882, 638, -0.03760343790054321
16, 0, 8, 907, 627, -0.03939039632678032
16, 0, 9, 838, 735, -0.024395784363150597
16, 0, 10, 912, 685, -0.038559574633836746
16, 0, 11, 901, 695, -0.038161009550094604
16, 0, 12, 878, 710, -0.03419329598546028
16, 0, 13, 864, 763, -0.026313403621315956
16, 0, 14, 926, 714, -0.03701584413647652
16, 0, 15, 910, 726, -0.029885077849030495
16, 0, 16, 892, 740, -0.021604757755994797
16, 0, 17, 886, 788, -0.028585925698280334
16, 0, 18, 934, 746, -0.03245024383068085
16, 0, 19, 920, 752, -0.025554614141583443
16, 0, 20, 903, 765, -0.019237888976931572
16, 1, 0, 801, 831, 5.628307775396024e-08
16, 1, 1, 807, 779, 0.0006947458605282009
16, 1, 2, 831, 736, -0.0005358410417102277
16, 1, 3, 860, 712, -0.002348650014027953
16, 1, 4, 886, 706, -0.0030397463124245405
16, 1, 5, 837, 740, -0.003370322287082672
16, 1, 6, 880, 700, -0.007507797796279192
16, 1, 7, 888, 688, -0.007881845347583294
16, 1, 8, 891, 686, -0.00670182891190052
16, 1, 9, 855, 758, -0.006475365255028009
16, 1, 10, 907, 711, -0.011888551525771618
16, 1, 11, 907, 708, -0.011419925838708878
16, 1, 12, 899, 716, -0.008678685873746872
16, 1, 13, 874, 776, -0.009370511397719383
16, 1, 14, 923, 730, -0.012773422524333
16, 1, 15, 915, 729, -0.008857164531946182
16, 1, 16, 904, 740, -0.0040178787894546986
16, 1, 17, 893, 794, -0.012282398529350758
16, 1, 18, 930, 753, -0.011953371576964855
16, 1, 19, 921, 753, -0.006676630582660437
16, 1, 20, 908, 767, -0.0016966487746685743
17, 0, 0, 0, 0, 0.0
17, 0, 1, 0, 0, 0.0
17, 0, 2, 0, 0, 0.0
17, 0, 3, 0, 0, 0.0
17, 0, 4, 0, 0, 0.0
17, 0, 5, 0, 0, 0.0
17, 0, 6, 0, 0, 0.0
17, 0, 7, 0, 0, 0.0
17, 0, 8, 0, 0, 0.0
17, 0, 9, 0, 0, 0.0
17, 0, 10, 0, 0, 0.0
17, 0, 11, 0, 0, 0.0
17, 0, 12, 0, 0, 0.0
17, 0, 13, 0, 0, 0.0
17, 0, 14, 0, 0, 0.0
17, 0, 15, 0, 0, 0.0
17, 0, 16, 0, 0, 0.0
17, 0, 17, 0, 0, 0.0
17, 0, 18, 0, 0, 0.0
17, 0, 19, 0, 0, 0.0
17, 0, 20, 0, 0, 0.0
17, 1, 0, 0, 0, 0.0
17, 1, 1, 0, 0, 0.0
17, 1, 2, 0, 0, 0.0
17, 1, 3, 0, 0, 0.0
17, 1, 4, 0, 0, 0.0
17, 1, 5, 0, 0, 0.0
17, 1, 6, 0, 0, 0.0
17, 1, 7, 0, 0, 0.0
17, 1, 8, 0, 0, 0.0
17, 1, 9, 0, 0, 0.0
17, 1, 10, 0, 0, 0.0
17, 1, 11, 0, 0, 0.0
17, 1, 12, 0, 0, 0.0
17, 1, 13, 0, 0, 0.0
17, 1, 14, 0, 0, 0.0
17, 1, 15, 0, 0, 0.0
17, 1, 16, 0, 0, 0.0
17, 1, 17, 0, 0, 0.0
17, 1, 18, 0, 0, 0.0
17, 1, 19, 0, 0, 0.0
17, 1, 20, 0, 0, 0.0
18, 0, 0, 832, 656, 3.691312144837866e-08
18, 0, 1, 816, 608, 0.0016737787518650293
18, 0, 2, 835, 552, -0.0029820799827575684
18, 0, 3, 873, 517, -0.0071956682950258255
18, 0, 4, 906, 503, -0.010822974145412445
18, 0, 5, 826, 536, -0.020347949117422104
18, 0, 6, 855, 473, -0.029371634125709534
18, 0, 7, 886, 448, -0.031129976734519005
18, 0, 8, 911, 438, -0.0307924784719944
18, 0, 9, 850, 557, -0.025142798200249672
18, 0, 10, 923, 510, -0.03427564725279808
18, 0, 11, 919, 533, -0.029303167015314102
18, 0, 12, 898, 550, -0.023170271888375282
18, 0, 13, 876, 582, -0.028739530593156815
18, 0, 14, 937, 546, -0.03383511304855347
18, 0, 15, 926, 566, -0.024075688794255257
18, 0, 16, 907, 579, -0.01579342782497406
18, 0, 17, 900, 608, -0.03203033655881882
18, 0, 18, 946, 576, -0.03088586963713169
18, 0, 19, 937, 590, -0.02125527523458004
18, 0, 20, 920, 601, -0.013663291931152344
18, 1, 0, 0, 0, 0.0
18, 1, 1, 0, 0, 0.0
18, 1, 2, 0, 0, 0.0
18, 1, 3, 0, 0, 0.0
18, 1, 4, 0, 0, 0.0
18, 1, 5, 0, 0, 0.0
18, 1, 6, 0, 0, 0.0
18, 1, 7, 0, 0, 0.0
18, 1, 8, 0, 0, 0.0
18, 1, 9, 0, 0, 0.0
18, 1, 10, 0, 0, 0.0
18, 1, 11, 0, 0, 0.0
18, 1, 12, 0, 0, 0.0
18, 1, 13, 0, 0, 0.0
18, 1, 14, 0, 0, 0.0
18, 1, 15, 0, 0, 0.0
18, 1, 16, 0, 0, 0.0
18, 1, 17, 0, 0, 0.0
18, 1, 18, 0, 0, 0.0
18, 1, 19, 0, 0, 0.0
18, 1, 20, 0, 0, 0.0
19, 0, 0, 838, 620, 1.1206402206198618e-07
19, 0, 1, 826, 556, 0.009318448603153229
19, 0, 2, 839, 501, 0.008982587605714798
19, 0, 3, 867, 474, 0.006520245689898729
19, 0, 4, 899, 467, 0.0036732726730406284
19, 0, 5, 842, 470, -0.001861576340161264
19, 0, 6, 865, 417, -0.005326737184077501
19, 0, 7, 887, 390, -0.0069456505589187145
19, 0, 8, 905, 371, -0.007705391384661198
19, 0, 9, 865, 484, -0.009840482845902443
19, 0, 10, 929, 450, -0.013464393094182014
19, 0, 11, 927, 473, -0.01114311721175909
19, 0, 12, 908, 489, -0.007820025086402893
19, 0, 13, 891, 507, -0.016401754692196846
19, 0, 14, 944, 485, -0.017448002472519875
19, 0, 15, 934, 504, -0.011035277508199215
19, 0, 16, 915, 514, -0.005913525819778442
19, 0, 17, 912, 534, -0.022160816937685013
19, 0, 18, 952, 514, -0.01729034259915352
19, 0, 19, 942, 530, -0.007477503269910812
19, 0, 20, 925, 542, -0.0001851470733527094
19, 1, 0, 0, 0, 0.0
19, 1, 1, 0, 0, 0.0
19, 1, 2, 0, 0, 0.0
19, 1, 3, 0, 0, 0.0
19, 1, 4, 0, 0, 0.0
19, 1, 5, 0, 0, 0.0
19, 1, 6, 0, 0, 0.0
19, 1, 7, 0, 0, 0.0
19, 1, 8, 0, 0, 0.0
19, 1, 9, 0, 0, 0.0
19, 1, 10, 0, 0, 0.0
19, 1, 11, 0, 0, 0.0
19, 1, 12, 0, 0, 0.0
19, 1, 13, 0, 0, 0.0
19, 1, 14, 0, 0, 0.0
19, 1, 15, 0, 0, 0.0
19, 1, 16, 0, 0, 0.0
19, 1, 17, 0, 0, 0.0
19, 1, 18, 0, 0, 0.0
19, 1, 19, 0, 0, 0.0
19, 1, 20, 0, 0, 0.0
20, 0, 0, 846, 578, 6.52884892815564e-08
20, 0, 1, 836, 510, 0.011544516310095787
20, 0, 2, 850, 456, 0.011757867410779
20, 0, 3, 878, 432, 0.008996651507914066
20, 0, 4, 909, 429, 0.005880611017346382
20, 0, 5, 857, 417, 0.000440716918092221
20, 0, 6, 880, 362, -0.0016360281733796
20, 0, 7, 906, 341, -0.0012623983202502131
20, 0, 8, 927, 333, -0.0004947040579281747
20, 0, 9, 882, 429, -0.00830476451665163
20, 0, 10, 941, 408, -0.010042666457593441
20, 0, 11, 937, 432, -0.00687561696395278
20, 0, 12, 918, 445, -0.003419337095692754
20, 0, 13, 907, 453, -0.015495690517127514
20, 0, 14, 955, 447, -0.013811036944389343
20, 0, 15, 944, 465, -0.007446976378560066
20, 0, 16, 926, 474, -0.003361807204782963
20, 0, 17, 929, 480, -0.02193698100745678
20, 0, 18, 963, 474, -0.015867019072175026
20, 0, 19, 952, 490, -0.007021940778940916
20, 0, 20, 936, 498, -0.0006252627354115248
20, 1, 0, 0, 0, 0.0
20, 1, 1, 0, 0, 0.0
20, 1, 2, 0, 0, 0.0
20, 1, 3, 0, 0, 0.0
20, 1, 4, 0, 0, 0.0
20, 1, 5, 0, 0, 0.0
20, 1, 6, 0, 0, 0.0
20, 1, 7, 0, 0, 0.0
20, 1, 8, 0, 0, 0.0
20, 1, 9, 0, 0, 0.0
20, 1, 10, 0, 0, 0.0
20, 1, 11, 0, 0, 0.0
20, 1, 12, 0, 0, 0.0
20, 1, 13, 0, 0, 0.0
20, 1, 14, 0, 0, 0.0
20, 1, 15, 0, 0, 0.0
20, 1, 16, 0, 0, 0.0
20, 1, 17, 0, 0, 0.0
20, 1, 18, 0, 0, 0.0
20, 1, 19, 0, 0, 0.0
20, 1, 20, 0, 0, 0.0
21, 0, 0, 855, 535, -1.4982576956867888e-08
21, 0, 1, 848, 473, 0.008295469917356968
21, 0, 2, 864, 423, 0.006801562383770943
21, 0, 3, 894, 402, 0.0030430248007178307
21, 0, 4, 927, 405, -0.0004521252412814647
21, 0, 5, 871, 389, -0.006109754554927349
21, 0, 6, 893, 324, -0.010276297107338905
21, 0, 7, 921, 315, -0.009309648536145687
21, 0, 8, 938, 328, -0.007241140119731426
21, 0, 9, 895, 403, -0.013172570616006851
21, 0, 10, 953, 390, -0.016172092407941818
21, 0, 11, 948, 415, -0.012888490222394466
21, 0, 12, 928, 425, -0.01005096361041069
21, 0, 13, 920, 426, -0.018879583105444908
21, 0, 14, 965, 426, -0.01812603510916233
21, 0, 15, 955, 445, -0.011851368471980095
21, 0, 16, 938, 452, -0.00840949360281229
21, 0, 17, 941, 452, -0.02404983714222908
21, 0, 18, 970, 452, -0.01897446997463703
21, 0, 19, 961, 468, -0.010864038951694965
21, 0, 20, 947, 475, -0.005222166422754526
21, 1, 0, 0, 0, 0.0
21, 1, 1, 0, 0, 0.0
21, 1, 2, 0, 0, 0.0
21, 1, 3, 0, 0, 0.0
21, 1, 4, 0, 0, 0.0
21, 1, 5, 0, 0, 0.0
21, 1, 6, 0, 0, 0.0
21, 1, 7, 0, 0, 0.0
21, 1, 8, 0, 0, 0.0
21, 1, 9, 0, 0, 0.0
21, 1, 10, 0, 0, 0.0
21, 1, 11, 0, 0, 0.0
21, 1, 12, 0, 0, 0.0
21, 1, 13, 0, 0, 0.0
21, 1, 14, 0, 0, 0.0
21, 1, 15, 0, 0, 0.0
21, 1, 16, 0, 0, 0.0
21, 1, 17, 0, 0, 0.0
21, 1, 18, 0, 0, 0.0
21, 1, 19, 0, 0, 0.0
21, 1, 20, 0, 0, 0.0
22, 0, 0, 862, 525, -5.7042953471864166e-08
22, 0, 1, 852, 469, 0.006969955284148455
22, 0, 2, 864, 417, 0.004992973525077105
22, 0, 3, 893, 394, 0.0007966630510054529
22, 0, 4, 924, 393, -0.0030235606245696545
22, 0, 5, 872, 383, -0.007498744875192642
22, 0, 6, 900, 316, -0.012322916649281979
22, 0, 7, 928, 310, -0.011605139821767807
22, 0, 8, 942, 327, -0.00954514741897583
22, 0, 9, 897, 394, -0.014154365286231041
22, 0, 10, 955, 383, -0.017693625763058662
22, 0, 11, 949, 408, -0.014326438307762146
22, 0, 12, 929, 419, -0.011366975493729115
22, 0, 13, 922, 416, -0.0195818729698658
22, 0, 14, 967, 419, -0.01925085298717022
22, 0, 15, 958, 437, -0.01276554074138403
22, 0, 16, 941, 444, -0.009316567331552505
22, 0, 17, 943, 440, -0.024733075872063637
22, 0, 18, 976, 442, -0.020272089168429375
22, 0, 19, 965, 459, -0.012101038359105587
22, 0, 20, 951, 467, -0.006385990418493748
22, 1, 0, 0, 0, 0.0
22, 1, 1, 0, 0, 0.0
22, 1, 2, 0, 0, 0.0
22, 1, 3, 0, 0, 0.0
22, 1, 4, 0, 0, 0.0
22, 1, 5, 0, 0, 0.0
22, 1, 6, 0, 0, 0.0
22, 1, 7, 0, 0, 0.0
22, 1, 8, 0, 0, 0.0
22, 1, 9, 0, 0, 0.0
22, 1, 10, 0, 0, 0.0
22, 1, 11, 0, 0, 0.0
22, 1, 12, 0, 0, 0.0
22, 1, 13, 0, 0, 0.0
22, 1, 14, 0, 0, 0.0
22, 1, 15, 0, 0, 0.0
22, 1, 16, 0, 0, 0.0
22, 1, 17, 0, 0, 0.0
22, 1, 18, 0, 0, 0.0
22, 1, 19, 0, 0, 0.0
22, 1, 20, 0, 0, 0.0
23, 0, 0, 862, 523, -6.897803217498222e-08
23, 0, 1, 853, 467, 0.007483336608856916
23, 0, 2, 869, 416, 0.005579881835728884
23, 0, 3, 901, 391, 0.0012936877319589257
23, 0, 4, 935, 386, -0.0025323808658868074
23, 0, 5, 872, 382, -0.006414740812033415
23, 0, 6, 899, 315, -0.011579192243516445
23, 0, 7, 928, 308, -0.011688084341585636
23, 0, 8, 944, 323, -0.010370254516601562
23, 0, 9, 894, 392, -0.013602896593511105
23, 0, 10, 957, 381, -0.017617542296648026
23, 0, 11, 954, 406, -0.015226459130644798
23, 0, 12, 934, 418, -0.012962114997208118
23, 0, 13, 917, 413, -0.019548557698726654
23, 0, 14, 966, 417, -0.019748011603951454
23, 0, 15, 957, 437, -0.0136414160951972
23, 0, 16, 941, 445, -0.010346196591854095
23, 0, 17, 939, 438, -0.02517399936914444
23, 0, 18, 972, 441, -0.02106940746307373
23, 0, 19, 963, 459, -0.013075302354991436
23, 0, 20, 948, 467, -0.007475595921278
23, 1, 0, 0, 0, 0.0
23, 1, 1, 0, 0, 0.0
23, 1, 2, 0, 0, 0.0
23, 1, 3, 0, 0, 0.0
23, 1, 4, 0, 0, 0.0
23, 1, 5, 0, 0, 0.0
23, 1, 6, 0, 0, 0.0
23, 1, 7, 0, 0, 0.0
23, 1, 8, 0, 0, 0.0
23, 1, 9, 0, 0, 0.0
23, 1, 10, 0, 0, 0.0
23, 1, 11, 0, 0, 0.0
23, 1, 12, 0, 0, 0.0
23, 1, 13, 0, 0, 0.0
23, 1, 14, 0, 0, 0.0
23, 1, 15, 0, 0, 0.0
23, 1, 16, 0, 0, 0.0
23, 1, 17, 0, 0, 0.0
23, 1, 18, 0, 0, 0.0
23, 1, 19, 0, 0, 0.0
23, 1, 20, 0, 0, 0.0
24, 0, 0, 855, 530, -7.084061337536696e-08
24, 0, 1, 847, 474, 0.008077258244156837
24, 0, 2, 862, 422, 0.005092237610369921
24, 0, 3, 896, 395, -0.0005116043612360954
24, 0, 4, 931, 389, -0.00554633466526866
24, 0, 5, 863, 385, -0.00784863717854023
24, 0, 6, 895, 320, -0.014249628409743309
24, 0, 7, 927, 321, -0.014221865683794022
24, 0, 8, 944, 341, -0.012484844774007797
24, 0, 9, 882, 399, -0.016042985022068024
24, 0, 10, 950, 382, -0.020971087738871574
24, 0, 11, 945, 410, -0.01720573753118515
24, 0, 12, 925, 421, -0.013810921460390091
24, 0, 13, 904, 421, -0.023092467337846756
24, 0, 14, 960, 420, -0.02352198399603367
24, 0, 15, 949, 442, -0.01554835494607687
24, 0, 16, 930, 448, -0.01097903773188591
24, 0, 17, 926, 447, -0.02983194589614868
24, 0, 18, 964, 445, -0.025261059403419495
24, 0, 19, 955, 462, -0.0160688403993845
24, 0, 20, 940, 469, -0.009784535504877567
24, 1, 0, 0, 0, 0.0
24, 1, 1, 0, 0, 0.0
24, 1, 2, 0, 0, 0.0
24, 1, 3, 0, 0, 0.0
24, 1, 4, 0, 0, 0.0
24, 1, 5, 0, 0, 0.0
24, 1, 6, 0, 0, 0.0
24, 1, 7, 0, 0, 0.0
24, 1, 8, 0, 0, 0.0
24, 1, 9, 0, 0, 0.0
24, 1, 10, 0, 0, 0.0
24, 1, 11, 0, 0, 0.0
24, 1, 12, 0, 0, 0.0
24, 1, 13, 0, 0, 0.0
24, 1, 14, 0, 0, 0.0
24, 1, 15, 0, 0, 0.0
24, 1, 16, 0, 0, 0.0
24, 1, 17, 0, 0, 0.0
24, 1, 18, 0, 0, 0.0
24, 1, 19, 0, 0, 0.0
24, 1, 20, 0, 0, 0.0
25, 0, 0, 845, 547, -4.98740888588145e-08
25, 0, 1, 835, 488, 0.009130936115980148
25, 0, 2, 846, 432, 0.005886244121938944
25, 0, 3, 872, 397, 4.190415347693488e-05
25, 0, 4, 902, 382, -0.005337254609912634
25, 0, 5, 842, 400, -0.01081342063844204
25, 0, 6, 874, 332, -0.01810952089726925
25, 0, 7, 909, 329, -0.01780232973396778
25, 0, 8, 929, 346, -0.015685008838772774
25, 0, 9, 860, 417, -0.01984439417719841
25, 0, 10, 931, 381, -0.026136644184589386
25, 0, 11, 932, 410, -0.02094269171357155
25, 0, 12, 912, 426, -0.016248546540737152
25, 0, 13, 883, 441, -0.027507035061717033
25, 0, 14, 945, 422, -0.02933916635811329
25, 0, 15, 937, 446, -0.019831229001283646
25, 0, 16, 918, 457, -0.01387061644345522
25, 0, 17, 906, 468, -0.0346747487783432
25, 0, 18, 952, 453, -0.0307568721473217
25, 0, 19, 943, 471, -0.020962046459317207
25, 0, 20, 926, 479, -0.014386058785021305
25, 1, 0, 0, 0, 0.0
25, 1, 1, 0, 0, 0.0
25, 1, 2, 0, 0, 0.0
25, 1, 3, 0, 0, 0.0
25, 1, 4, 0, 0, 0.0
25, 1, 5, 0, 0, 0.0
25, 1, 6, 0, 0, 0.0
25, 1, 7, 0, 0, 0.0
25, 1, 8, 0, 0, 0.0
25, 1, 9, 0, 0, 0.0
25, 1, 10, 0, 0, 0.0
25, 1, 11, 0, 0, 0.0
25, 1, 12, 0, 0, 0.0
25, 1, 13, 0, 0, 0.0
25, 1, 14, 0, 0, 0.0
25, 1, 15, 0, 0, 0.0
25, 1, 16, 0, 0, 0.0
25, 1, 17, 0, 0, 0.0
25, 1, 18, 0, 0, 0.0
25, 1, 19, 0, 0, 0.0
25, 1, 20, 0, 0, 0.0
26, 0, 0, 830, 571, 4.628389049798898e-08
26, 0, 1, 821, 510, 0.006638390477746725
26, 0, 2, 833, 453, 0.0012093078112229705
26, 0, 3, 864, 418, -0.006373233627527952
26, 0, 4, 900, 402, -0.013255154713988304
26, 0, 5, 818, 426, -0.01603143848478794
26, 0, 6, 850, 357, -0.025561530143022537
26, 0, 7, 889, 345, -0.02697727456688881
26, 0, 8, 913, 355, -0.025926517322659492
26, 0, 9, 830, 445, -0.024507835507392883
26, 0, 10, 907, 391, -0.03224976360797882
26, 0, 11, 927, 413, -0.02763664908707142
26, 0, 12, 920, 432, -0.0234242994338274
26, 0, 13, 852, 469, -0.03168802335858345
26, 0, 14, 926, 433, -0.03504975885152817
26, 0, 15, 929, 458, -0.025315579026937485
26, 0, 16, 912, 475, -0.018769320100545883
26, 0, 17, 877, 494, -0.038609739392995834
26, 0, 18, 934, 468, -0.036059215664863586
26, 0, 19, 933, 485, -0.026417260989546776
26, 0, 20, 917, 497, -0.019670069217681885
26, 1, 0, 0, 0, 0.0
26, 1, 1, 0, 0, 0.0
26, 1, 2, 0, 0, 0.0
26, 1, 3, 0, 0, 0.0
26, 1, 4, 0, 0, 0.0
26, 1, 5, 0, 0, 0.0
26, 1, 6, 0, 0, 0.0
26, 1, 7, 0, 0, 0.0
26, 1, 8, 0, 0, 0.0
26, 1, 9, 0, 0, 0.0
26, 1, 10, 0, 0, 0.0
26, 1, 11, 0, 0, 0.0
26, 1, 12, 0, 0, 0.0
26, 1, 13, 0, 0, 0.0
26, 1, 14, 0, 0, 0.0
26, 1, 15, 0, 0, 0.0
26, 1, 16, 0, 0, 0.0
26, 1, 17, 0, 0, 0.0
26, 1, 18, 0, 0, 0.0
26, 1, 19, 0, 0, 0.0
26, 1, 20, 0, 0, 0.0
27, 0, 0, 1277, 976, 1.8941892676593852e-07
27, 0, 1, 1250, 952, -0.02346055768430233
27, 0, 2, 1224, 945, -0.038588184863328934
27, 0, 3, 1208, 951, -0.04922356456518173
27, 0, 4, 1204, 960, -0.059486471116542816
27, 0, 5, 1234, 1009, -0.04090491309762001
27, 0, 6, 1222, 1045, -0.05590297281742096
27, 0, 7, 1205, 1066, -0.06486015021800995
27, 0, 8, 1188, 1081, -0.06989441812038422
27, 0, 9, 1244, 1035, -0.033281199634075165
27, 0, 10, 1226, 1073, -0.04560534656047821
27, 0, 11, 1202, 1092, -0.05100804567337036
27, 0, 12, 1182, 1101, -0.05453905090689659
27, 0, 13, 1248, 1050, -0.026100827381014824
27, 0, 14, 1228, 1083, -0.035729147493839264
27, 0, 15, 1205, 1098, -0.038945522159338
27, 0, 16, 1184, 1107, -0.04068055376410484
27, 0, 17, 1249, 1055, -0.02048317715525627
27, 0, 18, 1230, 1082, -0.027026213705539703
27, 0, 19, 1209, 1096, -0.029078185558319092
27, 0, 20, 1190, 1104, -0.030133327469229698
27, 1, 0, 816, 592, 1.8845118177068798e-07
27, 1, 1, 814, 528, 0.006292124278843403
27, 1, 2, 822, 474, 0.0011384743265807629
27, 1, 3, 843, 435, -0.0061149937100708485
27, 1, 4, 872, 412, -0.013179589994251728
27, 1, 5, 799, 445, -0.01696612685918808
27, 1, 6, 827, 381, -0.03038405068218708
27, 1, 7, 866, 362, -0.03694448247551918
27, 1, 8, 899, 360, -0.03979209065437317
27, 1, 9, 806, 469, -0.02640761435031891
27, 1, 10, 870, 409, -0.03976597636938095
27, 1, 11, 916, 402, -0.042188696563243866
27, 1, 12, 943, 408, -0.042281460016965866
27, 1, 13, 825, 498, -0.034620251506567
27, 1, 14, 893, 446, -0.04371335729956627
27, 1, 15, 932, 439, -0.04122290015220642
27, 1, 16, 955, 442, -0.03812265396118164
27, 1, 17, 851, 527, -0.04226526990532875
27, 1, 18, 907, 487, -0.04575670138001442
27, 1, 19, 937, 472, -0.04207490757107735
27, 1, 20, 958, 462, -0.03827087953686714
28, 0, 0, 800, 612, 2.0461651217829058e-07
28, 0, 1, 821, 549, 0.0024026455357670784
28, 0, 2, 837, 491, -0.003668406745418906
28, 0, 3, 859, 453, -0.011607982218265533
28, 0, 4, 879, 425, -0.02004617266356945
28, 0, 5, 794, 472, -0.019149092957377434
28, 0, 6, 805, 408, -0.035398244857788086
28, 0, 7, 839, 381, -0.04551134258508682
28, 0, 8, 871, 368, -0.051717404276132584
28, 0, 9, 797, 496, -0.029105711728334427
28, 0, 10, 833, 431, -0.04513074830174446
28, 0, 11, 874, 405, -0.05269620567560196
28, 0, 12, 906, 390, -0.057734474539756775
28, 0, 13, 811, 525, -0.03862793743610382
28, 0, 14, 849, 471, -0.052280690521001816
28, 0, 15, 887, 443, -0.05675569921731949
28, 0, 16, 915, 424, -0.059453487396240234
28, 0, 17, 832, 556, -0.04780131205916405
28, 0, 18, 863, 516, -0.0576004758477211
28, 0, 19, 887, 491, -0.06009833887219429
28, 0, 20, 907, 470, -0.06178874522447586
28, 1, 0, 0, 0, 0.0
28, 1, 1, 0, 0, 0.0
28, 1, 2, 0, 0, 0.0
28, 1, 3, 0, 0, 0.0
28, 1, 4, 0, 0, 0.0
28, 1, 5, 0, 0, 0.0
28, 1, 6, 0, 0, 0.0
28, 1, 7, 0, 0, 0.0
28, 1, 8, 0, 0, 0.0
28, 1, 9, 0, 0, 0.0
28, 1, 10, 0, 0, 0.0
28, 1, 11, 0, 0, 0.0
28, 1, 12, 0, 0, 0.0
28, 1, 13, 0, 0, 0.0
28, 1, 14, 0, 0, 0.0
28, 1, 15, 0, 0, 0.0
28, 1, 16, 0, 0, 0.0
28, 1, 17, 0, 0, 0.0
28, 1, 18, 0, 0, 0.0
28, 1, 19, 0, 0, 0.0
28, 1, 20, 0, 0, 0.0
29, 0, 0, 1274, 808, -3.4262860992839705e-08
29, 0, 1, 1249, 770, -0.005016656126827002
29, 0, 2, 1224, 739, -0.009784677997231483
29, 0, 3, 1210, 712, -0.014041915535926819
29, 0, 4, 1207, 689, -0.019217219203710556
29, 0, 5, 1239, 767, -0.015229078009724617
29, 0, 6, 1222, 769, -0.024305859580636024
29, 0, 7, 1213, 777, -0.03218400478363037
29, 0, 8, 1204, 786, -0.03753103315830231
29, 0, 9, 1241, 800, -0.016972802579402924
29, 0, 10, 1224, 810, -0.023931654170155525
29, 0, 11, 1208, 815, -0.030388131737709045
29, 0, 12, 1193, 819, -0.03715263307094574
29, 0, 13, 1243, 829, -0.018608879297971725
29, 0, 14, 1224, 841, -0.02526414394378662
29, 0, 15, 1208, 845, -0.028828592970967293
29, 0, 16, 1192, 847, -0.03280239179730415
29, 0, 17, 1244, 852, -0.02048054151237011
29, 0, 18, 1225, 866, -0.026183102279901505
29, 0, 19, 1207, 873, -0.028152715414762497
29, 0, 20, 1190, 877, -0.030473550781607628
29, 1, 0, 791, 618, 1.4968880179822008e-07
29, 1, 1, 810, 543, -0.0006068325601518154
29, 1, 2, 823, 482, -0.007235610857605934
29, 1, 3, 835, 444, -0.015070981346070766
29, 1, 4, 847, 416, -0.023568974807858467
29, 1, 5, 787, 484, -0.023322539404034615
29, 1, 6, 800, 431, -0.04052950069308281
29, 1, 7, 820, 405, -0.05149504169821739
29, 1, 8, 840, 388, -0.05891936272382736
29, 1, 9, 787, 512, -0.03262811899185181
29, 1, 10, 807, 465, -0.05075639858841896
29, 1, 11, 831, 436, -0.06132379546761513
29, 1, 12, 852, 414, -0.06903720647096634
29, 1, 13, 796, 545, -0.041559625416994095
29, 1, 14, 815, 505, -0.05896658077836037
29, 1, 15, 833, 476, -0.06856981664896011
29, 1, 16, 848, 451, -0.0749654546380043
29, 1, 17, 814, 580, -0.049990370869636536
29, 1, 18, 828, 551, -0.06377319991588593
29, 1, 19, 839, 530, -0.07058317214250565
29, 1, 20, 849, 510, -0.0758572518825531
30, 0, 0, 1272, 746, -2.1604114053275225e-08
30, 0, 1, 1250, 775, -0.002013516379520297
30, 0, 2, 1227, 801, -0.0044206310994923115
30, 0, 3, 1207, 813, -0.006506012286990881
30, 0, 4, 1187, 812, -0.009006015956401825
30, 0, 5, 1241, 769, -0.009516306221485138
30, 0, 6, 1224, 765, -0.01288756262511015
30, 0, 7, 1213, 759, -0.015211750753223896
30, 0, 8, 1200, 749, -0.01735880598425865
30, 0, 9, 1248, 748, -0.01105220802128315
30, 0, 10, 1226, 735, -0.013455521315336227
30, 0, 11, 1213, 726, -0.014242957346141338
30, 0, 12, 1204, 716, -0.01619672030210495
30, 0, 13, 1251, 731, -0.012518835254013538
30, 0, 14, 1231, 720, -0.015777969732880592
30, 0, 15, 1216, 713, -0.01591486483812332
30, 0, 16, 1206, 703, -0.016768643632531166
30, 0, 17, 1253, 721, -0.013940706849098206
30, 0, 18, 1234, 725, -0.016633544117212296
30, 0, 19, 1220, 723, -0.01628168299794197
30, 0, 20, 1209, 717, -0.016768397763371468
30, 1, 0, 783, 621, 8.857760747105203e-08
30, 1, 1, 794, 547, -0.0011586963664740324
30, 1, 2, 803, 481, -0.005805145483464003
30, 1, 3, 809, 440, -0.011101316660642624
30, 1, 4, 815, 407, -0.016685394570231438
30, 1, 5, 782, 502, -0.01937842182815075
30, 1, 6, 795, 453, -0.033296849578619
30, 1, 7, 805, 429, -0.04154759272933006
30, 1, 8, 811, 409, -0.047123536467552185
30, 1, 9, 785, 528, -0.026727847754955292
30, 1, 10, 799, 487, -0.04027578979730606
30, 1, 11, 808, 462, -0.04670802131295204
30, 1, 12, 810, 441, -0.05178828537464142
30, 1, 13, 793, 560, -0.03409329056739807
30, 1, 14, 810, 524, -0.0483170710504055
30, 1, 15, 816, 498, -0.054619599133729935
30, 1, 16, 814, 473, -0.05879927799105644
30, 1, 17, 804, 596, -0.04099206626415253
30, 1, 18, 816, 572, -0.05264512449502945
30, 1, 19, 819, 554, -0.057529088109731674
30, 1, 20, 817, 536, -0.06133480370044708
31, 0, 0, 783, 619, -4.508928341806495e-08
31, 0, 1, 785, 547, -0.0022188974544405937
31, 0, 2, 791, 484, -0.006921696476638317
31, 0, 3, 797, 444, -0.012260191142559052
31, 0, 4, 800, 412, -0.017949460074305534
31, 0, 5, 798, 502, -0.017783435061573982
31, 0, 6, 798, 461, -0.031421832740306854
31, 0, 7, 797, 451, -0.04081873968243599
31, 0, 8, 793, 445, -0.04737268015742302
31, 0, 9, 801, 531, -0.0244155153632164
31, 0, 10, 792, 500, -0.03656017780303955
31, 0, 11, 791, 486, -0.04395384341478348
31, 0, 12, 787, 473, -0.0506548136472702
31, 0, 13, 804, 565, -0.031317129731178284
31, 0, 14, 799, 538, -0.043417323380708694
31, 0, 15, 797, 519, -0.04965822026133537
31, 0, 16, 790, 499, -0.05497051775455475
31, 0, 17, 807, 602, -0.03809482231736183
31, 0, 18, 807, 585, -0.0496029406785965
31, 0, 19, 802, 571, -0.05510172247886658
31, 0, 20, 795, 556, -0.05970706418156624
31, 1, 0, 0, 0, 0.0
31, 1, 1, 0, 0, 0.0
31, 1, 2, 0, 0, 0.0
31, 1, 3, 0, 0, 0.0
31, 1, 4, 0, 0, 0.0
31, 1, 5, 0, 0, 0.0
31, 1, 6, 0, 0, 0.0
31, 1, 7, 0, 0, 0.0
31, 1, 8, 0, 0, 0.0
31, 1, 9, 0, 0, 0.0
31, 1, 10, 0, 0, 0.0
31, 1, 11, 0, 0, 0.0
31, 1, 12, 0, 0, 0.0
31, 1, 13, 0, 0, 0.0
31, 1, 14, 0, 0, 0.0
31, 1, 15, 0, 0, 0.0
31, 1, 16, 0, 0, 0.0
31, 1, 17, 0, 0, 0.0
31, 1, 18, 0, 0, 0.0
31, 1, 19, 0, 0, 0.0
31, 1, 20, 0, 0, 0.0
32, 0, 0, 1242, 669, 5.208854858551604e-08
32, 0, 1, 1207, 608, -0.001799200545065105
32, 0, 2, 1202, 555, -0.00392499566078186
32, 0, 3, 1205, 517, -0.007004155311733484
32, 0, 4, 1207, 487, -0.010820436291396618
32, 0, 5, 1219, 562, -0.00513831339776516
32, 0, 6, 1226, 531, -0.011995598673820496
32, 0, 7, 1223, 511, -0.017922263592481613
32, 0, 8, 1220, 494, -0.02271966263651848
32, 0, 9, 1229, 584, -0.009710714221000671
32, 0, 10, 1233, 552, -0.014172760769724846
32, 0, 11, 1229, 533, -0.01803451031446457
32, 0, 12, 1229, 517, -0.022591035813093185
32, 0, 13, 1233, 612, -0.014992855489253998
32, 0, 14, 1234, 586, -0.02042805776000023
32, 0, 15, 1233, 567, -0.023215211927890778
32, 0, 16, 1234, 549, -0.026685649529099464
32, 0, 17, 1226, 645, -0.020579641684889793
32, 0, 18, 1227, 632, -0.02606828883290291
32, 0, 19, 1227, 616, -0.02847098559141159
32, 0, 20, 1226, 599, -0.031351275742053986
32, 1, 0, 794, 628, -5.6374588552898786e-08
32, 1, 1, 804, 559, -0.002948860405012965
32, 1, 2, 806, 496, -0.007752600125968456
32, 1, 3, 800, 451, -0.012937691994011402
32, 1, 4, 794, 417, -0.01896204799413681
32, 1, 5, 808, 507, -0.01984526962041855
32, 1, 6, 788, 468, -0.034828100353479385
32, 1, 7, 783, 447, -0.045826490968465805
32, 1, 8, 782, 434, -0.05340271815657616
32, 1, 9, 807, 539, -0.026330484077334404
32, 1, 10, 779, 505, -0.040284570306539536
32, 1, 11, 774, 485, -0.04902469739317894
32, 1, 12, 771, 470, -0.05664578452706337
32, 1, 13, 805, 575, -0.033097028732299805
32, 1, 14, 783, 548, -0.04755542054772377
32, 1, 15, 781, 528, -0.05604253709316254
32, 1, 16, 778, 511, -0.06264211237430573
32, 1, 17, 803, 614, -0.039667677134275436
32, 1, 18, 792, 598, -0.05386660620570183
32, 1, 19, 787, 585, -0.06173711270093918
32, 1, 20, 779, 572, -0.06787170469760895
33, 0, 0, 1234, 657, 1.6190119822567794e-07
33, 0, 1, 1201, 598, -0.001536763971671462
33, 0, 2, 1196, 543, -0.003677662694826722
33, 0, 3, 1197, 504, -0.007181808352470398
33, 0, 4, 1201, 470, -0.01143735833466053
33, 0, 5, 1209, 541, -0.0022427206858992577
33, 0, 6, 1221, 509, -0.010036472231149673
33, 0, 7, 1223, 485, -0.017589079216122627
33, 0, 8, 1227, 462, -0.02371126040816307
33, 0, 9, 1218, 557, -0.007655556313693523
33, 0, 10, 1226, 527, -0.013579622842371464
33, 0, 11, 1229, 505, -0.020127510651946068
33, 0, 12, 1233, 481, -0.02643684856593609
33, 0, 13, 1224, 583, -0.01388972532004118
33, 0, 14, 1230, 556, -0.020962536334991455
33, 0, 15, 1233, 536, -0.025695892050862312
33, 0, 16, 1237, 518, -0.030105065554380417
33, 0, 17, 1223, 616, -0.020423512905836105
33, 0, 18, 1228, 600, -0.027003534138202667
33, 0, 19, 1229, 584, -0.0301381703466177
33, 0, 20, 1232, 568, -0.03326995670795441
33, 1, 0, 804, 653, -1.0389408799937883e-07
33, 1, 1, 814, 581, -0.004565201234072447
33, 1, 2, 805, 520, -0.008271283470094204
33, 1, 3, 790, 475, -0.012293965555727482
33, 1, 4, 783, 436, -0.01691404916346073
33, 1, 5, 810, 531, -0.012084634974598885
33, 1, 6, 785, 495, -0.02399914525449276
33, 1, 7, 769, 475, -0.033088572323322296
33, 1, 8, 760, 460, -0.03953641280531883
33, 1, 9, 806, 560, -0.016363251954317093
33, 1, 10, 776, 526, -0.02625247836112976
33, 1, 11, 762, 508, -0.03230730816721916
33, 1, 12, 752, 494, -0.038126133382320404
33, 1, 13, 803, 594, -0.021576039493083954
33, 1, 14, 778, 566, -0.03248075395822525
33, 1, 15, 767, 549, -0.036933254450559616
33, 1, 16, 757, 534, -0.040687382221221924
33, 1, 17, 800, 632, -0.027163507416844368
33, 1, 18, 787, 617, -0.03783046081662178
33, 1, 19, 781, 606, -0.04232490062713623
33, 1, 20, 771, 597, -0.045841336250305176
34, 0, 0, 1226, 659, 1.7507679217487748e-07
34, 0, 1, 1196, 603, -0.0018390972400084138
34, 0, 2, 1191, 548, -0.004959962796419859
34, 0, 3, 1193, 507, -0.009165644645690918
34, 0, 4, 1196, 474, -0.014199066907167435
34, 0, 5, 1198, 546, -0.0058821700513362885
34, 0, 6, 1210, 512, -0.015727054327726364
34, 0, 7, 1218, 486, -0.024407336488366127
34, 0, 8, 1228, 465, -0.03104713372886181
34, 0, 9, 1207, 562, -0.011529847048223019
34, 0, 10, 1220, 527, -0.019189035519957542
34, 0, 11, 1226, 501, -0.02566574513912201
34, 0, 12, 1236, 478, -0.031571805477142334
34, 0, 13, 1215, 588, -0.017933271825313568
34, 0, 14, 1226, 556, -0.02580554224550724
34, 0, 15, 1233, 534, -0.02967057004570961
34, 0, 16, 1240, 515, -0.03339412063360214
34, 0, 17, 1219, 622, -0.024656757712364197
34, 0, 18, 1229, 604, -0.03201983869075775
34, 0, 19, 1233, 586, -0.03483615443110466
34, 0, 20, 1237, 569, -0.037555139511823654
34, 1, 0, 803, 670, -8.414743035700667e-08
34, 1, 1, 816, 601, -0.008848516270518303
34, 1, 2, 802, 540, -0.016404975205659866
34, 1, 3, 782, 499, -0.023419255390763283
34, 1, 4, 774, 460, -0.0314662829041481
34, 1, 5, 801, 554, -0.024767819792032242
34, 1, 6, 774, 522, -0.043206192553043365
34, 1, 7, 756, 508, -0.05756080895662308
34, 1, 8, 740, 496, -0.06759878247976303
34, 1, 9, 795, 582, -0.02901988849043846
34, 1, 10, 764, 553, -0.046341344714164734
34, 1, 11, 748, 539, -0.05819154530763626
34, 1, 12, 733, 529, -0.06864970177412033
34, 1, 13, 790, 614, -0.034063056111335754
34, 1, 14, 767, 592, -0.05189940333366394
34, 1, 15, 751, 580, -0.06192782521247864
34, 1, 16, 733, 574, -0.06969743967056274
34, 1, 17, 785, 649, -0.03936595097184181
34, 1, 18, 772, 638, -0.055523186922073364
34, 1, 19, 762, 635, -0.06420232355594635
34, 1, 20, 748, 633, -0.07130315154790878
35, 0, 0, 1205, 671, 7.01086619869784e-08
35, 0, 1, 1182, 624, -0.0031850456725806
35, 0, 2, 1182, 569, -0.008030368946492672
35, 0, 3, 1191, 532, -0.013338656164705753
35, 0, 4, 1200, 503, -0.019226713106036186
35, 0, 5, 1190, 564, -0.01644621603190899
35, 0, 6, 1207, 523, -0.03081202134490013
35, 0, 7, 1207, 511, -0.04032760113477707
35, 0, 8, 1208, 514, -0.04596302658319473
35, 0, 9, 1202, 584, -0.022492824122309685
35, 0, 10, 1229, 546, -0.03451286256313324
35, 0, 11, 1231, 532, -0.039848703891038895
35, 0, 12, 1233, 530, -0.04375067353248596
35, 0, 13, 1213, 614, -0.02928360365331173
35, 0, 14, 1233, 584, -0.04063067585229874
35, 0, 15, 1238, 569, -0.044051941484212875
35, 0, 16, 1244, 559, -0.04680730774998665
35, 0, 17, 1217, 650, -0.03618922457098961
35, 0, 18, 1232, 635, -0.046741142868995667
35, 0, 19, 1236, 619, -0.05038350448012352
35, 0, 20, 1240, 606, -0.0531255267560482
35, 1, 0, 815, 699, -8.999860057201658e-08
35, 1, 1, 823, 639, -0.013810059055685997
35, 1, 2, 804, 582, -0.02406105026602745
35, 1, 3, 781, 541, -0.032394103705883026
35, 1, 4, 768, 502, -0.04187508299946785
35, 1, 5, 807, 603, -0.03142382949590683
35, 1, 6, 774, 574, -0.0496283583343029
35, 1, 7, 750, 563, -0.06359460204839706
35, 1, 8, 732, 555, -0.07355087995529175
35, 1, 9, 798, 633, -0.03310176357626915
35, 1, 10, 762, 602, -0.049753207713365555
35, 1, 11, 740, 592, -0.0614488460123539
35, 1, 12, 724, 587, -0.07227856665849686
35, 1, 13, 789, 664, -0.03564411774277687
35, 1, 14, 760, 639, -0.05360269546508789
35, 1, 15, 743, 630, -0.06478426605463028
35, 1, 16, 729, 627, -0.07368166744709015
35, 1, 17, 781, 696, -0.03854479268193245
35, 1, 18, 764, 688, -0.055019915103912354
35, 1, 19, 756, 687, -0.06454180926084518
35, 1, 20, 749, 688, -0.07262586057186127
36, 0, 0, 1204, 697, -1.9919902172205184e-07
36, 0, 1, 1174, 667, -0.006920705083757639
36, 0, 2, 1173, 620, -0.01161431334912777
36, 0, 3, 1187, 591, -0.016302168369293213
36, 0, 4, 1199, 569, -0.01994083635509014
36, 0, 5, 1200, 590, -0.01214685756713152
36, 0, 6, 1203, 547, -0.026035577058792114
36, 0, 7, 1191, 564, -0.0337473563849926
36, 0, 8, 1185, 591, -0.03673388436436653
36, 0, 9, 1227, 605, -0.01487138494849205
36, 0, 10, 1246, 574, -0.028575625270605087
36, 0, 11, 1219, 599, -0.03102957457304001
36, 0, 12, 1206, 625, -0.029733626171946526
36, 0, 13, 1245, 630, -0.01914631389081478
36, 0, 14, 1253, 609, -0.03177578002214432
36, 0, 15, 1225, 630, -0.030812501907348633
36, 0, 16, 1216, 648, -0.027659403160214424
36, 0, 17, 1254, 657, -0.02390466071665287
36, 0, 18, 1247, 649, -0.033777568489313126
36, 0, 19, 1226, 660, -0.03344321250915527
36, 0, 20, 1220, 671, -0.031170355156064034
36, 1, 0, 809, 725, -1.269479952270558e-07
36, 1, 1, 824, 676, -0.011099320836365223
36, 1, 2, 807, 630, -0.01969742216169834
36, 1, 3, 782, 597, -0.027053581550717354
36, 1, 4, 774, 565, -0.0355401411652565
36, 1, 5, 791, 646, -0.0229191817343235
36, 1, 6, 757, 637, -0.03682610020041466
36, 1, 7, 745, 641, -0.047217708081007004
36, 1, 8, 741, 644, -0.05438591167330742
36, 1, 9, 783, 682, -0.024315638467669487
36, 1, 10, 743, 678, -0.03803100436925888
36, 1, 11, 737, 681, -0.045889999717473984
36, 1, 12, 741, 684, -0.05237431451678276
36, 1, 13, 778, 714, -0.026407118886709213
36, 1, 14, 743, 712, -0.04042847827076912
36, 1, 15, 738, 715, -0.04444628581404686
36, 1, 16, 740, 717, -0.04700088873505592
36, 1, 17, 778, 742, -0.02889595553278923
36, 1, 18, 744, 742, -0.040095098316669464
36, 1, 19, 740, 746, -0.042117659002542496
36, 1, 20, 741, 746, -0.04350518435239792
37, 0, 0, 0, 0, 0.0
37, 0, 1, 0, 0, 0.0
37, 0, 2, 0, 0, 0.0
37, 0, 3, 0, 0, 0.0
37, 0, 4, 0, 0, 0.0
37, 0, 5, 0, 0, 0.0
37, 0, 6, 0, 0, 0.0
37, 0, 7, 0, 0, 0.0
37, 0, 8, 0, 0, 0.0
37, 0, 9, 0, 0, 0.0
37, 0, 10, 0, 0, 0.0
37, 0, 11, 0, 0, 0.0
37, 0, 12, 0, 0, 0.0
37, 0, 13, 0, 0, 0.0
37, 0, 14, 0, 0, 0.0
37, 0, 15, 0, 0, 0.0
37, 0, 16, 0, 0, 0.0
37, 0, 17, 0, 0, 0.0
37, 0, 18, 0, 0, 0.0
37, 0, 19, 0, 0, 0.0
37, 0, 20, 0, 0, 0.0
37, 1, 0, 0, 0, 0.0
37, 1, 1, 0, 0, 0.0
37, 1, 2, 0, 0, 0.0
37, 1, 3, 0, 0, 0.0
37, 1, 4, 0, 0, 0.0
37, 1, 5, 0, 0, 0.0
37, 1, 6, 0, 0, 0.0
37, 1, 7, 0, 0, 0.0
37, 1, 8, 0, 0, 0.0
37, 1, 9, 0, 0, 0.0
37, 1, 10, 0, 0, 0.0
37, 1, 11, 0, 0, 0.0
37, 1, 12, 0, 0, 0.0
37, 1, 13, 0, 0, 0.0
37, 1, 14, 0, 0, 0.0
37, 1, 15, 0, 0, 0.0
37, 1, 16, 0, 0, 0.0
37, 1, 17, 0, 0, 0.0
37, 1, 18, 0, 0, 0.0
37, 1, 19, 0, 0, 0.0
37, 1, 20, 0, 0, 0.0
38, 0, 0, 1202, 772, -4.151855748091293e-08
38, 0, 1, 1187, 739, -0.011260146275162697
38, 0, 2, 1184, 714, -0.01937722973525524
38, 0, 3, 1188, 695, -0.02689443528652191
38, 0, 4, 1206, 689, -0.03476666286587715
38, 0, 5, 1212, 746, -0.02218501828610897
38, 0, 6, 1232, 748, -0.03608732298016548
38, 0, 7, 1237, 751, -0.0460701622068882
38, 0, 8, 1238, 752, -0.052363477647304535
38, 0, 9, 1209, 780, -0.023632295429706573
38, 0, 10, 1236, 792, -0.037592921406030655
38, 0, 11, 1251, 797, -0.04217725619673729
38, 0, 12, 1261, 798, -0.045816630125045776
38, 0, 13, 1204, 807, -0.025700965896248817
38, 0, 14, 1229, 820, -0.039932750165462494
38, 0, 15, 1247, 826, -0.039740145206451416
38, 0, 16, 1258, 826, -0.03861389309167862
38, 0, 17, 1198, 828, -0.028910579159855843
38, 0, 18, 1223, 846, -0.0380362793803215
38, 0, 19, 1239, 849, -0.036849524825811386
38, 0, 20, 1251, 848, -0.03581077605485916
38, 1, 0, 825, 828, -9.54947765308134e-08
38, 1, 1, 835, 783, -0.02131441980600357
38, 1, 2, 820, 747, -0.0351359061896801
38, 1, 3, 801, 729, -0.04610084742307663
38, 1, 4, 781, 703, -0.05765262991189957
38, 1, 5, 783, 789, -0.03473350405693054
38, 1, 6, 764, 803, -0.052390698343515396
38, 1, 7, 756, 819, -0.06582237780094147
38, 1, 8, 747, 833, -0.074887715280056
38, 1, 9, 783, 825, -0.032380856573581696
38, 1, 10, 766, 852, -0.04807240515947342
38, 1, 11, 755, 869, -0.05854864791035652
38, 1, 12, 744, 879, -0.06780211627483368
38, 1, 13, 790, 855, -0.03139275684952736
38, 1, 14, 775, 878, -0.0454721599817276
38, 1, 15, 763, 892, -0.05121706798672676
38, 1, 16, 752, 901, -0.05638924986124039
38, 1, 17, 801, 880, -0.032023489475250244
38, 1, 18, 785, 904, -0.0430537611246109
38, 1, 19, 777, 915, -0.046697065234184265
38, 1, 20, 767, 921, -0.05028675124049187
39, 0, 0, 1178, 786, 4.6861782010410025e-08
39, 0, 1, 1170, 748, -0.019931335002183914
39, 0, 2, 1178, 720, -0.03398774564266205
39, 0, 3, 1186, 708, -0.045507751405239105
39, 0, 4, 1199, 703, -0.05688859149813652
39, 0, 5, 1208, 766, -0.03232929855585098
39, 0, 6, 1227, 773, -0.04417216777801514
39, 0, 7, 1238, 778, -0.051432572305202484
39, 0, 8, 1251, 783, -0.05654412508010864
39, 0, 9, 1210, 799, -0.0288238525390625
39, 0, 10, 1231, 807, -0.03975473344326019
39, 0, 11, 1239, 812, -0.04542318731546402
39, 0, 12, 1247, 813, -0.0499449297785759
39, 0, 13, 1207, 824, -0.02622424066066742
39, 0, 14, 1227, 838, -0.03635860234498978
39, 0, 15, 1238, 844, -0.04115310683846474
39, 0, 16, 1248, 843, -0.0443563386797905
39, 0, 17, 1201, 843, -0.024944452568888664
39, 0, 18, 1220, 864, -0.0331525057554245
39, 0, 19, 1228, 869, -0.036548055708408356
39, 0, 20, 1236, 866, -0.03897132724523544
39, 1, 0, 847, 848, -4.864141800453581e-08
39, 1, 1, 848, 804, -0.01788369193673134
39, 1, 2, 831, 769, -0.02942841872572899
39, 1, 3, 812, 747, -0.038809143006801605
39, 1, 4, 791, 727, -0.048757169395685196
39, 1, 5, 800, 821, -0.028812702745199203
39, 1, 6, 779, 831, -0.04362314194440842
39, 1, 7, 768, 844, -0.0550709143280983
39, 1, 8, 758, 864, -0.06247437745332718
39, 1, 9, 802, 858, -0.026552198454737663
39, 1, 10, 781, 878, -0.0383872464299202
39, 1, 11, 769, 892, -0.04599849879741669
39, 1, 12, 759, 906, -0.052729472517967224
39, 1, 13, 809, 886, -0.025469502434134483
39, 1, 14, 789, 906, -0.035498425364494324
39, 1, 15, 776, 918, -0.03886248543858528
39, 1, 16, 763, 929, -0.042148325592279434
39, 1, 17, 820, 908, -0.025938333943486214
39, 1, 18, 802, 928, -0.03391183167695999
39, 1, 19, 791, 940, -0.03589613363146782
39, 1, 20, 779, 950, -0.037839099764823914
40, 0, 0, 1179, 790, 1.796602688841631e-08
40, 0, 1, 1164, 753, -0.01730184443295002
40, 0, 2, 1167, 719, -0.030246153473854065
40, 0, 3, 1176, 702, -0.04125256463885307
40, 0, 4, 1190, 691, -0.05218871310353279
40, 0, 5, 1204, 755, -0.02893928624689579
40, 0, 6, 1216, 756, -0.040911830961704254
40, 0, 7, 1222, 760, -0.048307161778211594
40, 0, 8, 1235, 764, -0.05393918603658676
40, 0, 9, 1212, 789, -0.02708681859076023
40, 0, 10, 1224, 790, -0.03661217913031578
40, 0, 11, 1226, 793, -0.04021288454532623
40, 0, 12, 1236, 794, -0.04416327551007271
40, 0, 13, 1212, 818, -0.0262945257127285
40, 0, 14, 1223, 822, -0.036257971078157425
40, 0, 15, 1224, 824, -0.036733489483594894
40, 0, 16, 1234, 823, -0.0376204289495945
40, 0, 17, 1206, 841, -0.026958106085658073
40, 0, 18, 1216, 854, -0.035170894116163254
40, 0, 19, 1214, 854, -0.03573945537209511
40, 0, 20, 1219, 849, -0.03653109818696976
40, 1, 0, 852, 839, 1.73783671897354e-08
40, 1, 1, 851, 797, -0.017236923798918724
40, 1, 2, 833, 768, -0.028390904888510704
40, 1, 3, 814, 750, -0.037793539464473724
40, 1, 4, 796, 729, -0.04767942056059837
40, 1, 5, 806, 818, -0.026417424902319908
40, 1, 6, 785, 830, -0.03972266614437103
40, 1, 7, 774, 844, -0.04942987114191055
40, 1, 8, 764, 862, -0.05586337670683861
40, 1, 9, 807, 855, -0.024018704891204834
40, 1, 10, 783, 876, -0.03372896835207939
40, 1, 11, 771, 889, -0.03892264887690544
40, 1, 12, 760, 901, -0.04367263242602348
40, 1, 13, 813, 884, -0.022819653153419495
40, 1, 14, 791, 904, -0.030938072130084038
40, 1, 15, 777, 915, -0.03223223239183426
40, 1, 16, 763, 923, -0.03384508192539215
40, 1, 17, 825, 906, -0.023278439417481422
40, 1, 18, 806, 930, -0.029681185260415077
40, 1, 19, 794, 941, -0.030263129621744156
40, 1, 20, 782, 946, -0.03099679946899414
41, 0, 0, 1162, 782, 2.817186839365604e-08
41, 0, 1, 1153, 744, -0.013817361555993557
41, 0, 2, 1160, 709, -0.02418740652501583
41, 0, 3, 1172, 690, -0.03295150399208069
41, 0, 4, 1184, 675, -0.04202256351709366
41, 0, 5, 1185, 739, -0.02484038472175598
41, 0, 6, 1202, 734, -0.035399146378040314
41, 0, 7, 1214, 737, -0.04305217042565346
41, 0, 8, 1229, 745, -0.048993974924087524
41, 0, 9, 1191, 773, -0.024304267019033432
41, 0, 10, 1210, 775, -0.0324300155043602
41, 0, 11, 1222, 776, -0.03651395067572594
41, 0, 12, 1234, 779, -0.04123207926750183
41, 0, 13, 1190, 802, -0.024601472541689873
41, 0, 14, 1208, 807, -0.033329032361507416
41, 0, 15, 1222, 808, -0.03463512659072876
41, 0, 16, 1234, 808, -0.036562345921993256
41, 0, 17, 1185, 827, -0.026092173531651497
41, 0, 18, 1203, 837, -0.033982791006565094
41, 0, 19, 1212, 837, -0.03512990474700928
41, 0, 20, 1219, 833, -0.036717433482408524
41, 1, 0, 852, 832, 4.8291845189396554e-08
41, 1, 1, 854, 789, -0.020376119762659073
41, 1, 2, 838, 760, -0.033610180020332336
41, 1, 3, 819, 743, -0.044313982129096985
41, 1, 4, 800, 719, -0.05535046383738518
41, 1, 5, 811, 810, -0.03191686049103737
41, 1, 6, 790, 820, -0.046282023191452026
41, 1, 7, 778, 835, -0.056086406111717224
41, 1, 8, 769, 853, -0.06249549612402916
41, 1, 9, 812, 848, -0.02798331156373024
41, 1, 10, 787, 867, -0.03883206099271774
41, 1, 11, 775, 881, -0.04410422593355179
41, 1, 12, 766, 893, -0.04870040342211723
41, 1, 13, 818, 878, -0.025239592418074608
41, 1, 14, 795, 897, -0.03407995030283928
41, 1, 15, 781, 909, -0.035950616002082825
41, 1, 16, 768, 918, -0.037793342024087906
41, 1, 17, 831, 901, -0.02429027296602726
41, 1, 18, 810, 921, -0.03111081011593342
41, 1, 19, 797, 930, -0.03229463845491409
41, 1, 20, 786, 935, -0.0334290936589241
42, 0, 0, 1161, 771, 7.98827102244104e-08
42, 0, 1, 1151, 735, -0.013605526648461819
42, 0, 2, 1158, 696, -0.02301083132624626
42, 0, 3, 1171, 671, -0.030720828101038933
42, 0, 4, 1182, 667, -0.03847586363554001
42, 0, 5, 1173, 722, -0.02333885431289673
42, 0, 6, 1192, 714, -0.032964687794446945
42, 0, 7, 1208, 715, -0.039453934878110886
42, 0, 8, 1226, 719, -0.04484148323535919
42, 0, 9, 1182, 756, -0.02263033017516136
42, 0, 10, 1201, 753, -0.030862271785736084
42, 0, 11, 1216, 754, -0.03466637805104256
42, 0, 12, 1231, 757, -0.03910765051841736
42, 0, 13, 1186, 786, -0.022767210379242897
42, 0, 14, 1202, 785, -0.0324445515871048
42, 0, 15, 1217, 786, -0.03382199630141258
42, 0, 16, 1230, 785, -0.03552855923771858
42, 0, 17, 1185, 813, -0.023913327604532242
42, 0, 18, 1202, 819, -0.032415807247161865
42, 0, 19, 1211, 820, -0.03381049260497093
42, 0, 20, 1218, 816, -0.03554748743772507
42, 1, 0, 850, 827, 5.4383050951400946e-08
42, 1, 1, 852, 782, -0.020921191200613976
42, 1, 2, 838, 752, -0.034640926867723465
42, 1, 3, 819, 735, -0.04577399417757988
42, 1, 4, 802, 711, -0.05726729333400726
42, 1, 5, 812, 802, -0.0321832001209259
42, 1, 6, 791, 812, -0.046913765370845795
42, 1, 7, 780, 826, -0.05718240886926651
42, 1, 8, 772, 844, -0.06387851387262344
42, 1, 9, 814, 840, -0.02806948311626911
42, 1, 10, 790, 858, -0.03912518918514252
42, 1, 11, 779, 871, -0.044791124761104584
42, 1, 12, 769, 882, -0.04971684142947197
42, 1, 13, 821, 869, -0.025212762877345085
42, 1, 14, 799, 888, -0.03426215797662735
42, 1, 15, 784, 899, -0.03630087897181511
42, 1, 16, 772, 908, -0.038285814225673676
42, 1, 17, 833, 892, -0.024187009781599045
42, 1, 18, 813, 913, -0.031002821400761604
42, 1, 19, 801, 921, -0.032118599861860275
42, 1, 20, 789, 925, -0.033267535269260406
43, 0, 0, 1168, 767, 7.405916591096684e-08
43, 0, 1, 1153, 730, -0.010719687677919865
43, 0, 2, 1160, 690, -0.018024468794465065
43, 0, 3, 1171, 664, -0.024063872173428535
43, 0, 4, 1179, 650, -0.030237266793847084
43, 0, 5, 1176, 712, -0.021056436002254486
43, 0, 6, 1193, 699, -0.030649127438664436
43, 0, 7, 1207, 698, -0.03704320266842842
43, 0, 8, 1222, 700, -0.041958037763834
43, 0, 9, 1187, 744, -0.021926702931523323
43, 0, 10, 1207, 734, -0.030396291986107826
43, 0, 11, 1220, 734, -0.03413483127951622
43, 0, 12, 1231, 736, -0.03801678493618965
43, 0, 13, 1193, 774, -0.02340172789990902
43, 0, 14, 1211, 768, -0.0329078733921051
43, 0, 15, 1222, 766, -0.03403036668896675
43, 0, 16, 1230, 765, -0.035346392542123795
43, 0, 17, 1194, 802, -0.025595176964998245
43, 0, 18, 1213, 800, -0.0336591899394989
43, 0, 19, 1219, 799, -0.0341353677213192
43, 0, 20, 1222, 795, -0.03500526770949364
43, 1, 0, 850, 821, 4.3165826468793966e-08
43, 1, 1, 853, 778, -0.018685823306441307
43, 1, 2, 838, 747, -0.030986478552222252
43, 1, 3, 820, 728, -0.04115238040685654
43, 1, 4, 805, 703, -0.051699209958314896
43, 1, 5, 814, 794, -0.028716061264276505
43, 1, 6, 794, 804, -0.04211064428091049
43, 1, 7, 784, 817, -0.05150022357702255
43, 1, 8, 776, 835, -0.05764807388186455
43, 1, 9, 815, 832, -0.025417771190404892
43, 1, 10, 793, 851, -0.03513699769973755
43, 1, 11, 781, 863, -0.039880987256765366
43, 1, 12, 772, 875, -0.04430646076798439
43, 1, 13, 821, 863, -0.02331387996673584
43, 1, 14, 799, 881, -0.03142431750893593
43, 1, 15, 786, 892, -0.0327821709215641
43, 1, 16, 774, 900, -0.034350961446762085
43, 1, 17, 832, 886, -0.022921189665794373
43, 1, 18, 813, 908, -0.02901541441679001
43, 1, 19, 802, 915, -0.029433591291308403
43, 1, 20, 793, 918, -0.030079538002610207
44, 0, 0, 1173, 767, 1.1662140053658732e-07
44, 0, 1, 1158, 731, -0.010942229069769382
44, 0, 2, 1162, 689, -0.01895834505558014
44, 0, 3, 1170, 660, -0.02538280561566353
44, 0, 4, 1174, 633, -0.03194708749651909
44, 0, 5, 1179, 710, -0.024842290207743645
44, 0, 6, 1194, 693, -0.03812374919652939
44, 0, 7, 1209, 691, -0.04712703824043274
44, 0, 8, 1222, 692, -0.053292758762836456
44, 0, 9, 1193, 739, -0.02626180462539196
44, 0, 10, 1208, 726, -0.038275763392448425
44, 0, 11, 1222, 723, -0.04335738345980644
44, 0, 12, 1231, 724, -0.04768165946006775
44, 0, 13, 1198, 769, -0.028400106355547905
44, 0, 14, 1209, 760, -0.0402684323489666
44, 0, 15, 1220, 756, -0.04236021265387535
44, 0, 16, 1228, 753, -0.04410242289304733
44, 0, 17, 1197, 796, -0.031161358579993248
44, 0, 18, 1211, 794, -0.04187234118580818
44, 0, 19, 1220, 791, -0.043784815818071365
44, 0, 20, 1226, 787, -0.0452631413936615
44, 1, 0, 852, 821, 2.9755259589592242e-08
44, 1, 1, 857, 779, -0.017761362716555595
44, 1, 2, 841, 747, -0.029298963025212288
44, 1, 3, 824, 726, -0.03891194239258766
44, 1, 4, 810, 699, -0.04895683005452156
44, 1, 5, 815, 794, -0.027550142258405685
44, 1, 6, 796, 803, -0.03988826274871826
44, 1, 7, 787, 817, -0.04849819839000702
44, 1, 8, 779, 835, -0.05423623323440552
44, 1, 9, 815, 832, -0.024656709283590317
44, 1, 10, 794, 851, -0.033344533294439316
44, 1, 11, 784, 864, -0.03750861436128616
44, 1, 12, 775, 875, -0.041727304458618164
44, 1, 13, 821, 863, -0.0228726826608181
44, 1, 14, 800, 881, -0.03034719079732895
44, 1, 15, 789, 891, -0.031253036111593246
44, 1, 16, 778, 898, -0.0326981246471405
44, 1, 17, 832, 886, -0.022746706381440163
44, 1, 18, 814, 909, -0.028306256979703903
44, 1, 19, 807, 916, -0.028123680502176285
44, 1, 20, 801, 920, -0.028485970571637154
45, 0, 0, 1174, 776, 5.438053207740268e-08
45, 0, 1, 1157, 738, -0.009549623355269432
45, 0, 2, 1160, 697, -0.016697609797120094
45, 0, 3, 1165, 666, -0.02277430146932602
45, 0, 4, 1164, 637, -0.02884635701775551
45, 0, 5, 1183, 716, -0.02157408371567726
45, 0, 6, 1199, 695, -0.03495951369404793
45, 0, 7, 1204, 692, -0.04393567517399788
45, 0, 8, 1203, 696, -0.04953024536371231
45, 0, 9, 1195, 741, -0.023648586124181747
45, 0, 10, 1212, 727, -0.035447049885988235
45, 0, 11, 1216, 726, -0.04036689177155495
45, 0, 12, 1217, 730, -0.043992944061756134
45, 0, 13, 1200, 771, -0.026565061882138252
45, 0, 14, 1216, 763, -0.038051534444093704
45, 0, 15, 1222, 759, -0.04014548286795616
45, 0, 16, 1223, 757, -0.04169978201389313
45, 0, 17, 1197, 800, -0.02998715080320835
45, 0, 18, 1214, 803, -0.0404033362865448
45, 0, 19, 1220, 801, -0.04220040887594223
45, 0, 20, 1221, 797, -0.04335247725248337
45, 1, 0, 853, 828, 5.176209683099842e-09
45, 1, 1, 854, 788, -0.015325555577874184
45, 1, 2, 842, 756, -0.02648055925965309
45, 1, 3, 830, 733, -0.036473777145147324
45, 1, 4, 823, 708, -0.04678373038768768
45, 1, 5, 817, 807, -0.023386836051940918
45, 1, 6, 801, 813, -0.0363004244863987
45, 1, 7, 797, 826, -0.04574291780591011
45, 1, 8, 798, 844, -0.051432982087135315
45, 1, 9, 817, 844, -0.021338695660233498
45, 1, 10, 803, 865, -0.02975458838045597
45, 1, 11, 795, 879, -0.034988317638635635
45, 1, 12, 789, 892, -0.04001998528838158
45, 1, 13, 822, 873, -0.020425831899046898
45, 1, 14, 809, 894, -0.027082374319434166
45, 1, 15, 800, 903, -0.02945736236870289
45, 1, 16, 791, 912, -0.03205011412501335
45, 1, 17, 832, 894, -0.020965516567230225
45, 1, 18, 821, 918, -0.02549143135547638
45, 1, 19, 813, 932, -0.026313023641705513
45, 1, 20, 805, 942, -0.02765018679201603
46, 0, 0, 1182, 795, -4.102285089402358e-08
46, 0, 1, 1160, 760, -0.009218341670930386
46, 0, 2, 1158, 717, -0.015107514336705208
46, 0, 3, 1155, 685, -0.020273540169000626
46, 0, 4, 1148, 656, -0.025409698486328125
46, 0, 5, 1189, 731, -0.017707036808133125
46, 0, 6, 1199, 715, -0.029490171000361443
46, 0, 7, 1196, 710, -0.03734355419874191
46, 0, 8, 1190, 710, -0.042442020028829575
46, 0, 9, 1205, 757, -0.01968812197446823
46, 0, 10, 1211, 749, -0.030793704092502594
46, 0, 11, 1201, 750, -0.034142088145017624
46, 0, 12, 1192, 757, -0.036389756947755814
46, 0, 13, 1212, 788, -0.022787097841501236
46, 0, 14, 1213, 785, -0.03440659120678902
46, 0, 15, 1205, 789, -0.034791674464941025
46, 0, 16, 1201, 795, -0.03449343144893646
46, 0, 17, 1210, 817, -0.02650616504251957
46, 0, 18, 1209, 824, -0.03684674948453903
46, 0, 19, 1206, 828, -0.03799406811594963
46, 0, 20, 1207, 834, -0.03823794052004814
46, 1, 0, 829, 847, -3.970582795886912e-08
46, 1, 1, 844, 806, -0.01940961927175522
46, 1, 2, 846, 780, -0.033907901495695114
46, 1, 3, 848, 758, -0.0461844876408577
46, 1, 4, 853, 739, -0.05897091329097748
46, 1, 5, 807, 829, -0.03469407185912132
46, 1, 6, 819, 850, -0.04879182577133179
46, 1, 7, 828, 870, -0.05839738994836807
46, 1, 8, 833, 892, -0.06522198766469955
46, 1, 9, 798, 868, -0.03167421370744705
46, 1, 10, 809, 892, -0.04211616516113281
46, 1, 11, 818, 912, -0.04918324947357178
46, 1, 12, 820, 933, -0.056589558720588684
46, 1, 13, 798, 897, -0.02926892600953579
46, 1, 14, 806, 924, -0.03829365596175194
46, 1, 15, 811, 945, -0.04498819634318352
46, 1, 16, 813, 965, -0.05139812082052231
46, 1, 17, 807, 917, -0.02827453427016735
46, 1, 18, 811, 946, -0.03522428497672081
46, 1, 19, 814, 969, -0.03989514708518982
46, 1, 20, 814, 990, -0.04492177814245224
47, 0, 0, 1189, 817, -1.6473461528221378e-07
47, 0, 1, 1167, 789, -0.008302493952214718
47, 0, 2, 1156, 754, -0.01487385667860508
47, 0, 3, 1142, 729, -0.021015919744968414
47, 0, 4, 1125, 706, -0.027135668322443962
47, 0, 5, 1192, 753, -0.01526001188904047
47, 0, 6, 1176, 757, -0.02632148750126362
47, 0, 7, 1169, 763, -0.03426426276564598
47, 0, 8, 1170, 765, -0.03955801576375961
47, 0, 9, 1213, 777, -0.017103491351008415
47, 0, 10, 1193, 788, -0.026316510513424873
47, 0, 11, 1176, 797, -0.029506247490644455
47, 0, 12, 1172, 800, -0.031970273703336716
47, 0, 13, 1225, 806, -0.019865693524479866
47, 0, 14, 1204, 820, -0.03056829236447811
47, 0, 15, 1188, 828, -0.0303192175924778
47, 0, 16, 1183, 828, -0.029224947094917297
47, 0, 17, 1230, 834, -0.023211203515529633
47, 0, 18, 1216, 848, -0.03080122359097004
47, 0, 19, 1201, 852, -0.02968554198741913
47, 0, 20, 1194, 852, -0.02827141061425209
47, 1, 0, 792, 866, -9.296762470967224e-08
47, 1, 1, 817, 835, -0.017185555770993233
47, 1, 2, 841, 817, -0.03408057987689972
47, 1, 3, 864, 810, -0.04901697486639023
47, 1, 4, 889, 803, -0.0647193118929863
47, 1, 5, 806, 849, -0.04027431830763817
47, 1, 6, 839, 880, -0.05857158079743385
47, 1, 7, 858, 897, -0.06982770562171936
47, 1, 8, 876, 911, -0.07631899416446686
47, 1, 9, 790, 883, -0.039491407573223114
47, 1, 10, 833, 922, -0.0530860498547554
47, 1, 11, 860, 948, -0.06088833510875702
47, 1, 12, 881, 969, -0.06811002641916275
47, 1, 13, 781, 911, -0.03884965926408768
47, 1, 14, 816, 952, -0.050880927592515945
47, 1, 15, 840, 980, -0.057392001152038574
47, 1, 16, 860, 1001, -0.06255614757537842
47, 1, 17, 775, 931, -0.03918341547250748
47, 1, 18, 798, 968, -0.04673778638243675
47, 1, 19, 814, 992, -0.049597349017858505
47, 1, 20, 826, 1012, -0.05272849649190903
48, 0, 0, 1206, 867, -2.5881186616061314e-07
48, 0, 1, 1179, 847, -0.00872067455202341
48, 0, 2, 1153, 825, -0.01906551606953144
48, 0, 3, 1127, 809, -0.02888084575533867
48, 0, 4, 1104, 793, -0.03908928856253624
48, 0, 5, 1198, 806, -0.022171735763549805
48, 0, 6, 1167, 808, -0.03590743616223335
48, 0, 7, 1144, 821, -0.045911017805337906
48, 0, 8, 1125, 833, -0.0516585148870945
48, 0, 9, 1216, 829, -0.024430280551314354
48, 0, 10, 1180, 828, -0.03463947772979736
48, 0, 11, 1149, 839, -0.038541603833436966
48, 0, 12, 1127, 852, -0.04143934324383736
48, 0, 13, 1228, 855, -0.02711966447532177
48, 0, 14, 1192, 864, -0.038383886218070984
48, 0, 15, 1164, 880, -0.038180939853191376
48, 0, 16, 1145, 894, -0.036985572427511215
48, 0, 17, 1235, 882, -0.030235622078180313
48, 0, 18, 1209, 894, -0.03818614408373833
48, 0, 19, 1190, 907, -0.036156293004751205
48, 0, 20, 1177, 916, -0.03380923345685005
48, 1, 0, 769, 867, 1.0081402379569226e-08
48, 1, 1, 809, 861, -0.019078483805060387
48, 1, 2, 851, 866, -0.03455124422907829
48, 1, 3, 887, 882, -0.0467010959982872
48, 1, 4, 923, 890, -0.05872789025306702
48, 1, 5, 816, 910, -0.041969090700149536
48, 1, 6, 865, 957, -0.06030436232686043
48, 1, 7, 900, 984, -0.07078913599252701
48, 1, 8, 930, 1003, -0.07631095498800278
48, 1, 9, 794, 942, -0.03873502463102341
48, 1, 10, 848, 992, -0.053549859672784805
48, 1, 11, 888, 1025, -0.05944829061627388
48, 1, 12, 919, 1047, -0.06374961882829666
48, 1, 13, 781, 963, -0.03581307828426361
48, 1, 14, 824, 1010, -0.048963118344545364
48, 1, 15, 855, 1043, -0.053965013474226
48, 1, 16, 881, 1066, -0.056635018438100815
48, 1, 17, 777, 976, -0.03370002284646034
48, 1, 18, 807, 1017, -0.04278568923473358
48, 1, 19, 830, 1045, -0.04535561427474022
48, 1, 20, 849, 1066, -0.04668949544429779
49, 0, 0, 737, 926, 5.788206536294638e-08
49, 0, 1, 798, 922, -0.01322910562157631
49, 0, 2, 854, 944, -0.02098560892045498
49, 0, 3, 898, 980, -0.025518110021948814
49, 0, 4, 935, 1001, -0.02930895984172821
49, 0, 5, 823, 982, -0.024915428832173347
49, 0, 6, 864, 1033, -0.03203882277011871
49, 0, 7, 888, 1065, -0.035833824425935745
49, 0, 8, 910, 1091, -0.03830454498529434
49, 0, 9, 797, 1008, -0.02015802450478077
49, 0, 10, 849, 1048, -0.024143001064658165
49, 0, 11, 880, 1065, -0.02341511659324169
49, 0, 12, 899, 1075, -0.023565325886011124
49, 0, 13, 780, 1026, -0.015456209890544415
49, 0, 14, 822, 1060, -0.018638812005519867
49, 0, 15, 850, 1076, -0.015857484191656113
49, 0, 16, 869, 1084, -0.014163470827043056
49, 0, 17, 768, 1037, -0.01171659305691719
49, 0, 18, 802, 1070, -0.01464205514639616
49, 0, 19, 822, 1082, -0.01297101378440857
49, 0, 20, 837, 1088, -0.011238119564950466
49, 1, 0, 0, 0, 0.0
49, 1, 1, 0, 0, 0.0
49, 1, 2, 0, 0, 0.0
49, 1, 3, 0, 0, 0.0
49, 1, 4, 0, 0, 0.0
49, 1, 5, 0, 0, 0.0
49, 1, 6, 0, 0, 0.0
49, 1, 7, 0, 0, 0.0
49, 1, 8, 0, 0, 0.0
49, 1, 9, 0, 0, 0.0
49, 1, 10, 0, 0, 0.0
49, 1, 11, 0, 0, 0.0
49, 1, 12, 0, 0, 0.0
49, 1, 13, 0, 0, 0.0
49, 1, 14, 0, 0, 0.0
49, 1, 15, 0, 0, 0.0
49, 1, 16, 0, 0, 0.0
49, 1, 17, 0, 0, 0.0
49, 1, 18, 0, 0, 0.0
49, 1, 19, 0, 0, 0.0
49, 1, 20, 0, 0, 0.0
50, 0, 0, 1272, 999, 1.1910825747918352e-07
50, 0, 1, 1222, 984, -0.01272796094417572
50, 0, 2, 1173, 992, -0.020087307319045067
50, 0, 3, 1137, 1019, -0.024649273604154587
50, 0, 4, 1104, 1037, -0.028935279697179794
50, 0, 5, 1190, 1046, -0.01800163835287094
50, 0, 6, 1160, 1085, -0.024492084980010986
50, 0, 7, 1149, 1108, -0.028504177927970886
50, 0, 8, 1144, 1125, -0.03085501864552498
50, 0, 9, 1219, 1066, -0.013659480027854443
50, 0, 10, 1189, 1106, -0.0187192615121603
50, 0, 11, 1175, 1127, -0.02186572551727295
50, 0, 12, 1168, 1142, -0.02458437718451023
50, 0, 13, 1243, 1080, -0.009686395525932312
50, 0, 14, 1216, 1117, -0.013640354387462139
50, 0, 15, 1205, 1136, -0.014262918382883072
50, 0, 16, 1199, 1151, -0.014989701099693775
50, 0, 17, 1263, 1090, -0.0064680976793169975
50, 0, 18, 1242, 1121, -0.009614760056138039
50, 0, 19, 1233, 1137, -0.00974184274673462
50, 0, 20, 1229, 1150, -0.009594953618943691
50, 1, 0, 0, 0, 0.0
50, 1, 1, 0, 0, 0.0
50, 1, 2, 0, 0, 0.0
50, 1, 3, 0, 0, 0.0
50, 1, 4, 0, 0, 0.0
50, 1, 5, 0, 0, 0.0
50, 1, 6, 0, 0, 0.0
50, 1, 7, 0, 0, 0.0
50, 1, 8, 0, 0, 0.0
50, 1, 9, 0, 0, 0.0
50, 1, 10, 0, 0, 0.0
50, 1, 11, 0, 0, 0.0
50, 1, 12, 0, 0, 0.0
50, 1, 13, 0, 0, 0.0
50, 1, 14, 0, 0, 0.0
50, 1, 15, 0, 0, 0.0
50, 1, 16, 0, 0, 0.0
50, 1, 17, 0, 0, 0.0
50, 1, 18, 0, 0, 0.0
50, 1, 19, 0, 0, 0.0
50, 1, 20, 0, 0, 0.0
51, 0, 0, 0, 0, 0.0
51, 0, 1, 0, 0, 0.0
51, 0, 2, 0, 0, 0.0
51, 0, 3, 0, 0, 0.0
51, 0, 4, 0, 0, 0.0
51, 0, 5, 0, 0, 0.0
51, 0, 6, 0, 0, 0.0
51, 0, 7, 0, 0, 0.0
51, 0, 8, 0, 0, 0.0
51, 0, 9, 0, 0, 0.0
51, 0, 10, 0, 0, 0.0
51, 0, 11, 0, 0, 0.0
51, 0, 12, 0, 0, 0.0
51, 0, 13, 0, 0, 0.0
51, 0, 14, 0, 0, 0.0
51, 0, 15, 0, 0, 0.0
51, 0, 16, 0, 0, 0.0
51, 0, 17, 0, 0, 0.0
51, 0, 18, 0, 0, 0.0
51, 0, 19, 0, 0, 0.0
51, 0, 20, 0, 0, 0.0
51, 1, 0, 0, 0, 0.0
51, 1, 1, 0, 0, 0.0
51, 1, 2, 0, 0, 0.0
51, 1, 3, 0, 0, 0.0
51, 1, 4, 0, 0, 0.0
51, 1, 5, 0, 0, 0.0
51, 1, 6, 0, 0, 0.0
51, 1, 7, 0, 0, 0.0
51, 1, 8, 0, 0, 0.0
51, 1, 9, 0, 0, 0.0
51, 1, 10, 0, 0, 0.0
51, 1, 11, 0, 0, 0.0
51, 1, 12, 0, 0, 0.0
51, 1, 13, 0, 0, 0.0
51, 1, 14, 0, 0, 0.0
51, 1, 15, 0, 0, 0.0
51, 1, 16, 0, 0, 0.0
51, 1, 17, 0, 0, 0.0
51, 1, 18, 0, 0, 0.0
51, 1, 19, 0, 0, 0.0
51, 1, 20, 0, 0, 0.0
52, 0, 0, 0, 0, 0.0
52, 0, 1, 0, 0, 0.0
52, 0, 2, 0, 0, 0.0
52, 0, 3, 0, 0, 0.0
52, 0, 4, 0, 0, 0.0
52, 0, 5, 0, 0, 0.0
52, 0, 6, 0, 0, 0.0
52, 0, 7, 0, 0, 0.0
52, 0, 8, 0, 0, 0.0
52, 0, 9, 0, 0, 0.0
52, 0, 10, 0, 0, 0.0
52, 0, 11, 0, 0, 0.0
52, 0, 12, 0, 0, 0.0
52, 0, 13, 0, 0, 0.0
52, 0, 14, 0, 0, 0.0
52, 0, 15, 0, 0, 0.0
52, 0, 16, 0, 0, 0.0
52, 0, 17, 0, 0, 0.0
52, 0, 18, 0, 0, 0.0
52, 0, 19, 0, 0, 0.0
52, 0, 20, 0, 0, 0.0
52, 1, 0, 0, 0, 0.0
52, 1, 1, 0, 0, 0.0
52, 1, 2, 0, 0, 0.0
52, 1, 3, 0, 0, 0.0
52, 1, 4, 0, 0, 0.0
52, 1, 5, 0, 0, 0.0
52, 1, 6, 0, 0, 0.0
52, 1, 7, 0, 0, 0.0
52, 1, 8, 0, 0, 0.0
52, 1, 9, 0, 0, 0.0
52, 1, 10, 0, 0, 0.0
52, 1, 11, 0, 0, 0.0
52, 1, 12, 0, 0, 0.0
52, 1, 13, 0, 0, 0.0
52, 1, 14, 0, 0, 0.0
52, 1, 15, 0, 0, 0.0
52, 1, 16, 0, 0, 0.0
52, 1, 17, 0, 0, 0.0
52, 1, 18, 0, 0, 0.0
52, 1, 19, 0, 0, 0.0
52, 1, 20, 0, 0, 0.0
53, 0, 0, 0, 0, 0.0
53, 0, 1, 0, 0, 0.0
53, 0, 2, 0, 0, 0.0
53, 0, 3, 0, 0, 0.0
53, 0, 4, 0, 0, 0.0
53, 0, 5, 0, 0, 0.0
53, 0, 6, 0, 0, 0.0
53, 0, 7, 0, 0, 0.0
53, 0, 8, 0, 0, 0.0
53, 0, 9, 0, 0, 0.0
53, 0, 10, 0, 0, 0.0
53, 0, 11, 0, 0, 0.0
53, 0, 12, 0, 0, 0.0
53, 0, 13, 0, 0, 0.0
53, 0, 14, 0, 0, 0.0
53, 0, 15, 0, 0, 0.0
53, 0, 16, 0, 0, 0.0
53, 0, 17, 0, 0, 0.0
53, 0, 18, 0, 0, 0.0
53, 0, 19, 0, 0, 0.0
53, 0, 20, 0, 0, 0.0
53, 1, 0, 0, 0, 0.0
53, 1, 1, 0, 0, 0.0
53, 1, 2, 0, 0, 0.0
53, 1, 3, 0, 0, 0.0
53, 1, 4, 0, 0, 0.0
53, 1, 5, 0, 0, 0.0
53, 1, 6, 0, 0, 0.0
53, 1, 7, 0, 0, 0.0
53, 1, 8, 0, 0, 0.0
53, 1, 9, 0, 0, 0.0
53, 1, 10, 0, 0, 0.0
53, 1, 11, 0, 0, 0.0
53, 1, 12, 0, 0, 0.0
53, 1, 13, 0, 0, 0.0
53, 1, 14, 0, 0, 0.0
53, 1, 15, 0, 0, 0.0
53, 1, 16, 0, 0, 0.0
53, 1, 17, 0, 0, 0.0
53, 1, 18, 0, 0, 0.0
53, 1, 19, 0, 0, 0.0
53, 1, 20, 0, 0, 0.0
54, 0, 0, 0, 0, 0.0
54, 0, 1, 0, 0, 0.0
54, 0, 2, 0, 0, 0.0
54, 0, 3, 0, 0, 0.0
54, 0, 4, 0, 0, 0.0
54, 0, 5, 0, 0, 0.0
54, 0, 6, 0, 0, 0.0
54, 0, 7, 0, 0, 0.0
54, 0, 8, 0, 0, 0.0
54, 0, 9, 0, 0, 0.0
54, 0, 10, 0, 0, 0.0
54, 0, 11, 0, 0, 0.0
54, 0, 12, 0, 0, 0.0
54, 0, 13, 0, 0, 0.0
54, 0, 14, 0, 0, 0.0
54, 0, 15, 0, 0, 0.0
54, 0, 16, 0, 0, 0.0
54, 0, 17, 0, 0, 0.0
54, 0, 18, 0, 0, 0.0
54, 0, 19, 0, 0, 0.0
54, 0, 20, 0, 0, 0.0
54, 1, 0, 0, 0, 0.0
54, 1, 1, 0, 0, 0.0
54, 1, 2, 0, 0, 0.0
54, 1, 3, 0, 0, 0.0
54, 1, 4, 0, 0, 0.0
54, 1, 5, 0, 0, 0.0
54, 1, 6, 0, 0, 0.0
54, 1, 7, 0, 0, 0.0
54, 1, 8, 0, 0, 0.0
54, 1, 9, 0, 0, 0.0
54, 1, 10, 0, 0, 0.0
54, 1, 11, 0, 0, 0.0
54, 1, 12, 0, 0, 0.0
54, 1, 13, 0, 0, 0.0
54, 1, 14, 0, 0, 0.0
54, 1, 15, 0, 0, 0.0
54, 1, 16, 0, 0, 0.0
54, 1, 17, 0, 0, 0.0
54, 1, 18, 0, 0, 0.0
54, 1, 19, 0, 0, 0.0
54, 1, 20, 0, 0, 0.0
55, 0, 0, 0, 0, 0.0
55, 0, 1, 0, 0, 0.0
55, 0, 2, 0, 0, 0.0
55, 0, 3, 0, 0, 0.0
55, 0, 4, 0, 0, 0.0
55, 0, 5, 0, 0, 0.0
55, 0, 6, 0, 0, 0.0
55, 0, 7, 0, 0, 0.0
55, 0, 8, 0, 0, 0.0
55, 0, 9, 0, 0, 0.0
55, 0, 10, 0, 0, 0.0
55, 0, 11, 0, 0, 0.0
55, 0, 12, 0, 0, 0.0
55, 0, 13, 0, 0, 0.0
55, 0, 14, 0, 0, 0.0
55, 0, 15, 0, 0, 0.0
55, 0, 16, 0, 0, 0.0
55, 0, 17, 0, 0, 0.0
55, 0, 18, 0, 0, 0.0
55, 0, 19, 0, 0, 0.0
55, 0, 20, 0, 0, 0.0
55, 1, 0, 0, 0, 0.0
55, 1, 1, 0, 0, 0.0
55, 1, 2, 0, 0, 0.0
55, 1, 3, 0, 0, 0.0
55, 1, 4, 0, 0, 0.0
55, 1, 5, 0, 0, 0.0
55, 1, 6, 0, 0, 0.0
55, 1, 7, 0, 0, 0.0
55, 1, 8, 0, 0, 0.0
55, 1, 9, 0, 0, 0.0
55, 1, 10, 0, 0, 0.0
55, 1, 11, 0, 0, 0.0
55, 1, 12, 0, 0, 0.0
55, 1, 13, 0, 0, 0.0
55, 1, 14, 0, 0, 0.0
55, 1, 15, 0, 0, 0.0
55, 1, 16, 0, 0, 0.0
55, 1, 17, 0, 0, 0.0
55, 1, 18, 0, 0, 0.0
55, 1, 19, 0, 0, 0.0
55, 1, 20, 0, 0, 0.0
56, 0, 0, 0, 0, 0.0
56, 0, 1, 0, 0, 0.0
56, 0, 2, 0, 0, 0.0
56, 0, 3, 0, 0, 0.0
56, 0, 4, 0, 0, 0.0
56, 0, 5, 0, 0, 0.0
56, 0, 6, 0, 0, 0.0
56, 0, 7, 0, 0, 0.0
56, 0, 8, 0, 0, 0.0
56, 0, 9, 0, 0, 0.0
56, 0, 10, 0, 0, 0.0
56, 0, 11, 0, 0, 0.0
56, 0, 12, 0, 0, 0.0
56, 0, 13, 0, 0, 0.0
56, 0, 14, 0, 0, 0.0
56, 0, 15, 0, 0, 0.0
56, 0, 16, 0, 0, 0.0
56, 0, 17, 0, 0, 0.0
56, 0, 18, 0, 0, 0.0
56, 0, 19, 0, 0, 0.0
56, 0, 20, 0, 0, 0.0
56, 1, 0, 0, 0, 0.0
56, 1, 1, 0, 0, 0.0
56, 1, 2, 0, 0, 0.0
56, 1, 3, 0, 0, 0.0
56, 1, 4, 0, 0, 0.0
56, 1, 5, 0, 0, 0.0
56, 1, 6, 0, 0, 0.0
56, 1, 7, 0, 0, 0.0
56, 1, 8, 0, 0, 0.0
56, 1, 9, 0, 0, 0.0
56, 1, 10, 0, 0, 0.0
56, 1, 11, 0, 0, 0.0
56, 1, 12, 0, 0, 0.0
56, 1, 13, 0, 0, 0.0
56, 1, 14, 0, 0, 0.0
56, 1, 15, 0, 0, 0.0
56, 1, 16, 0, 0, 0.0
56, 1, 17, 0, 0, 0.0
56, 1, 18, 0, 0, 0.0
56, 1, 19, 0, 0, 0.0
56, 1, 20, 0, 0, 0.0
57, 0, 0, 0, 0, 0.0
57, 0, 1, 0, 0, 0.0
57, 0, 2, 0, 0, 0.0
57, 0, 3, 0, 0, 0.0
57, 0, 4, 0, 0, 0.0
57, 0, 5, 0, 0, 0.0
57, 0, 6, 0, 0, 0.0
57, 0, 7, 0, 0, 0.0
57, 0, 8, 0, 0, 0.0
57, 0, 9, 0, 0, 0.0
57, 0, 10, 0, 0, 0.0
57, 0, 11, 0, 0, 0.0
57, 0, 12, 0, 0, 0.0
57, 0, 13, 0, 0, 0.0
57, 0, 14, 0, 0, 0.0
57, 0, 15, 0, 0, 0.0
57, 0, 16, 0, 0, 0.0
57, 0, 17, 0, 0, 0.0
57, 0, 18, 0, 0, 0.0
57, 0, 19, 0, 0, 0.0
57, 0, 20, 0, 0, 0.0
57, 1, 0, 0, 0, 0.0
57, 1, 1, 0, 0, 0.0
57, 1, 2, 0, 0, 0.0
57, 1, 3, 0, 0, 0.0
57, 1, 4, 0, 0, 0.0
57, 1, 5, 0, 0, 0.0
57, 1, 6, 0, 0, 0.0
57, 1, 7, 0, 0, 0.0
57, 1, 8, 0, 0, 0.0
57, 1, 9, 0, 0, 0.0
57, 1, 10, 0, 0, 0.0
57, 1, 11, 0, 0, 0.0
57, 1, 12, 0, 0, 0.0
57, 1, 13, 0, 0, 0.0
57, 1, 14, 0, 0, 0.0
57, 1, 15, 0, 0, 0.0
57, 1, 16, 0, 0, 0.0
57, 1, 17, 0, 0, 0.0
57, 1, 18, 0, 0, 0.0
57, 1, 19, 0, 0, 0.0
57, 1, 20, 0, 0, 0.0
58, 0, 0, 0, 0, 0.0
58, 0, 1, 0, 0, 0.0
58, 0, 2, 0, 0, 0.0
58, 0, 3, 0, 0, 0.0
58, 0, 4, 0, 0, 0.0
58, 0, 5, 0, 0, 0.0
58, 0, 6, 0, 0, 0.0
58, 0, 7, 0, 0, 0.0
58, 0, 8, 0, 0, 0.0
58, 0, 9, 0, 0, 0.0
58, 0, 10, 0, 0, 0.0
58, 0, 11, 0, 0, 0.0
58, 0, 12, 0, 0, 0.0
58, 0, 13, 0, 0, 0.0
58, 0, 14, 0, 0, 0.0
58, 0, 15, 0, 0, 0.0
58, 0, 16, 0, 0, 0.0
58, 0, 17, 0, 0, 0.0
58, 0, 18, 0, 0, 0.0
58, 0, 19, 0, 0, 0.0
58, 0, 20, 0, 0, 0.0
58, 1, 0, 0, 0, 0.0
58, 1, 1, 0, 0, 0.0
58, 1, 2, 0, 0, 0.0
58, 1, 3, 0, 0, 0.0
58, 1, 4, 0, 0, 0.0
58, 1, 5, 0, 0, 0.0
58, 1, 6, 0, 0, 0.0
58, 1, 7, 0, 0, 0.0
58, 1, 8, 0, 0, 0.0
58, 1, 9, 0, 0, 0.0
58, 1, 10, 0, 0, 0.0
58, 1, 11, 0, 0, 0.0
58, 1, 12, 0, 0, 0.0
58, 1, 13, 0, 0, 0.0
58, 1, 14, 0, 0, 0.0
58, 1, 15, 0, 0, 0.0
58, 1, 16, 0, 0, 0.0
58, 1, 17, 0, 0, 0.0
58, 1, 18, 0, 0, 0.0
58, 1, 19, 0, 0, 0.0
58, 1, 20, 0, 0, 0.0
59, 0, 0, 0, 0, 0.0
59, 0, 1, 0, 0, 0.0
59, 0, 2, 0, 0, 0.0
59, 0, 3, 0, 0, 0.0
59, 0, 4, 0, 0, 0.0
59, 0, 5, 0, 0, 0.0
59, 0, 6, 0, 0, 0.0
59, 0, 7, 0, 0, 0.0
59, 0, 8, 0, 0, 0.0
59, 0, 9, 0, 0, 0.0
59, 0, 10, 0, 0, 0.0
59, 0, 11, 0, 0, 0.0
59, 0, 12, 0, 0, 0.0
59, 0, 13, 0, 0, 0.0
59, 0, 14, 0, 0, 0.0
59, 0, 15, 0, 0, 0.0
59, 0, 16, 0, 0, 0.0
59, 0, 17, 0, 0, 0.0
59, 0, 18, 0, 0, 0.0
59, 0, 19, 0, 0, 0.0
59, 0, 20, 0, 0, 0.0
59, 1, 0, 0, 0, 0.0
59, 1, 1, 0, 0, 0.0
59, 1, 2, 0, 0, 0.0
59, 1, 3, 0, 0, 0.0
59, 1, 4, 0, 0, 0.0
59, 1, 5, 0, 0, 0.0
59, 1, 6, 0, 0, 0.0
59, 1, 7, 0, 0, 0.0
59, 1, 8, 0, 0, 0.0
59, 1, 9, 0, 0, 0.0
59, 1, 10, 0, 0, 0.0
59, 1, 11, 0, 0, 0.0
59, 1, 12, 0, 0, 0.0
59, 1, 13, 0, 0, 0.0
59, 1, 14, 0, 0, 0.0
59, 1, 15, 0, 0, 0.0
59, 1, 16, 0, 0, 0.0
59, 1, 17, 0, 0, 0.0
59, 1, 18, 0, 0, 0.0
59, 1, 19, 0, 0, 0.0
59, 1, 20, 0, 0, 0.0
60, 0, 0, 0, 0, 0.0
60, 0, 1, 0, 0, 0.0
60, 0, 2, 0, 0, 0.0
60, 0, 3, 0, 0, 0.0
60, 0, 4, 0, 0, 0.0
60, 0, 5, 0, 0, 0.0
60, 0, 6, 0, 0, 0.0
60, 0, 7, 0, 0, 0.0
60, 0, 8, 0, 0, 0.0
60, 0, 9, 0, 0, 0.0
60, 0, 10, 0, 0, 0.0
60, 0, 11, 0, 0, 0.0
60, 0, 12, 0, 0, 0.0
60, 0, 13, 0, 0, 0.0
60, 0, 14, 0, 0, 0.0
60, 0, 15, 0, 0, 0.0
60, 0, 16, 0, 0, 0.0
60, 0, 17, 0, 0, 0.0
60, 0, 18, 0, 0, 0.0
60, 0, 19, 0, 0, 0.0
60, 0, 20, 0, 0, 0.0
60, 1, 0, 0, 0, 0.0
60, 1, 1, 0, 0, 0.0
60, 1, 2, 0, 0, 0.0
60, 1, 3, 0, 0, 0.0
60, 1, 4, 0, 0, 0.0
60, 1, 5, 0, 0, 0.0
60, 1, 6, 0, 0, 0.0
60, 1, 7, 0, 0, 0.0
60, 1, 8, 0, 0, 0.0
60, 1, 9, 0, 0, 0.0
60, 1, 10, 0, 0, 0.0
60, 1, 11, 0, 0, 0.0
60, 1, 12, 0, 0, 0.0
60, 1, 13, 0, 0, 0.0
60, 1, 14, 0, 0, 0.0
60, 1, 15, 0, 0, 0.0
60, 1, 16, 0, 0, 0.0
60, 1, 17, 0, 0, 0.0
60, 1, 18, 0, 0, 0.0
60, 1, 19, 0, 0, 0.0
60, 1, 20, 0, 0, 0.0
61, 0, 0, 0, 0, 0.0
61, 0, 1, 0, 0, 0.0
61, 0, 2, 0, 0, 0.0
61, 0, 3, 0, 0, 0.0
61, 0, 4, 0, 0, 0.0
61, 0, 5, 0, 0, 0.0
61, 0, 6, 0, 0, 0.0
61, 0, 7, 0, 0, 0.0
61, 0, 8, 0, 0, 0.0
61, 0, 9, 0, 0, 0.0
61, 0, 10, 0, 0, 0.0
61, 0, 11, 0, 0, 0.0
61, 0, 12, 0, 0, 0.0
61, 0, 13, 0, 0, 0.0
61, 0, 14, 0, 0, 0.0
61, 0, 15, 0, 0, 0.0
61, 0, 16, 0, 0, 0.0
61, 0, 17, 0, 0, 0.0
61, 0, 18, 0, 0, 0.0
61, 0, 19, 0, 0, 0.0
61, 0, 20, 0, 0, 0.0
61, 1, 0, 0, 0, 0.0
61, 1, 1, 0, 0, 0.0
61, 1, 2, 0, 0, 0.0
61, 1, 3, 0, 0, 0.0
61, 1, 4, 0, 0, 0.0
61, 1, 5, 0, 0, 0.0
61, 1, 6, 0, 0, 0.0
61, 1, 7, 0, 0, 0.0
61, 1, 8, 0, 0, 0.0
61, 1, 9, 0, 0, 0.0
61, 1, 10, 0, 0, 0.0
61, 1, 11, 0, 0, 0.0
61, 1, 12, 0, 0, 0.0
61, 1, 13, 0, 0, 0.0
61, 1, 14, 0, 0, 0.0
61, 1, 15, 0, 0, 0.0
61, 1, 16, 0, 0, 0.0
61, 1, 17, 0, 0, 0.0
61, 1, 18, 0, 0, 0.0
61, 1, 19, 0, 0, 0.0
61, 1, 20, 0, 0, 0.0
62, 0, 0, 0, 0, 0.0
62, 0, 1, 0, 0, 0.0
62, 0, 2, 0, 0, 0.0
62, 0, 3, 0, 0, 0.0
62, 0, 4, 0, 0, 0.0
62, 0, 5, 0, 0, 0.0
62, 0, 6, 0, 0, 0.0
62, 0, 7, 0, 0, 0.0
62, 0, 8, 0, 0, 0.0
62, 0, 9, 0, 0, 0.0
62, 0, 10, 0, 0, 0.0
62, 0, 11, 0, 0, 0.0
62, 0, 12, 0, 0, 0.0
62, 0, 13, 0, 0, 0.0
62, 0, 14, 0, 0, 0.0
62, 0, 15, 0, 0, 0.0
62, 0, 16, 0, 0, 0.0
62, 0, 17, 0, 0, 0.0
62, 0, 18, 0, 0, 0.0
62, 0, 19, 0, 0, 0.0
62, 0, 20, 0, 0, 0.0
62, 1, 0, 0, 0, 0.0
62, 1, 1, 0, 0, 0.0
62, 1, 2, 0, 0, 0.0
62, 1, 3, 0, 0, 0.0
62, 1, 4, 0, 0, 0.0
62, 1, 5, 0, 0, 0.0
62, 1, 6, 0, 0, 0.0
62, 1, 7, 0, 0, 0.0
62, 1, 8, 0, 0, 0.0
62, 1, 9, 0, 0, 0.0
62, 1, 10, 0, 0, 0.0
62, 1, 11, 0, 0, 0.0
62, 1, 12, 0, 0, 0.0
62, 1, 13, 0, 0, 0.0
62, 1, 14, 0, 0, 0.0
62, 1, 15, 0, 0, 0.0
62, 1, 16, 0, 0, 0.0
62, 1, 17, 0, 0, 0.0
62, 1, 18, 0, 0, 0.0
62, 1, 19, 0, 0, 0.0
62, 1, 20, 0, 0, 0.0
