0, 0, 0, 0, 0, 0.0
0, 0, 1, 0, 0, 0.0
0, 0, 2, 0, 0, 0.0
0, 0, 3, 0, 0, 0.0
0, 0, 4, 0, 0, 0.0
0, 0, 5, 0, 0, 0.0
0, 0, 6, 0, 0, 0.0
0, 0, 7, 0, 0, 0.0
0, 0, 8, 0, 0, 0.0
0, 0, 9, 0, 0, 0.0
0, 0, 10, 0, 0, 0.0
0, 0, 11, 0, 0, 0.0
0, 0, 12, 0, 0, 0.0
0, 0, 13, 0, 0, 0.0
0, 0, 14, 0, 0, 0.0
0, 0, 15, 0, 0, 0.0
0, 0, 16, 0, 0, 0.0
0, 0, 17, 0, 0, 0.0
0, 0, 18, 0, 0, 0.0
0, 0, 19, 0, 0, 0.0
0, 0, 20, 0, 0, 0.0
0, 1, 0, 0, 0, 0.0
0, 1, 1, 0, 0, 0.0
0, 1, 2, 0, 0, 0.0
0, 1, 3, 0, 0, 0.0
0, 1, 4, 0, 0, 0.0
0, 1, 5, 0, 0, 0.0
0, 1, 6, 0, 0, 0.0
0, 1, 7, 0, 0, 0.0
0, 1, 8, 0, 0, 0.0
0, 1, 9, 0, 0, 0.0
0, 1, 10, 0, 0, 0.0
0, 1, 11, 0, 0, 0.0
0, 1, 12, 0, 0, 0.0
0, 1, 13, 0, 0, 0.0
0, 1, 14, 0, 0, 0.0
0, 1, 15, 0, 0, 0.0
0, 1, 16, 0, 0, 0.0
0, 1, 17, 0, 0, 0.0
0, 1, 18, 0, 0, 0.0
0, 1, 19, 0, 0, 0.0
0, 1, 20, 0, 0, 0.0
1, 0, 0, 0, 0, 0.0
1, 0, 1, 0, 0, 0.0
1, 0, 2, 0, 0, 0.0
1, 0, 3, 0, 0, 0.0
1, 0, 4, 0, 0, 0.0
1, 0, 5, 0, 0, 0.0
1, 0, 6, 0, 0, 0.0
1, 0, 7, 0, 0, 0.0
1, 0, 8, 0, 0, 0.0
1, 0, 9, 0, 0, 0.0
1, 0, 10, 0, 0, 0.0
1, 0, 11, 0, 0, 0.0
1, 0, 12, 0, 0, 0.0
1, 0, 13, 0, 0, 0.0
1, 0, 14, 0, 0, 0.0
1, 0, 15, 0, 0, 0.0
1, 0, 16, 0, 0, 0.0
1, 0, 17, 0, 0, 0.0
1, 0, 18, 0, 0, 0.0
1, 0, 19, 0, 0, 0.0
1, 0, 20, 0, 0, 0.0
1, 1, 0, 0, 0, 0.0
1, 1, 1, 0, 0, 0.0
1, 1, 2, 0, 0, 0.0
1, 1, 3, 0, 0, 0.0
1, 1, 4, 0, 0, 0.0
1, 1, 5, 0, 0, 0.0
1, 1, 6, 0, 0, 0.0
1, 1, 7, 0, 0, 0.0
1, 1, 8, 0, 0, 0.0
1, 1, 9, 0, 0, 0.0
1, 1, 10, 0, 0, 0.0
1, 1, 11, 0, 0, 0.0
1, 1, 12, 0, 0, 0.0
1, 1, 13, 0, 0, 0.0
1, 1, 14, 0, 0, 0.0
1, 1, 15, 0, 0, 0.0
1, 1, 16, 0, 0, 0.0
1, 1, 17, 0, 0, 0.0
1, 1, 18, 0, 0, 0.0
1, 1, 19, 0, 0, 0.0
1, 1, 20, 0, 0, 0.0
2, 0, 0, 0, 0, 0.0
2, 0, 1, 0, 0, 0.0
2, 0, 2, 0, 0, 0.0
2, 0, 3, 0, 0, 0.0
2, 0, 4, 0, 0, 0.0
2, 0, 5, 0, 0, 0.0
2, 0, 6, 0, 0, 0.0
2, 0, 7, 0, 0, 0.0
2, 0, 8, 0, 0, 0.0
2, 0, 9, 0, 0, 0.0
2, 0, 10, 0, 0, 0.0
2, 0, 11, 0, 0, 0.0
2, 0, 12, 0, 0, 0.0
2, 0, 13, 0, 0, 0.0
2, 0, 14, 0, 0, 0.0
2, 0, 15, 0, 0, 0.0
2, 0, 16, 0, 0, 0.0
2, 0, 17, 0, 0, 0.0
2, 0, 18, 0, 0, 0.0
2, 0, 19, 0, 0, 0.0
2, 0, 20, 0, 0, 0.0
2, 1, 0, 0, 0, 0.0
2, 1, 1, 0, 0, 0.0
2, 1, 2, 0, 0, 0.0
2, 1, 3, 0, 0, 0.0
2, 1, 4, 0, 0, 0.0
2, 1, 5, 0, 0, 0.0
2, 1, 6, 0, 0, 0.0
2, 1, 7, 0, 0, 0.0
2, 1, 8, 0, 0, 0.0
2, 1, 9, 0, 0, 0.0
2, 1, 10, 0, 0, 0.0
2, 1, 11, 0, 0, 0.0
2, 1, 12, 0, 0, 0.0
2, 1, 13, 0, 0, 0.0
2, 1, 14, 0, 0, 0.0
2, 1, 15, 0, 0, 0.0
2, 1, 16, 0, 0, 0.0
2, 1, 17, 0, 0, 0.0
2, 1, 18, 0, 0, 0.0
2, 1, 19, 0, 0, 0.0
2, 1, 20, 0, 0, 0.0
3, 0, 0, 0, 0, 0.0
3, 0, 1, 0, 0, 0.0
3, 0, 2, 0, 0, 0.0
3, 0, 3, 0, 0, 0.0
3, 0, 4, 0, 0, 0.0
3, 0, 5, 0, 0, 0.0
3, 0, 6, 0, 0, 0.0
3, 0, 7, 0, 0, 0.0
3, 0, 8, 0, 0, 0.0
3, 0, 9, 0, 0, 0.0
3, 0, 10, 0, 0, 0.0
3, 0, 11, 0, 0, 0.0
3, 0, 12, 0, 0, 0.0
3, 0, 13, 0, 0, 0.0
3, 0, 14, 0, 0, 0.0
3, 0, 15, 0, 0, 0.0
3, 0, 16, 0, 0, 0.0
3, 0, 17, 0, 0, 0.0
3, 0, 18, 0, 0, 0.0
3, 0, 19, 0, 0, 0.0
3, 0, 20, 0, 0, 0.0
3, 1, 0, 0, 0, 0.0
3, 1, 1, 0, 0, 0.0
3, 1, 2, 0, 0, 0.0
3, 1, 3, 0, 0, 0.0
3, 1, 4, 0, 0, 0.0
3, 1, 5, 0, 0, 0.0
3, 1, 6, 0, 0, 0.0
3, 1, 7, 0, 0, 0.0
3, 1, 8, 0, 0, 0.0
3, 1, 9, 0, 0, 0.0
3, 1, 10, 0, 0, 0.0
3, 1, 11, 0, 0, 0.0
3, 1, 12, 0, 0, 0.0
3, 1, 13, 0, 0, 0.0
3, 1, 14, 0, 0, 0.0
3, 1, 15, 0, 0, 0.0
3, 1, 16, 0, 0, 0.0
3, 1, 17, 0, 0, 0.0
3, 1, 18, 0, 0, 0.0
3, 1, 19, 0, 0, 0.0
3, 1, 20, 0, 0, 0.0
4, 0, 0, 0, 0, 0.0
4, 0, 1, 0, 0, 0.0
4, 0, 2, 0, 0, 0.0
4, 0, 3, 0, 0, 0.0
4, 0, 4, 0, 0, 0.0
4, 0, 5, 0, 0, 0.0
4, 0, 6, 0, 0, 0.0
4, 0, 7, 0, 0, 0.0
4, 0, 8, 0, 0, 0.0
4, 0, 9, 0, 0, 0.0
4, 0, 10, 0, 0, 0.0
4, 0, 11, 0, 0, 0.0
4, 0, 12, 0, 0, 0.0
4, 0, 13, 0, 0, 0.0
4, 0, 14, 0, 0, 0.0
4, 0, 15, 0, 0, 0.0
4, 0, 16, 0, 0, 0.0
4, 0, 17, 0, 0, 0.0
4, 0, 18, 0, 0, 0.0
4, 0, 19, 0, 0, 0.0
4, 0, 20, 0, 0, 0.0
4, 1, 0, 0, 0, 0.0
4, 1, 1, 0, 0, 0.0
4, 1, 2, 0, 0, 0.0
4, 1, 3, 0, 0, 0.0
4, 1, 4, 0, 0, 0.0
4, 1, 5, 0, 0, 0.0
4, 1, 6, 0, 0, 0.0
4, 1, 7, 0, 0, 0.0
4, 1, 8, 0, 0, 0.0
4, 1, 9, 0, 0, 0.0
4, 1, 10, 0, 0, 0.0
4, 1, 11, 0, 0, 0.0
4, 1, 12, 0, 0, 0.0
4, 1, 13, 0, 0, 0.0
4, 1, 14, 0, 0, 0.0
4, 1, 15, 0, 0, 0.0
4, 1, 16, 0, 0, 0.0
4, 1, 17, 0, 0, 0.0
4, 1, 18, 0, 0, 0.0
4, 1, 19, 0, 0, 0.0
4, 1, 20, 0, 0, 0.0
5, 0, 0, 0, 0, 0.0
5, 0, 1, 0, 0, 0.0
5, 0, 2, 0, 0, 0.0
5, 0, 3, 0, 0, 0.0
5, 0, 4, 0, 0, 0.0
5, 0, 5, 0, 0, 0.0
5, 0, 6, 0, 0, 0.0
5, 0, 7, 0, 0, 0.0
5, 0, 8, 0, 0, 0.0
5, 0, 9, 0, 0, 0.0
5, 0, 10, 0, 0, 0.0
5, 0, 11, 0, 0, 0.0
5, 0, 12, 0, 0, 0.0
5, 0, 13, 0, 0, 0.0
5, 0, 14, 0, 0, 0.0
5, 0, 15, 0, 0, 0.0
5, 0, 16, 0, 0, 0.0
5, 0, 17, 0, 0, 0.0
5, 0, 18, 0, 0, 0.0
5, 0, 19, 0, 0, 0.0
5, 0, 20, 0, 0, 0.0
5, 1, 0, 0, 0, 0.0
5, 1, 1, 0, 0, 0.0
5, 1, 2, 0, 0, 0.0
5, 1, 3, 0, 0, 0.0
5, 1, 4, 0, 0, 0.0
5, 1, 5, 0, 0, 0.0
5, 1, 6, 0, 0, 0.0
5, 1, 7, 0, 0, 0.0
5, 1, 8, 0, 0, 0.0
5, 1, 9, 0, 0, 0.0
5, 1, 10, 0, 0, 0.0
5, 1, 11, 0, 0, 0.0
5, 1, 12, 0, 0, 0.0
5, 1, 13, 0, 0, 0.0
5, 1, 14, 0, 0, 0.0
5, 1, 15, 0, 0, 0.0
5, 1, 16, 0, 0, 0.0
5, 1, 17, 0, 0, 0.0
5, 1, 18, 0, 0, 0.0
5, 1, 19, 0, 0, 0.0
5, 1, 20, 0, 0, 0.0
6, 0, 0, 0, 0, 0.0
6, 0, 1, 0, 0, 0.0
6, 0, 2, 0, 0, 0.0
6, 0, 3, 0, 0, 0.0
6, 0, 4, 0, 0, 0.0
6, 0, 5, 0, 0, 0.0
6, 0, 6, 0, 0, 0.0
6, 0, 7, 0, 0, 0.0
6, 0, 8, 0, 0, 0.0
6, 0, 9, 0, 0, 0.0
6, 0, 10, 0, 0, 0.0
6, 0, 11, 0, 0, 0.0
6, 0, 12, 0, 0, 0.0
6, 0, 13, 0, 0, 0.0
6, 0, 14, 0, 0, 0.0
6, 0, 15, 0, 0, 0.0
6, 0, 16, 0, 0, 0.0
6, 0, 17, 0, 0, 0.0
6, 0, 18, 0, 0, 0.0
6, 0, 19, 0, 0, 0.0
6, 0, 20, 0, 0, 0.0
6, 1, 0, 0, 0, 0.0
6, 1, 1, 0, 0, 0.0
6, 1, 2, 0, 0, 0.0
6, 1, 3, 0, 0, 0.0
6, 1, 4, 0, 0, 0.0
6, 1, 5, 0, 0, 0.0
6, 1, 6, 0, 0, 0.0
6, 1, 7, 0, 0, 0.0
6, 1, 8, 0, 0, 0.0
6, 1, 9, 0, 0, 0.0
6, 1, 10, 0, 0, 0.0
6, 1, 11, 0, 0, 0.0
6, 1, 12, 0, 0, 0.0
6, 1, 13, 0, 0, 0.0
6, 1, 14, 0, 0, 0.0
6, 1, 15, 0, 0, 0.0
6, 1, 16, 0, 0, 0.0
6, 1, 17, 0, 0, 0.0
6, 1, 18, 0, 0, 0.0
6, 1, 19, 0, 0, 0.0
6, 1, 20, 0, 0, 0.0
7, 0, 0, 0, 0, 0.0
7, 0, 1, 0, 0, 0.0
7, 0, 2, 0, 0, 0.0
7, 0, 3, 0, 0, 0.0
7, 0, 4, 0, 0, 0.0
7, 0, 5, 0, 0, 0.0
7, 0, 6, 0, 0, 0.0
7, 0, 7, 0, 0, 0.0
7, 0, 8, 0, 0, 0.0
7, 0, 9, 0, 0, 0.0
7, 0, 10, 0, 0, 0.0
7, 0, 11, 0, 0, 0.0
7, 0, 12, 0, 0, 0.0
7, 0, 13, 0, 0, 0.0
7, 0, 14, 0, 0, 0.0
7, 0, 15, 0, 0, 0.0
7, 0, 16, 0, 0, 0.0
7, 0, 17, 0, 0, 0.0
7, 0, 18, 0, 0, 0.0
7, 0, 19, 0, 0, 0.0
7, 0, 20, 0, 0, 0.0
7, 1, 0, 0, 0, 0.0
7, 1, 1, 0, 0, 0.0
7, 1, 2, 0, 0, 0.0
7, 1, 3, 0, 0, 0.0
7, 1, 4, 0, 0, 0.0
7, 1, 5, 0, 0, 0.0
7, 1, 6, 0, 0, 0.0
7, 1, 7, 0, 0, 0.0
7, 1, 8, 0, 0, 0.0
7, 1, 9, 0, 0, 0.0
7, 1, 10, 0, 0, 0.0
7, 1, 11, 0, 0, 0.0
7, 1, 12, 0, 0, 0.0
7, 1, 13, 0, 0, 0.0
7, 1, 14, 0, 0, 0.0
7, 1, 15, 0, 0, 0.0
7, 1, 16, 0, 0, 0.0
7, 1, 17, 0, 0, 0.0
7, 1, 18, 0, 0, 0.0
7, 1, 19, 0, 0, 0.0
7, 1, 20, 0, 0, 0.0
8, 0, 0, 0, 0, 0.0
8, 0, 1, 0, 0, 0.0
8, 0, 2, 0, 0, 0.0
8, 0, 3, 0, 0, 0.0
8, 0, 4, 0, 0, 0.0
8, 0, 5, 0, 0, 0.0
8, 0, 6, 0, 0, 0.0
8, 0, 7, 0, 0, 0.0
8, 0, 8, 0, 0, 0.0
8, 0, 9, 0, 0, 0.0
8, 0, 10, 0, 0, 0.0
8, 0, 11, 0, 0, 0.0
8, 0, 12, 0, 0, 0.0
8, 0, 13, 0, 0, 0.0
8, 0, 14, 0, 0, 0.0
8, 0, 15, 0, 0, 0.0
8, 0, 16, 0, 0, 0.0
8, 0, 17, 0, 0, 0.0
8, 0, 18, 0, 0, 0.0
8, 0, 19, 0, 0, 0.0
8, 0, 20, 0, 0, 0.0
8, 1, 0, 0, 0, 0.0
8, 1, 1, 0, 0, 0.0
8, 1, 2, 0, 0, 0.0
8, 1, 3, 0, 0, 0.0
8, 1, 4, 0, 0, 0.0
8, 1, 5, 0, 0, 0.0
8, 1, 6, 0, 0, 0.0
8, 1, 7, 0, 0, 0.0
8, 1, 8, 0, 0, 0.0
8, 1, 9, 0, 0, 0.0
8, 1, 10, 0, 0, 0.0
8, 1, 11, 0, 0, 0.0
8, 1, 12, 0, 0, 0.0
8, 1, 13, 0, 0, 0.0
8, 1, 14, 0, 0, 0.0
8, 1, 15, 0, 0, 0.0
8, 1, 16, 0, 0, 0.0
8, 1, 17, 0, 0, 0.0
8, 1, 18, 0, 0, 0.0
8, 1, 19, 0, 0, 0.0
8, 1, 20, 0, 0, 0.0
9, 0, 0, 0, 0, 0.0
9, 0, 1, 0, 0, 0.0
9, 0, 2, 0, 0, 0.0
9, 0, 3, 0, 0, 0.0
9, 0, 4, 0, 0, 0.0
9, 0, 5, 0, 0, 0.0
9, 0, 6, 0, 0, 0.0
9, 0, 7, 0, 0, 0.0
9, 0, 8, 0, 0, 0.0
9, 0, 9, 0, 0, 0.0
9, 0, 10, 0, 0, 0.0
9, 0, 11, 0, 0, 0.0
9, 0, 12, 0, 0, 0.0
9, 0, 13, 0, 0, 0.0
9, 0, 14, 0, 0, 0.0
9, 0, 15, 0, 0, 0.0
9, 0, 16, 0, 0, 0.0
9, 0, 17, 0, 0, 0.0
9, 0, 18, 0, 0, 0.0
9, 0, 19, 0, 0, 0.0
9, 0, 20, 0, 0, 0.0
9, 1, 0, 0, 0, 0.0
9, 1, 1, 0, 0, 0.0
9, 1, 2, 0, 0, 0.0
9, 1, 3, 0, 0, 0.0
9, 1, 4, 0, 0, 0.0
9, 1, 5, 0, 0, 0.0
9, 1, 6, 0, 0, 0.0
9, 1, 7, 0, 0, 0.0
9, 1, 8, 0, 0, 0.0
9, 1, 9, 0, 0, 0.0
9, 1, 10, 0, 0, 0.0
9, 1, 11, 0, 0, 0.0
9, 1, 12, 0, 0, 0.0
9, 1, 13, 0, 0, 0.0
9, 1, 14, 0, 0, 0.0
9, 1, 15, 0, 0, 0.0
9, 1, 16, 0, 0, 0.0
9, 1, 17, 0, 0, 0.0
9, 1, 18, 0, 0, 0.0
9, 1, 19, 0, 0, 0.0
9, 1, 20, 0, 0, 0.0
10, 0, 0, 0, 0, 0.0
10, 0, 1, 0, 0, 0.0
10, 0, 2, 0, 0, 0.0
10, 0, 3, 0, 0, 0.0
10, 0, 4, 0, 0, 0.0
10, 0, 5, 0, 0, 0.0
10, 0, 6, 0, 0, 0.0
10, 0, 7, 0, 0, 0.0
10, 0, 8, 0, 0, 0.0
10, 0, 9, 0, 0, 0.0
10, 0, 10, 0, 0, 0.0
10, 0, 11, 0, 0, 0.0
10, 0, 12, 0, 0, 0.0
10, 0, 13, 0, 0, 0.0
10, 0, 14, 0, 0, 0.0
10, 0, 15, 0, 0, 0.0
10, 0, 16, 0, 0, 0.0
10, 0, 17, 0, 0, 0.0
10, 0, 18, 0, 0, 0.0
10, 0, 19, 0, 0, 0.0
10, 0, 20, 0, 0, 0.0
10, 1, 0, 0, 0, 0.0
10, 1, 1, 0, 0, 0.0
10, 1, 2, 0, 0, 0.0
10, 1, 3, 0, 0, 0.0
10, 1, 4, 0, 0, 0.0
10, 1, 5, 0, 0, 0.0
10, 1, 6, 0, 0, 0.0
10, 1, 7, 0, 0, 0.0
10, 1, 8, 0, 0, 0.0
10, 1, 9, 0, 0, 0.0
10, 1, 10, 0, 0, 0.0
10, 1, 11, 0, 0, 0.0
10, 1, 12, 0, 0, 0.0
10, 1, 13, 0, 0, 0.0
10, 1, 14, 0, 0, 0.0
10, 1, 15, 0, 0, 0.0
10, 1, 16, 0, 0, 0.0
10, 1, 17, 0, 0, 0.0
10, 1, 18, 0, 0, 0.0
10, 1, 19, 0, 0, 0.0
10, 1, 20, 0, 0, 0.0
11, 0, 0, 0, 0, 0.0
11, 0, 1, 0, 0, 0.0
11, 0, 2, 0, 0, 0.0
11, 0, 3, 0, 0, 0.0
11, 0, 4, 0, 0, 0.0
11, 0, 5, 0, 0, 0.0
11, 0, 6, 0, 0, 0.0
11, 0, 7, 0, 0, 0.0
11, 0, 8, 0, 0, 0.0
11, 0, 9, 0, 0, 0.0
11, 0, 10, 0, 0, 0.0
11, 0, 11, 0, 0, 0.0
11, 0, 12, 0, 0, 0.0
11, 0, 13, 0, 0, 0.0
11, 0, 14, 0, 0, 0.0
11, 0, 15, 0, 0, 0.0
11, 0, 16, 0, 0, 0.0
11, 0, 17, 0, 0, 0.0
11, 0, 18, 0, 0, 0.0
11, 0, 19, 0, 0, 0.0
11, 0, 20, 0, 0, 0.0
11, 1, 0, 0, 0, 0.0
11, 1, 1, 0, 0, 0.0
11, 1, 2, 0, 0, 0.0
11, 1, 3, 0, 0, 0.0
11, 1, 4, 0, 0, 0.0
11, 1, 5, 0, 0, 0.0
11, 1, 6, 0, 0, 0.0
11, 1, 7, 0, 0, 0.0
11, 1, 8, 0, 0, 0.0
11, 1, 9, 0, 0, 0.0
11, 1, 10, 0, 0, 0.0
11, 1, 11, 0, 0, 0.0
11, 1, 12, 0, 0, 0.0
11, 1, 13, 0, 0, 0.0
11, 1, 14, 0, 0, 0.0
11, 1, 15, 0, 0, 0.0
11, 1, 16, 0, 0, 0.0
11, 1, 17, 0, 0, 0.0
11, 1, 18, 0, 0, 0.0
11, 1, 19, 0, 0, 0.0
11, 1, 20, 0, 0, 0.0
12, 0, 0, 0, 0, 0.0
12, 0, 1, 0, 0, 0.0
12, 0, 2, 0, 0, 0.0
12, 0, 3, 0, 0, 0.0
12, 0, 4, 0, 0, 0.0
12, 0, 5, 0, 0, 0.0
12, 0, 6, 0, 0, 0.0
12, 0, 7, 0, 0, 0.0
12, 0, 8, 0, 0, 0.0
12, 0, 9, 0, 0, 0.0
12, 0, 10, 0, 0, 0.0
12, 0, 11, 0, 0, 0.0
12, 0, 12, 0, 0, 0.0
12, 0, 13, 0, 0, 0.0
12, 0, 14, 0, 0, 0.0
12, 0, 15, 0, 0, 0.0
12, 0, 16, 0, 0, 0.0
12, 0, 17, 0, 0, 0.0
12, 0, 18, 0, 0, 0.0
12, 0, 19, 0, 0, 0.0
12, 0, 20, 0, 0, 0.0
12, 1, 0, 0, 0, 0.0
12, 1, 1, 0, 0, 0.0
12, 1, 2, 0, 0, 0.0
12, 1, 3, 0, 0, 0.0
12, 1, 4, 0, 0, 0.0
12, 1, 5, 0, 0, 0.0
12, 1, 6, 0, 0, 0.0
12, 1, 7, 0, 0, 0.0
12, 1, 8, 0, 0, 0.0
12, 1, 9, 0, 0, 0.0
12, 1, 10, 0, 0, 0.0
12, 1, 11, 0, 0, 0.0
12, 1, 12, 0, 0, 0.0
12, 1, 13, 0, 0, 0.0
12, 1, 14, 0, 0, 0.0
12, 1, 15, 0, 0, 0.0
12, 1, 16, 0, 0, 0.0
12, 1, 17, 0, 0, 0.0
12, 1, 18, 0, 0, 0.0
12, 1, 19, 0, 0, 0.0
12, 1, 20, 0, 0, 0.0
13, 0, 0, 0, 0, 0.0
13, 0, 1, 0, 0, 0.0
13, 0, 2, 0, 0, 0.0
13, 0, 3, 0, 0, 0.0
13, 0, 4, 0, 0, 0.0
13, 0, 5, 0, 0, 0.0
13, 0, 6, 0, 0, 0.0
13, 0, 7, 0, 0, 0.0
13, 0, 8, 0, 0, 0.0
13, 0, 9, 0, 0, 0.0
13, 0, 10, 0, 0, 0.0
13, 0, 11, 0, 0, 0.0
13, 0, 12, 0, 0, 0.0
13, 0, 13, 0, 0, 0.0
13, 0, 14, 0, 0, 0.0
13, 0, 15, 0, 0, 0.0
13, 0, 16, 0, 0, 0.0
13, 0, 17, 0, 0, 0.0
13, 0, 18, 0, 0, 0.0
13, 0, 19, 0, 0, 0.0
13, 0, 20, 0, 0, 0.0
13, 1, 0, 0, 0, 0.0
13, 1, 1, 0, 0, 0.0
13, 1, 2, 0, 0, 0.0
13, 1, 3, 0, 0, 0.0
13, 1, 4, 0, 0, 0.0
13, 1, 5, 0, 0, 0.0
13, 1, 6, 0, 0, 0.0
13, 1, 7, 0, 0, 0.0
13, 1, 8, 0, 0, 0.0
13, 1, 9, 0, 0, 0.0
13, 1, 10, 0, 0, 0.0
13, 1, 11, 0, 0, 0.0
13, 1, 12, 0, 0, 0.0
13, 1, 13, 0, 0, 0.0
13, 1, 14, 0, 0, 0.0
13, 1, 15, 0, 0, 0.0
13, 1, 16, 0, 0, 0.0
13, 1, 17, 0, 0, 0.0
13, 1, 18, 0, 0, 0.0
13, 1, 19, 0, 0, 0.0
13, 1, 20, 0, 0, 0.0
14, 0, 0, 0, 0, 0.0
14, 0, 1, 0, 0, 0.0
14, 0, 2, 0, 0, 0.0
14, 0, 3, 0, 0, 0.0
14, 0, 4, 0, 0, 0.0
14, 0, 5, 0, 0, 0.0
14, 0, 6, 0, 0, 0.0
14, 0, 7, 0, 0, 0.0
14, 0, 8, 0, 0, 0.0
14, 0, 9, 0, 0, 0.0
14, 0, 10, 0, 0, 0.0
14, 0, 11, 0, 0, 0.0
14, 0, 12, 0, 0, 0.0
14, 0, 13, 0, 0, 0.0
14, 0, 14, 0, 0, 0.0
14, 0, 15, 0, 0, 0.0
14, 0, 16, 0, 0, 0.0
14, 0, 17, 0, 0, 0.0
14, 0, 18, 0, 0, 0.0
14, 0, 19, 0, 0, 0.0
14, 0, 20, 0, 0, 0.0
14, 1, 0, 0, 0, 0.0
14, 1, 1, 0, 0, 0.0
14, 1, 2, 0, 0, 0.0
14, 1, 3, 0, 0, 0.0
14, 1, 4, 0, 0, 0.0
14, 1, 5, 0, 0, 0.0
14, 1, 6, 0, 0, 0.0
14, 1, 7, 0, 0, 0.0
14, 1, 8, 0, 0, 0.0
14, 1, 9, 0, 0, 0.0
14, 1, 10, 0, 0, 0.0
14, 1, 11, 0, 0, 0.0
14, 1, 12, 0, 0, 0.0
14, 1, 13, 0, 0, 0.0
14, 1, 14, 0, 0, 0.0
14, 1, 15, 0, 0, 0.0
14, 1, 16, 0, 0, 0.0
14, 1, 17, 0, 0, 0.0
14, 1, 18, 0, 0, 0.0
14, 1, 19, 0, 0, 0.0
14, 1, 20, 0, 0, 0.0
15, 0, 0, 0, 0, 0.0
15, 0, 1, 0, 0, 0.0
15, 0, 2, 0, 0, 0.0
15, 0, 3, 0, 0, 0.0
15, 0, 4, 0, 0, 0.0
15, 0, 5, 0, 0, 0.0
15, 0, 6, 0, 0, 0.0
15, 0, 7, 0, 0, 0.0
15, 0, 8, 0, 0, 0.0
15, 0, 9, 0, 0, 0.0
15, 0, 10, 0, 0, 0.0
15, 0, 11, 0, 0, 0.0
15, 0, 12, 0, 0, 0.0
15, 0, 13, 0, 0, 0.0
15, 0, 14, 0, 0, 0.0
15, 0, 15, 0, 0, 0.0
15, 0, 16, 0, 0, 0.0
15, 0, 17, 0, 0, 0.0
15, 0, 18, 0, 0, 0.0
15, 0, 19, 0, 0, 0.0
15, 0, 20, 0, 0, 0.0
15, 1, 0, 0, 0, 0.0
15, 1, 1, 0, 0, 0.0
15, 1, 2, 0, 0, 0.0
15, 1, 3, 0, 0, 0.0
15, 1, 4, 0, 0, 0.0
15, 1, 5, 0, 0, 0.0
15, 1, 6, 0, 0, 0.0
15, 1, 7, 0, 0, 0.0
15, 1, 8, 0, 0, 0.0
15, 1, 9, 0, 0, 0.0
15, 1, 10, 0, 0, 0.0
15, 1, 11, 0, 0, 0.0
15, 1, 12, 0, 0, 0.0
15, 1, 13, 0, 0, 0.0
15, 1, 14, 0, 0, 0.0
15, 1, 15, 0, 0, 0.0
15, 1, 16, 0, 0, 0.0
15, 1, 17, 0, 0, 0.0
15, 1, 18, 0, 0, 0.0
15, 1, 19, 0, 0, 0.0
15, 1, 20, 0, 0, 0.0
16, 0, 0, 0, 0, 0.0
16, 0, 1, 0, 0, 0.0
16, 0, 2, 0, 0, 0.0
16, 0, 3, 0, 0, 0.0
16, 0, 4, 0, 0, 0.0
16, 0, 5, 0, 0, 0.0
16, 0, 6, 0, 0, 0.0
16, 0, 7, 0, 0, 0.0
16, 0, 8, 0, 0, 0.0
16, 0, 9, 0, 0, 0.0
16, 0, 10, 0, 0, 0.0
16, 0, 11, 0, 0, 0.0
16, 0, 12, 0, 0, 0.0
16, 0, 13, 0, 0, 0.0
16, 0, 14, 0, 0, 0.0
16, 0, 15, 0, 0, 0.0
16, 0, 16, 0, 0, 0.0
16, 0, 17, 0, 0, 0.0
16, 0, 18, 0, 0, 0.0
16, 0, 19, 0, 0, 0.0
16, 0, 20, 0, 0, 0.0
16, 1, 0, 0, 0, 0.0
16, 1, 1, 0, 0, 0.0
16, 1, 2, 0, 0, 0.0
16, 1, 3, 0, 0, 0.0
16, 1, 4, 0, 0, 0.0
16, 1, 5, 0, 0, 0.0
16, 1, 6, 0, 0, 0.0
16, 1, 7, 0, 0, 0.0
16, 1, 8, 0, 0, 0.0
16, 1, 9, 0, 0, 0.0
16, 1, 10, 0, 0, 0.0
16, 1, 11, 0, 0, 0.0
16, 1, 12, 0, 0, 0.0
16, 1, 13, 0, 0, 0.0
16, 1, 14, 0, 0, 0.0
16, 1, 15, 0, 0, 0.0
16, 1, 16, 0, 0, 0.0
16, 1, 17, 0, 0, 0.0
16, 1, 18, 0, 0, 0.0
16, 1, 19, 0, 0, 0.0
16, 1, 20, 0, 0, 0.0
17, 0, 0, 0, 0, 0.0
17, 0, 1, 0, 0, 0.0
17, 0, 2, 0, 0, 0.0
17, 0, 3, 0, 0, 0.0
17, 0, 4, 0, 0, 0.0
17, 0, 5, 0, 0, 0.0
17, 0, 6, 0, 0, 0.0
17, 0, 7, 0, 0, 0.0
17, 0, 8, 0, 0, 0.0
17, 0, 9, 0, 0, 0.0
17, 0, 10, 0, 0, 0.0
17, 0, 11, 0, 0, 0.0
17, 0, 12, 0, 0, 0.0
17, 0, 13, 0, 0, 0.0
17, 0, 14, 0, 0, 0.0
17, 0, 15, 0, 0, 0.0
17, 0, 16, 0, 0, 0.0
17, 0, 17, 0, 0, 0.0
17, 0, 18, 0, 0, 0.0
17, 0, 19, 0, 0, 0.0
17, 0, 20, 0, 0, 0.0
17, 1, 0, 0, 0, 0.0
17, 1, 1, 0, 0, 0.0
17, 1, 2, 0, 0, 0.0
17, 1, 3, 0, 0, 0.0
17, 1, 4, 0, 0, 0.0
17, 1, 5, 0, 0, 0.0
17, 1, 6, 0, 0, 0.0
17, 1, 7, 0, 0, 0.0
17, 1, 8, 0, 0, 0.0
17, 1, 9, 0, 0, 0.0
17, 1, 10, 0, 0, 0.0
17, 1, 11, 0, 0, 0.0
17, 1, 12, 0, 0, 0.0
17, 1, 13, 0, 0, 0.0
17, 1, 14, 0, 0, 0.0
17, 1, 15, 0, 0, 0.0
17, 1, 16, 0, 0, 0.0
17, 1, 17, 0, 0, 0.0
17, 1, 18, 0, 0, 0.0
17, 1, 19, 0, 0, 0.0
17, 1, 20, 0, 0, 0.0
18, 0, 0, 796, 898, 2.5013494564518624e-07
18, 0, 1, 854, 879, -0.01004795916378498
18, 0, 2, 923, 900, -0.018353315070271492
18, 0, 3, 973, 935, -0.023912861943244934
18, 0, 4, 1017, 955, -0.029204662889242172
18, 0, 5, 908, 894, -0.036079291254282
18, 0, 6, 958, 952, -0.050067245960235596
18, 0, 7, 985, 992, -0.055342648178339005
18, 0, 8, 1004, 1024, -0.057332802563905716
18, 0, 9, 872, 920, -0.03705577552318573
18, 0, 10, 929, 985, -0.049602508544921875
18, 0, 11, 963, 1028, -0.05239345505833626
18, 0, 12, 985, 1059, -0.054051849991083145
18, 0, 13, 836, 948, -0.03747234866023064
18, 0, 14, 885, 1015, -0.04811200499534607
18, 0, 15, 921, 1052, -0.050252802670001984
18, 0, 16, 948, 1077, -0.05104990676045418
18, 0, 17, 807, 976, -0.03796998783946037
18, 0, 18, 847, 1031, -0.046369604766368866
18, 0, 19, 877, 1059, -0.048278287053108215
18, 0, 20, 902, 1078, -0.048962440341711044
18, 1, 0, 0, 0, 0.0
18, 1, 1, 0, 0, 0.0
18, 1, 2, 0, 0, 0.0
18, 1, 3, 0, 0, 0.0
18, 1, 4, 0, 0, 0.0
18, 1, 5, 0, 0, 0.0
18, 1, 6, 0, 0, 0.0
18, 1, 7, 0, 0, 0.0
18, 1, 8, 0, 0, 0.0
18, 1, 9, 0, 0, 0.0
18, 1, 10, 0, 0, 0.0
18, 1, 11, 0, 0, 0.0
18, 1, 12, 0, 0, 0.0
18, 1, 13, 0, 0, 0.0
18, 1, 14, 0, 0, 0.0
18, 1, 15, 0, 0, 0.0
18, 1, 16, 0, 0, 0.0
18, 1, 17, 0, 0, 0.0
18, 1, 18, 0, 0, 0.0
18, 1, 19, 0, 0, 0.0
18, 1, 20, 0, 0, 0.0
19, 0, 0, 809, 827, 3.1732344041301985e-07
19, 0, 1, 857, 808, -0.008893641643226147
19, 0, 2, 927, 815, -0.017427684739232063
19, 0, 3, 981, 836, -0.023987462744116783
19, 0, 4, 1027, 848, -0.030569100752472878
19, 0, 5, 923, 790, -0.035331953316926956
19, 0, 6, 975, 839, -0.05134333297610283
19, 0, 7, 1003, 878, -0.05816124752163887
19, 0, 8, 1023, 912, -0.06146145612001419
19, 0, 9, 890, 814, -0.038192082196474075
19, 0, 10, 947, 869, -0.05387141928076744
19, 0, 11, 982, 910, -0.05790116265416145
19, 0, 12, 1006, 942, -0.06000964716076851
19, 0, 13, 857, 844, -0.04081156477332115
19, 0, 14, 908, 901, -0.054615769535303116
19, 0, 15, 943, 939, -0.05705614760518074
19, 0, 16, 970, 967, -0.05755973234772682
19, 0, 17, 828, 875, -0.04353441670536995
19, 0, 18, 870, 923, -0.05484279245138168
19, 0, 19, 900, 952, -0.057896777987480164
19, 0, 20, 925, 975, -0.05905139073729515
19, 1, 0, 1140, 965, 2.3014118610831247e-08
19, 1, 1, 1085, 960, -0.0001553885667817667
19, 1, 2, 1022, 985, -0.0032169579062610865
19, 1, 3, 980, 1018, -0.006487471517175436
19, 1, 4, 954, 1051, -0.011385018937289715
19, 1, 5, 999, 993, -0.01357980165630579
19, 1, 6, 950, 1044, -0.024016615003347397
19, 1, 7, 927, 1086, -0.03127206861972809
19, 1, 8, 916, 1120, -0.03564906120300293
19, 1, 9, 1018, 1014, -0.018748296424746513
19, 1, 10, 966, 1068, -0.026673289015889168
19, 1, 11, 949, 1113, -0.031581711024045944
19, 1, 12, 944, 1147, -0.035261817276477814
19, 1, 13, 1047, 1036, -0.023369939997792244
19, 1, 14, 1002, 1088, -0.029966263100504875
19, 1, 15, 989, 1130, -0.032038357108831406
19, 1, 16, 984, 1159, -0.03354892134666443
19, 1, 17, 1084, 1057, -0.02753712236881256
19, 1, 18, 1052, 1101, -0.03388991951942444
19, 1, 19, 1039, 1132, -0.034420788288116455
19, 1, 20, 1033, 1156, -0.033933062106370926
20, 0, 0, 829, 809, 3.011801368302258e-07
20, 0, 1, 893, 788, -0.002138778567314148
20, 0, 2, 953, 774, -0.007152691949158907
20, 0, 3, 1002, 771, -0.0124068483710289
20, 0, 4, 1045, 765, -0.017900360748171806
20, 0, 5, 949, 759, -0.014300579205155373
20, 0, 6, 997, 774, -0.026928210631012917
20, 0, 7, 1021, 797, -0.03442702442407608
20, 0, 8, 1037, 821, -0.039051856845617294
20, 0, 9, 924, 775, -0.019462304189801216
20, 0, 10, 970, 802, -0.03164590522646904
20, 0, 11, 999, 829, -0.03652787208557129
20, 0, 12, 1019, 853, -0.03978050500154495
20, 0, 13, 895, 797, -0.02489040605723858
20, 0, 14, 939, 830, -0.03627694398164749
20, 0, 15, 969, 853, -0.0384492501616478
20, 0, 16, 992, 874, -0.039096150547266006
20, 0, 17, 864, 821, -0.030244402587413788
20, 0, 18, 900, 848, -0.03944659233093262
20, 0, 19, 926, 864, -0.04159681126475334
20, 0, 20, 948, 879, -0.04220597445964813
20, 1, 0, 1141, 939, 1.0707872633020088e-07
20, 1, 1, 1078, 931, 0.0038404399529099464
20, 1, 2, 1020, 947, 0.0024375554639846087
20, 1, 3, 989, 975, -0.00020854792091995478
20, 1, 4, 974, 1003, -0.003981682471930981
20, 1, 5, 990, 952, -0.009328530170023441
20, 1, 6, 921, 990, -0.016873618587851524
20, 1, 7, 884, 1020, -0.021092882379889488
20, 1, 8, 859, 1047, -0.02328762598335743
20, 1, 9, 1006, 973, -0.015980182215571404
20, 1, 10, 936, 1017, -0.021946027874946594
20, 1, 11, 899, 1049, -0.025659596547484398
20, 1, 12, 872, 1075, -0.02838490717113018
20, 1, 13, 1031, 996, -0.021746711805462837
20, 1, 14, 967, 1036, -0.026189977303147316
20, 1, 15, 932, 1062, -0.029434284195303917
20, 1, 16, 909, 1081, -0.03179820254445076
20, 1, 17, 1063, 1022, -0.026836717501282692
20, 1, 18, 1014, 1055, -0.030615950003266335
20, 1, 19, 990, 1076, -0.030939951539039612
20, 1, 20, 976, 1093, -0.03071299009025097
21, 0, 0, 844, 772, 3.260188350395765e-07
21, 0, 1, 918, 754, -0.002001794520765543
21, 0, 2, 977, 729, -0.007338815368711948
21, 0, 3, 1022, 713, -0.013332792557775974
21, 0, 4, 1063, 697, -0.019536569714546204
21, 0, 5, 967, 699, -0.012391547672450542
21, 0, 6, 1010, 703, -0.026085341349244118
21, 0, 7, 1034, 725, -0.03521253541111946
21, 0, 8, 1052, 751, -0.04098080098628998
21, 0, 9, 940, 708, -0.017762338742613792
21, 0, 10, 981, 725, -0.03100431337952614
21, 0, 11, 1013, 754, -0.037691131234169006
21, 0, 12, 1036, 782, -0.042339637875556946
21, 0, 13, 910, 726, -0.023521553725004196
21, 0, 14, 952, 750, -0.03634893521666527
21, 0, 15, 985, 777, -0.0399150587618351
21, 0, 16, 1009, 800, -0.041299983859062195
21, 0, 17, 878, 747, -0.02923429012298584
21, 0, 18, 914, 769, -0.0401272252202034
21, 0, 19, 942, 788, -0.043743278831243515
21, 0, 20, 966, 804, -0.0451086051762104
21, 1, 0, 1135, 898, 6.728946289058513e-08
21, 1, 1, 1071, 893, 0.006837810389697552
21, 1, 2, 1011, 910, 0.006603029556572437
21, 1, 3, 970, 932, 0.004793787840753794
21, 1, 4, 942, 955, 0.001900909817777574
21, 1, 5, 980, 912, -0.010572254657745361
21, 1, 6, 905, 944, -0.020251082256436348
21, 1, 7, 864, 972, -0.02487405575811863
21, 1, 8, 835, 997, -0.026972485706210136
21, 1, 9, 995, 926, -0.019020620733499527
21, 1, 10, 915, 970, -0.028407499194145203
21, 1, 11, 869, 1002, -0.03291608393192291
21, 1, 12, 834, 1029, -0.03572056442499161
21, 1, 13, 1018, 945, -0.026189375668764114
21, 1, 14, 946, 986, -0.0332329124212265
21, 1, 15, 902, 1012, -0.03709645941853523
21, 1, 16, 869, 1031, -0.0395481139421463
21, 1, 17, 1048, 969, -0.03226263448596001
21, 1, 18, 995, 1003, -0.038360465317964554
21, 1, 19, 962, 1021, -0.040416065603494644
21, 1, 20, 933, 1035, -0.041363369673490524
22, 0, 0, 850, 727, 4.3863857968062803e-07
22, 0, 1, 932, 705, -0.007292587775737047
22, 0, 2, 994, 679, -0.01589701697230339
22, 0, 3, 1041, 661, -0.024245811626315117
22, 0, 4, 1081, 640, -0.03265109285712242
22, 0, 5, 967, 606, -0.024419590830802917
22, 0, 6, 1019, 626, -0.043637461960315704
22, 0, 7, 1051, 660, -0.05593843758106232
22, 0, 8, 1071, 691, -0.06338491290807724
22, 0, 9, 933, 615, -0.029816411435604095
22, 0, 10, 991, 647, -0.05058380216360092
22, 0, 11, 1030, 688, -0.06039699912071228
22, 0, 12, 1054, 723, -0.06656886637210846
22, 0, 13, 901, 641, -0.03584007918834686
22, 0, 14, 957, 673, -0.05667022615671158
22, 0, 15, 996, 711, -0.06314907968044281
22, 0, 16, 1020, 740, -0.06527742743492126
22, 0, 17, 873, 675, -0.04193701967597008
22, 0, 18, 923, 701, -0.05867775157094002
22, 0, 19, 956, 727, -0.06407591700553894
22, 0, 20, 981, 748, -0.0660722404718399
22, 1, 0, 1132, 862, 6.905060701001275e-08
22, 1, 1, 1064, 858, 0.008867264725267887
22, 1, 2, 1006, 874, 0.010027528740465641
22, 1, 3, 967, 892, 0.009161456488072872
22, 1, 4, 937, 911, 0.007301628589630127
22, 1, 5, 974, 876, -0.006678889039903879
22, 1, 6, 897, 904, -0.015947796404361725
22, 1, 7, 852, 926, -0.020334400236606598
22, 1, 8, 819, 945, -0.022342592477798462
22, 1, 9, 985, 887, -0.015989618375897408
22, 1, 10, 902, 924, -0.025534704327583313
22, 1, 11, 852, 952, -0.030113913118839264
22, 1, 12, 814, 974, -0.032837606966495514
22, 1, 13, 1005, 904, -0.02407938987016678
22, 1, 14, 928, 940, -0.03147658333182335
22, 1, 15, 882, 963, -0.035720281302928925
22, 1, 16, 846, 979, -0.03842493146657944
22, 1, 17, 1032, 926, -0.030950581654906273
22, 1, 18, 978, 956, -0.03794369474053383
22, 1, 19, 942, 971, -0.04086952656507492
22, 1, 20, 912, 984, -0.04242584481835365
23, 0, 0, 863, 697, 2.5845187678896764e-07
23, 0, 1, 945, 676, -0.0028656492941081524
23, 0, 2, 1006, 643, -0.00961386226117611
23, 0, 3, 1052, 620, -0.01742345467209816
23, 0, 4, 1093, 601, -0.025926366448402405
23, 0, 5, 985, 569, -0.01838352158665657
23, 0, 6, 1044, 594, -0.037675075232982635
23, 0, 7, 1074, 633, -0.04985625296831131
23, 0, 8, 1091, 666, -0.05658963695168495
23, 0, 9, 949, 580, -0.02603274956345558
23, 0, 10, 1015, 615, -0.04648950323462486
23, 0, 11, 1052, 658, -0.05553774535655975
23, 0, 12, 1073, 692, -0.06039063632488251
23, 0, 13, 916, 608, -0.03421171009540558
23, 0, 14, 977, 642, -0.05520474910736084
23, 0, 15, 1016, 680, -0.060792505741119385
23, 0, 16, 1040, 709, -0.06159618869423866
23, 0, 17, 889, 644, -0.0420498289167881
23, 0, 18, 942, 670, -0.05867461487650871
23, 0, 19, 977, 697, -0.06269606202840805
23, 0, 20, 1004, 719, -0.06314053386449814
23, 1, 0, 1127, 830, 8.59701287936332e-08
23, 1, 1, 1060, 835, 0.00833145622164011
23, 1, 2, 995, 853, 0.009351605549454689
23, 1, 3, 948, 869, 0.008401462808251381
23, 1, 4, 914, 886, 0.006308314856141806
23, 1, 5, 965, 845, -0.00684710219502449
23, 1, 6, 892, 870, -0.01704184152185917
23, 1, 7, 844, 887, -0.022943489253520966
23, 1, 8, 807, 902, -0.02635587379336357
23, 1, 9, 975, 854, -0.016294555738568306
23, 1, 10, 893, 884, -0.026383643969893456
23, 1, 11, 842, 906, -0.03196227550506592
23, 1, 12, 800, 924, -0.0358985960483551
23, 1, 13, 995, 868, -0.024631673470139503
23, 1, 14, 914, 898, -0.03330707177519798
23, 1, 15, 867, 918, -0.03825387731194496
23, 1, 16, 829, 932, -0.04170622304081917
23, 1, 17, 1021, 889, -0.031807057559490204
23, 1, 18, 966, 911, -0.04031439870595932
23, 1, 19, 930, 923, -0.04431689530611038
23, 1, 20, 899, 934, -0.046884432435035706
24, 0, 0, 874, 688, 1.1228541296759431e-07
24, 0, 1, 956, 677, -0.0016846767393872142
24, 0, 2, 1024, 647, -0.009285795502364635
24, 0, 3, 1074, 624, -0.018176095560193062
24, 0, 4, 1120, 605, -0.02834046259522438
24, 0, 5, 1019, 578, -0.023526281118392944
24, 0, 6, 1081, 615, -0.04450004920363426
24, 0, 7, 1107, 659, -0.05638792738318443
24, 0, 8, 1119, 695, -0.0625944510102272
24, 0, 9, 982, 586, -0.03258846700191498
24, 0, 10, 1053, 634, -0.05445783585309982
24, 0, 11, 1084, 684, -0.06294471025466919
24, 0, 12, 1101, 722, -0.0673438310623169
24, 0, 13, 945, 610, -0.04189004749059677
24, 0, 14, 1011, 652, -0.063392773270607
24, 0, 15, 1046, 696, -0.06899089366197586
24, 0, 16, 1069, 730, -0.07017040252685547
24, 0, 17, 913, 644, -0.050614133477211
24, 0, 18, 963, 674, -0.06728432327508926
24, 0, 19, 996, 705, -0.07167191058397293
24, 0, 20, 1021, 729, -0.07288514822721481
24, 1, 0, 1127, 802, 8.793058725586889e-08
24, 1, 1, 1058, 810, 0.009633922018110752
24, 1, 2, 991, 828, 0.012246576137840748
24, 1, 3, 940, 839, 0.012117029167711735
24, 1, 4, 901, 852, 0.010981475003063679
24, 1, 5, 965, 818, 0.0028064127545803785
24, 1, 6, 897, 837, -0.0044552236795425415
24, 1, 7, 852, 849, -0.009958638809621334
24, 1, 8, 813, 860, -0.013794341124594212
24, 1, 9, 971, 823, -0.007029263768345118
24, 1, 10, 891, 849, -0.014146308414638042
24, 1, 11, 839, 867, -0.019321732223033905
24, 1, 12, 795, 880, -0.023517556488513947
24, 1, 13, 986, 836, -0.016427766531705856
24, 1, 14, 907, 859, -0.022663498297333717
24, 1, 15, 860, 874, -0.027045954018831253
24, 1, 16, 820, 884, -0.030652033165097237
24, 1, 17, 1007, 856, -0.024964002892374992
24, 1, 18, 953, 870, -0.03092610090970993
24, 1, 19, 918, 880, -0.03406858816742897
24, 1, 20, 887, 889, -0.03666423261165619
25, 0, 0, 869, 700, 4.5983149732364836e-08
25, 0, 1, 957, 688, -0.00281551037915051
25, 0, 2, 1040, 672, -0.006978495046496391
25, 0, 3, 1100, 664, -0.012298041023314
25, 0, 4, 1150, 656, -0.018458416685461998
25, 0, 5, 1059, 631, -0.011765815317630768
25, 0, 6, 1115, 699, -0.025487331673502922
25, 0, 7, 1136, 743, -0.033599283546209335
25, 0, 8, 1152, 775, -0.03813892602920532
25, 0, 9, 1024, 636, -0.017782747745513916
25, 0, 10, 1084, 720, -0.03011011704802513
25, 0, 11, 1105, 771, -0.034317634999752045
25, 0, 12, 1121, 806, -0.03683627024292946
25, 0, 13, 984, 656, -0.024641141295433044
25, 0, 14, 1042, 733, -0.039322175085544586
25, 0, 15, 1070, 781, -0.04240080341696739
25, 0, 16, 1091, 818, -0.04230644553899765
25, 0, 17, 948, 687, -0.031544677913188934
25, 0, 18, 993, 740, -0.04267198219895363
25, 0, 19, 1022, 775, -0.04485498368740082
25, 0, 20, 1045, 803, -0.04466329887509346
25, 1, 0, 1139, 774, 1.6485563492096844e-07
25, 1, 1, 1069, 774, 9.9696968391072e-05
25, 1, 2, 996, 783, -0.0037626540288329124
25, 1, 3, 944, 791, -0.00842477660626173
25, 1, 4, 902, 801, -0.013095983304083347
25, 1, 5, 989, 805, -0.017104195430874825
25, 1, 6, 914, 816, -0.030536405742168427
25, 1, 7, 863, 823, -0.037830378860235214
25, 1, 8, 820, 826, -0.042096856981515884
25, 1, 9, 1002, 817, -0.02448394149541855
25, 1, 10, 921, 829, -0.038418691605329514
25, 1, 11, 861, 833, -0.04586505889892578
25, 1, 12, 812, 833, -0.05027158558368683
25, 1, 13, 1019, 820, -0.031156223267316818
25, 1, 14, 947, 831, -0.042723119258880615
25, 1, 15, 893, 836, -0.048351533710956573
25, 1, 16, 849, 838, -0.05145930498838425
25, 1, 17, 1037, 814, -0.037598468363285065
25, 1, 18, 986, 822, -0.045926060527563095
25, 1, 19, 946, 827, -0.04939332604408264
25, 1, 20, 912, 830, -0.05138310790061951
26, 0, 0, 1149, 782, 2.9795623390782566e-07
26, 0, 1, 1077, 769, -0.005141805857419968
26, 0, 2, 1001, 772, -0.007907289080321789
26, 0, 3, 946, 781, -0.010675434954464436
26, 0, 4, 898, 786, -0.01409060973674059
26, 0, 5, 995, 783, -0.00794287957251072
26, 0, 6, 922, 779, -0.019503038376569748
26, 0, 7, 868, 776, -0.02776801958680153
26, 0, 8, 823, 773, -0.03326736018061638
26, 0, 9, 999, 789, -0.011728095822036266
26, 0, 10, 919, 784, -0.02333230711519718
26, 0, 11, 859, 784, -0.032352615147829056
26, 0, 12, 807, 783, -0.038537636399269104
26, 0, 13, 1013, 796, -0.016329724341630936
26, 0, 14, 939, 790, -0.0277814120054245
26, 0, 15, 886, 786, -0.03361545503139496
26, 0, 16, 841, 783, -0.03687529265880585
26, 0, 17, 1035, 804, -0.02126101404428482
26, 0, 18, 981, 800, -0.03095697984099388
26, 0, 19, 943, 793, -0.03433377295732498
26, 0, 20, 913, 788, -0.03619057685136795
26, 1, 0, 0, 0, 0.0
26, 1, 1, 0, 0, 0.0
26, 1, 2, 0, 0, 0.0
26, 1, 3, 0, 0, 0.0
26, 1, 4, 0, 0, 0.0
26, 1, 5, 0, 0, 0.0
26, 1, 6, 0, 0, 0.0
26, 1, 7, 0, 0, 0.0
26, 1, 8, 0, 0, 0.0
26, 1, 9, 0, 0, 0.0
26, 1, 10, 0, 0, 0.0
26, 1, 11, 0, 0, 0.0
26, 1, 12, 0, 0, 0.0
26, 1, 13, 0, 0, 0.0
26, 1, 14, 0, 0, 0.0
26, 1, 15, 0, 0, 0.0
26, 1, 16, 0, 0, 0.0
26, 1, 17, 0, 0, 0.0
26, 1, 18, 0, 0, 0.0
26, 1, 19, 0, 0, 0.0
26, 1, 20, 0, 0, 0.0
27, 0, 0, 1151, 780, 2.3238591495555738e-07
27, 0, 1, 1090, 740, -0.004303080029785633
27, 0, 2, 1029, 727, -0.005972910672426224
27, 0, 3, 982, 733, -0.00819779559969902
27, 0, 4, 941, 743, -0.010472241789102554
27, 0, 5, 998, 782, -0.005688284058123827
27, 0, 6, 926, 798, -0.014274675399065018
27, 0, 7, 873, 810, -0.02027069590985775
27, 0, 8, 830, 819, -0.024635745212435722
27, 0, 9, 998, 806, -0.009172376245260239
27, 0, 10, 921, 827, -0.019985737279057503
27, 0, 11, 862, 830, -0.027851605787873268
27, 0, 12, 815, 827, -0.03277946263551712
27, 0, 13, 1009, 824, -0.013282733969390392
27, 0, 14, 934, 839, -0.0248513575643301
27, 0, 15, 877, 837, -0.03213547542691231
27, 0, 16, 833, 833, -0.035974591970443726
27, 0, 17, 1025, 832, -0.017507879063487053
27, 0, 18, 965, 837, -0.028117259964346886
27, 0, 19, 920, 835, -0.03356771543622017
27, 0, 20, 883, 830, -0.03651179000735283
27, 1, 0, 0, 0, 0.0
27, 1, 1, 0, 0, 0.0
27, 1, 2, 0, 0, 0.0
27, 1, 3, 0, 0, 0.0
27, 1, 4, 0, 0, 0.0
27, 1, 5, 0, 0, 0.0
27, 1, 6, 0, 0, 0.0
27, 1, 7, 0, 0, 0.0
27, 1, 8, 0, 0, 0.0
27, 1, 9, 0, 0, 0.0
27, 1, 10, 0, 0, 0.0
27, 1, 11, 0, 0, 0.0
27, 1, 12, 0, 0, 0.0
27, 1, 13, 0, 0, 0.0
27, 1, 14, 0, 0, 0.0
27, 1, 15, 0, 0, 0.0
27, 1, 16, 0, 0, 0.0
27, 1, 17, 0, 0, 0.0
27, 1, 18, 0, 0, 0.0
27, 1, 19, 0, 0, 0.0
27, 1, 20, 0, 0, 0.0
28, 0, 0, 1151, 779, 2.9414277946671064e-07
28, 0, 1, 1088, 750, -0.007573436945676804
28, 0, 2, 1018, 746, -0.010508219711482525
28, 0, 3, 963, 754, -0.013004141859710217
28, 0, 4, 917, 764, -0.015763061121106148
28, 0, 5, 996, 790, -0.008372402749955654
28, 0, 6, 923, 800, -0.018319178372621536
28, 0, 7, 869, 807, -0.02586493268609047
28, 0, 8, 826, 811, -0.031010827049613
28, 0, 9, 997, 807, -0.01022288016974926
28, 0, 10, 920, 820, -0.020970096811652184
28, 0, 11, 860, 825, -0.02952342852950096
28, 0, 12, 812, 828, -0.03514441102743149
28, 0, 13, 1009, 818, -0.012967171147465706
28, 0, 14, 936, 829, -0.0239754319190979
28, 0, 15, 880, 832, -0.03054729290306568
28, 0, 16, 837, 833, -0.03426632285118103
28, 0, 17, 1027, 827, -0.016127919778227806
28, 0, 18, 972, 830, -0.025878330692648888
28, 0, 19, 932, 827, -0.029898833483457565
28, 0, 20, 899, 823, -0.03196718171238899
28, 1, 0, 0, 0, 0.0
28, 1, 1, 0, 0, 0.0
28, 1, 2, 0, 0, 0.0
28, 1, 3, 0, 0, 0.0
28, 1, 4, 0, 0, 0.0
28, 1, 5, 0, 0, 0.0
28, 1, 6, 0, 0, 0.0
28, 1, 7, 0, 0, 0.0
28, 1, 8, 0, 0, 0.0
28, 1, 9, 0, 0, 0.0
28, 1, 10, 0, 0, 0.0
28, 1, 11, 0, 0, 0.0
28, 1, 12, 0, 0, 0.0
28, 1, 13, 0, 0, 0.0
28, 1, 14, 0, 0, 0.0
28, 1, 15, 0, 0, 0.0
28, 1, 16, 0, 0, 0.0
28, 1, 17, 0, 0, 0.0
28, 1, 18, 0, 0, 0.0
28, 1, 19, 0, 0, 0.0
28, 1, 20, 0, 0, 0.0
29, 0, 0, 0, 0, 0.0
29, 0, 1, 0, 0, 0.0
29, 0, 2, 0, 0, 0.0
29, 0, 3, 0, 0, 0.0
29, 0, 4, 0, 0, 0.0
29, 0, 5, 0, 0, 0.0
29, 0, 6, 0, 0, 0.0
29, 0, 7, 0, 0, 0.0
29, 0, 8, 0, 0, 0.0
29, 0, 9, 0, 0, 0.0
29, 0, 10, 0, 0, 0.0
29, 0, 11, 0, 0, 0.0
29, 0, 12, 0, 0, 0.0
29, 0, 13, 0, 0, 0.0
29, 0, 14, 0, 0, 0.0
29, 0, 15, 0, 0, 0.0
29, 0, 16, 0, 0, 0.0
29, 0, 17, 0, 0, 0.0
29, 0, 18, 0, 0, 0.0
29, 0, 19, 0, 0, 0.0
29, 0, 20, 0, 0, 0.0
29, 1, 0, 0, 0, 0.0
29, 1, 1, 0, 0, 0.0
29, 1, 2, 0, 0, 0.0
29, 1, 3, 0, 0, 0.0
29, 1, 4, 0, 0, 0.0
29, 1, 5, 0, 0, 0.0
29, 1, 6, 0, 0, 0.0
29, 1, 7, 0, 0, 0.0
29, 1, 8, 0, 0, 0.0
29, 1, 9, 0, 0, 0.0
29, 1, 10, 0, 0, 0.0
29, 1, 11, 0, 0, 0.0
29, 1, 12, 0, 0, 0.0
29, 1, 13, 0, 0, 0.0
29, 1, 14, 0, 0, 0.0
29, 1, 15, 0, 0, 0.0
29, 1, 16, 0, 0, 0.0
29, 1, 17, 0, 0, 0.0
29, 1, 18, 0, 0, 0.0
29, 1, 19, 0, 0, 0.0
29, 1, 20, 0, 0, 0.0
30, 0, 0, 0, 0, 0.0
30, 0, 1, 0, 0, 0.0
30, 0, 2, 0, 0, 0.0
30, 0, 3, 0, 0, 0.0
30, 0, 4, 0, 0, 0.0
30, 0, 5, 0, 0, 0.0
30, 0, 6, 0, 0, 0.0
30, 0, 7, 0, 0, 0.0
30, 0, 8, 0, 0, 0.0
30, 0, 9, 0, 0, 0.0
30, 0, 10, 0, 0, 0.0
30, 0, 11, 0, 0, 0.0
30, 0, 12, 0, 0, 0.0
30, 0, 13, 0, 0, 0.0
30, 0, 14, 0, 0, 0.0
30, 0, 15, 0, 0, 0.0
30, 0, 16, 0, 0, 0.0
30, 0, 17, 0, 0, 0.0
30, 0, 18, 0, 0, 0.0
30, 0, 19, 0, 0, 0.0
30, 0, 20, 0, 0, 0.0
30, 1, 0, 0, 0, 0.0
30, 1, 1, 0, 0, 0.0
30, 1, 2, 0, 0, 0.0
30, 1, 3, 0, 0, 0.0
30, 1, 4, 0, 0, 0.0
30, 1, 5, 0, 0, 0.0
30, 1, 6, 0, 0, 0.0
30, 1, 7, 0, 0, 0.0
30, 1, 8, 0, 0, 0.0
30, 1, 9, 0, 0, 0.0
30, 1, 10, 0, 0, 0.0
30, 1, 11, 0, 0, 0.0
30, 1, 12, 0, 0, 0.0
30, 1, 13, 0, 0, 0.0
30, 1, 14, 0, 0, 0.0
30, 1, 15, 0, 0, 0.0
30, 1, 16, 0, 0, 0.0
30, 1, 17, 0, 0, 0.0
30, 1, 18, 0, 0, 0.0
30, 1, 19, 0, 0, 0.0
30, 1, 20, 0, 0, 0.0
31, 0, 0, 0, 0, 0.0
31, 0, 1, 0, 0, 0.0
31, 0, 2, 0, 0, 0.0
31, 0, 3, 0, 0, 0.0
31, 0, 4, 0, 0, 0.0
31, 0, 5, 0, 0, 0.0
31, 0, 6, 0, 0, 0.0
31, 0, 7, 0, 0, 0.0
31, 0, 8, 0, 0, 0.0
31, 0, 9, 0, 0, 0.0
31, 0, 10, 0, 0, 0.0
31, 0, 11, 0, 0, 0.0
31, 0, 12, 0, 0, 0.0
31, 0, 13, 0, 0, 0.0
31, 0, 14, 0, 0, 0.0
31, 0, 15, 0, 0, 0.0
31, 0, 16, 0, 0, 0.0
31, 0, 17, 0, 0, 0.0
31, 0, 18, 0, 0, 0.0
31, 0, 19, 0, 0, 0.0
31, 0, 20, 0, 0, 0.0
31, 1, 0, 0, 0, 0.0
31, 1, 1, 0, 0, 0.0
31, 1, 2, 0, 0, 0.0
31, 1, 3, 0, 0, 0.0
31, 1, 4, 0, 0, 0.0
31, 1, 5, 0, 0, 0.0
31, 1, 6, 0, 0, 0.0
31, 1, 7, 0, 0, 0.0
31, 1, 8, 0, 0, 0.0
31, 1, 9, 0, 0, 0.0
31, 1, 10, 0, 0, 0.0
31, 1, 11, 0, 0, 0.0
31, 1, 12, 0, 0, 0.0
31, 1, 13, 0, 0, 0.0
31, 1, 14, 0, 0, 0.0
31, 1, 15, 0, 0, 0.0
31, 1, 16, 0, 0, 0.0
31, 1, 17, 0, 0, 0.0
31, 1, 18, 0, 0, 0.0
31, 1, 19, 0, 0, 0.0
31, 1, 20, 0, 0, 0.0
32, 0, 0, 926, 708, -2.7805745617115463e-07
32, 0, 1, 995, 682, 0.0003509466478135437
32, 0, 2, 1085, 692, -0.004438080359250307
32, 0, 3, 1148, 712, -0.009955670684576035
32, 0, 4, 1183, 736, -0.014592642895877361
32, 0, 5, 1112, 694, -0.014991858042776585
32, 0, 6, 1153, 798, -0.028162861242890358
32, 0, 7, 1123, 790, -0.035004228353500366
32, 0, 8, 1106, 757, -0.04045114293694496
32, 0, 9, 1076, 713, -0.024050412699580193
32, 0, 10, 1116, 815, -0.03616013377904892
32, 0, 11, 1083, 795, -0.0380886048078537
32, 0, 12, 1066, 765, -0.0410073846578598
32, 0, 13, 1037, 734, -0.032849933952093124
32, 0, 14, 1070, 824, -0.041149213910102844
32, 0, 15, 1044, 805, -0.036244768649339676
32, 0, 16, 1032, 776, -0.03412623703479767
32, 0, 17, 996, 758, -0.04216162487864494
32, 0, 18, 1028, 823, -0.0458458736538887
32, 0, 19, 1013, 811, -0.0414072722196579
32, 0, 20, 1000, 785, -0.03908570855855942
32, 1, 0, 0, 0, 0.0
32, 1, 1, 0, 0, 0.0
32, 1, 2, 0, 0, 0.0
32, 1, 3, 0, 0, 0.0
32, 1, 4, 0, 0, 0.0
32, 1, 5, 0, 0, 0.0
32, 1, 6, 0, 0, 0.0
32, 1, 7, 0, 0, 0.0
32, 1, 8, 0, 0, 0.0
32, 1, 9, 0, 0, 0.0
32, 1, 10, 0, 0, 0.0
32, 1, 11, 0, 0, 0.0
32, 1, 12, 0, 0, 0.0
32, 1, 13, 0, 0, 0.0
32, 1, 14, 0, 0, 0.0
32, 1, 15, 0, 0, 0.0
32, 1, 16, 0, 0, 0.0
32, 1, 17, 0, 0, 0.0
32, 1, 18, 0, 0, 0.0
32, 1, 19, 0, 0, 0.0
32, 1, 20, 0, 0, 0.0
33, 0, 0, 933, 698, -1.1569441227265997e-07
33, 0, 1, 1008, 670, -0.00045661444892175496
33, 0, 2, 1092, 681, -0.006593130528926849
33, 0, 3, 1153, 710, -0.013608074747025967
33, 0, 4, 1178, 746, -0.01880466379225254
33, 0, 5, 1119, 712, -0.0171599593013525
33, 0, 6, 1148, 811, -0.02970445342361927
33, 0, 7, 1121, 807, -0.03393273800611496
33, 0, 8, 1104, 785, -0.03580059856176376
33, 0, 9, 1084, 723, -0.023769967257976532
33, 0, 10, 1107, 831, -0.03212069347500801
33, 0, 11, 1080, 819, -0.02814411371946335
33, 0, 12, 1068, 792, -0.026142992079257965
33, 0, 13, 1043, 738, -0.03046916238963604
33, 0, 14, 1064, 835, -0.03646771237254143
33, 0, 15, 1042, 822, -0.028581183403730392
33, 0, 16, 1031, 796, -0.023817604407668114
33, 0, 17, 1001, 754, -0.03744038939476013
33, 0, 18, 1023, 832, -0.03900770843029022
33, 0, 19, 1013, 825, -0.03278354927897453
33, 0, 20, 1006, 804, -0.028558781370520592
33, 1, 0, 0, 0, 0.0
33, 1, 1, 0, 0, 0.0
33, 1, 2, 0, 0, 0.0
33, 1, 3, 0, 0, 0.0
33, 1, 4, 0, 0, 0.0
33, 1, 5, 0, 0, 0.0
33, 1, 6, 0, 0, 0.0
33, 1, 7, 0, 0, 0.0
33, 1, 8, 0, 0, 0.0
33, 1, 9, 0, 0, 0.0
33, 1, 10, 0, 0, 0.0
33, 1, 11, 0, 0, 0.0
33, 1, 12, 0, 0, 0.0
33, 1, 13, 0, 0, 0.0
33, 1, 14, 0, 0, 0.0
33, 1, 15, 0, 0, 0.0
33, 1, 16, 0, 0, 0.0
33, 1, 17, 0, 0, 0.0
33, 1, 18, 0, 0, 0.0
33, 1, 19, 0, 0, 0.0
33, 1, 20, 0, 0, 0.0
34, 0, 0, 937, 698, -1.2003305016605736e-07
34, 0, 1, 1012, 670, -0.000887162983417511
34, 0, 2, 1093, 681, -0.007798526901751757
34, 0, 3, 1153, 710, -0.01498993206769228
34, 0, 4, 1180, 749, -0.019742850214242935
34, 0, 5, 1118, 715, -0.020447727292776108
34, 0, 6, 1144, 814, -0.032809868454933167
34, 0, 7, 1120, 803, -0.03594980016350746
34, 0, 8, 1105, 776, -0.03690512105822563
34, 0, 9, 1082, 727, -0.026528211310505867
34, 0, 10, 1105, 835, -0.03555203229188919
34, 0, 11, 1081, 816, -0.031222598627209663
34, 0, 12, 1069, 787, -0.02871110662817955
34, 0, 13, 1041, 742, -0.03238511458039284
34, 0, 14, 1061, 839, -0.03806581720709801
34, 0, 15, 1043, 821, -0.02964669279754162
34, 0, 16, 1035, 792, -0.024675589054822922
34, 0, 17, 999, 757, -0.038419805467128754
34, 0, 18, 1020, 836, -0.03970847278833389
34, 0, 19, 1012, 827, -0.033344414085149765
34, 0, 20, 1007, 803, -0.029126379638910294
34, 1, 0, 0, 0, 0.0
34, 1, 1, 0, 0, 0.0
34, 1, 2, 0, 0, 0.0
34, 1, 3, 0, 0, 0.0
34, 1, 4, 0, 0, 0.0
34, 1, 5, 0, 0, 0.0
34, 1, 6, 0, 0, 0.0
34, 1, 7, 0, 0, 0.0
34, 1, 8, 0, 0, 0.0
34, 1, 9, 0, 0, 0.0
34, 1, 10, 0, 0, 0.0
34, 1, 11, 0, 0, 0.0
34, 1, 12, 0, 0, 0.0
34, 1, 13, 0, 0, 0.0
34, 1, 14, 0, 0, 0.0
34, 1, 15, 0, 0, 0.0
34, 1, 16, 0, 0, 0.0
34, 1, 17, 0, 0, 0.0
34, 1, 18, 0, 0, 0.0
34, 1, 19, 0, 0, 0.0
34, 1, 20, 0, 0, 0.0
35, 0, 0, 940, 699, -9.814345958147896e-08
35, 0, 1, 1014, 671, -0.0014451846946030855
35, 0, 2, 1094, 681, -0.00912412628531456
35, 0, 3, 1152, 709, -0.016923196613788605
35, 0, 4, 1182, 750, -0.02231580950319767
35, 0, 5, 1121, 716, -0.02228700742125511
35, 0, 6, 1143, 816, -0.03513190895318985
35, 0, 7, 1120, 807, -0.03824848309159279
35, 0, 8, 1104, 781, -0.03894113376736641
35, 0, 9, 1083, 728, -0.028137624263763428
35, 0, 10, 1104, 835, -0.03729232773184776
35, 0, 11, 1081, 819, -0.03289546072483063
35, 0, 12, 1069, 791, -0.03032003343105316
35, 0, 13, 1041, 742, -0.03371655195951462
35, 0, 14, 1061, 839, -0.03982524201273918
35, 0, 15, 1044, 825, -0.031201910227537155
35, 0, 16, 1035, 797, -0.025907056406140327
35, 0, 17, 997, 756, -0.03942440450191498
35, 0, 18, 1020, 835, -0.04145047441124916
35, 0, 19, 1014, 830, -0.03504947945475578
35, 0, 20, 1009, 808, -0.030541803687810898
35, 1, 0, 0, 0, 0.0
35, 1, 1, 0, 0, 0.0
35, 1, 2, 0, 0, 0.0
35, 1, 3, 0, 0, 0.0
35, 1, 4, 0, 0, 0.0
35, 1, 5, 0, 0, 0.0
35, 1, 6, 0, 0, 0.0
35, 1, 7, 0, 0, 0.0
35, 1, 8, 0, 0, 0.0
35, 1, 9, 0, 0, 0.0
35, 1, 10, 0, 0, 0.0
35, 1, 11, 0, 0, 0.0
35, 1, 12, 0, 0, 0.0
35, 1, 13, 0, 0, 0.0
35, 1, 14, 0, 0, 0.0
35, 1, 15, 0, 0, 0.0
35, 1, 16, 0, 0, 0.0
35, 1, 17, 0, 0, 0.0
35, 1, 18, 0, 0, 0.0
35, 1, 19, 0, 0, 0.0
35, 1, 20, 0, 0, 0.0
36, 0, 0, 944, 694, -1.1342222450139161e-07
36, 0, 1, 1017, 670, -0.00127134018111974
36, 0, 2, 1097, 681, -0.008734717033803463
36, 0, 3, 1154, 710, -0.016384121030569077
36, 0, 4, 1182, 751, -0.02165517583489418
36, 0, 5, 1123, 716, -0.022256996482610703
36, 0, 6, 1144, 816, -0.034923255443573
36, 0, 7, 1121, 805, -0.037800416350364685
36, 0, 8, 1105, 777, -0.03836919739842415
36, 0, 9, 1085, 727, -0.02819809503853321
36, 0, 10, 1105, 834, -0.03711291402578354
36, 0, 11, 1081, 816, -0.03227074071764946
36, 0, 12, 1069, 787, -0.029436789453029633
36, 0, 13, 1043, 741, -0.03387616202235222
36, 0, 14, 1062, 838, -0.039858438074588776
36, 0, 15, 1044, 820, -0.031040841713547707
36, 0, 16, 1035, 791, -0.025707479566335678
36, 0, 17, 999, 755, -0.039673320949077606
36, 0, 18, 1022, 834, -0.04149626940488815
36, 0, 19, 1014, 825, -0.03491633012890816
36, 0, 20, 1008, 801, -0.030394652858376503
36, 1, 0, 0, 0, 0.0
36, 1, 1, 0, 0, 0.0
36, 1, 2, 0, 0, 0.0
36, 1, 3, 0, 0, 0.0
36, 1, 4, 0, 0, 0.0
36, 1, 5, 0, 0, 0.0
36, 1, 6, 0, 0, 0.0
36, 1, 7, 0, 0, 0.0
36, 1, 8, 0, 0, 0.0
36, 1, 9, 0, 0, 0.0
36, 1, 10, 0, 0, 0.0
36, 1, 11, 0, 0, 0.0
36, 1, 12, 0, 0, 0.0
36, 1, 13, 0, 0, 0.0
36, 1, 14, 0, 0, 0.0
36, 1, 15, 0, 0, 0.0
36, 1, 16, 0, 0, 0.0
36, 1, 17, 0, 0, 0.0
36, 1, 18, 0, 0, 0.0
36, 1, 19, 0, 0, 0.0
36, 1, 20, 0, 0, 0.0
37, 0, 0, 946, 692, -1.164786880281099e-07
37, 0, 1, 1020, 668, -0.0009414915111847222
37, 0, 2, 1099, 681, -0.00852892268449068
37, 0, 3, 1156, 711, -0.016290977597236633
37, 0, 4, 1183, 751, -0.021731853485107422
37, 0, 5, 1125, 715, -0.023324524983763695
37, 0, 6, 1143, 815, -0.03602587804198265
37, 0, 7, 1120, 803, -0.038774073123931885
37, 0, 8, 1106, 775, -0.039384618401527405
37, 0, 9, 1088, 726, -0.02963828854262829
37, 0, 10, 1105, 832, -0.038866475224494934
37, 0, 11, 1082, 813, -0.03393435850739479
37, 0, 12, 1071, 782, -0.031059961766004562
37, 0, 13, 1044, 739, -0.035557523369789124
37, 0, 14, 1062, 835, -0.04170951247215271
37, 0, 15, 1045, 817, -0.03271746262907982
37, 0, 16, 1037, 788, -0.027282318100333214
37, 0, 17, 1000, 753, -0.04154577478766441
37, 0, 18, 1022, 831, -0.04360868036746979
37, 0, 19, 1015, 823, -0.03703419119119644
37, 0, 20, 1010, 801, -0.03249227628111839
37, 1, 0, 0, 0, 0.0
37, 1, 1, 0, 0, 0.0
37, 1, 2, 0, 0, 0.0
37, 1, 3, 0, 0, 0.0
37, 1, 4, 0, 0, 0.0
37, 1, 5, 0, 0, 0.0
37, 1, 6, 0, 0, 0.0
37, 1, 7, 0, 0, 0.0
37, 1, 8, 0, 0, 0.0
37, 1, 9, 0, 0, 0.0
37, 1, 10, 0, 0, 0.0
37, 1, 11, 0, 0, 0.0
37, 1, 12, 0, 0, 0.0
37, 1, 13, 0, 0, 0.0
37, 1, 14, 0, 0, 0.0
37, 1, 15, 0, 0, 0.0
37, 1, 16, 0, 0, 0.0
37, 1, 17, 0, 0, 0.0
37, 1, 18, 0, 0, 0.0
37, 1, 19, 0, 0, 0.0
37, 1, 20, 0, 0, 0.0
38, 0, 0, 949, 689, -1.157450029154461e-07
38, 0, 1, 1021, 666, -0.0007657475653104484
38, 0, 2, 1101, 679, -0.007929045706987381
38, 0, 3, 1158, 709, -0.015397945418953896
38, 0, 4, 1186, 751, -0.020508358255028725
38, 0, 5, 1126, 715, -0.021564973518252373
38, 0, 6, 1143, 814, -0.03395187109708786
38, 0, 7, 1120, 801, -0.036780066788196564
38, 0, 8, 1106, 773, -0.037431731820106506
38, 0, 9, 1088, 725, -0.02777973935008049
38, 0, 10, 1105, 831, -0.036662500351667404
38, 0, 11, 1083, 812, -0.03203323483467102
38, 0, 12, 1072, 782, -0.02929612062871456
38, 0, 13, 1045, 738, -0.0336795300245285
38, 0, 14, 1062, 833, -0.039614539593458176
38, 0, 15, 1045, 815, -0.030801059678196907
38, 0, 16, 1037, 787, -0.02538750320672989
38, 0, 17, 1001, 750, -0.039660997688770294
38, 0, 18, 1022, 829, -0.04159225896000862
38, 0, 19, 1015, 821, -0.035005807876586914
38, 0, 20, 1010, 799, -0.030387088656425476
38, 1, 0, 0, 0, 0.0
38, 1, 1, 0, 0, 0.0
38, 1, 2, 0, 0, 0.0
38, 1, 3, 0, 0, 0.0
38, 1, 4, 0, 0, 0.0
38, 1, 5, 0, 0, 0.0
38, 1, 6, 0, 0, 0.0
38, 1, 7, 0, 0, 0.0
38, 1, 8, 0, 0, 0.0
38, 1, 9, 0, 0, 0.0
38, 1, 10, 0, 0, 0.0
38, 1, 11, 0, 0, 0.0
38, 1, 12, 0, 0, 0.0
38, 1, 13, 0, 0, 0.0
38, 1, 14, 0, 0, 0.0
38, 1, 15, 0, 0, 0.0
38, 1, 16, 0, 0, 0.0
38, 1, 17, 0, 0, 0.0
38, 1, 18, 0, 0, 0.0
38, 1, 19, 0, 0, 0.0
38, 1, 20, 0, 0, 0.0
39, 0, 0, 949, 690, -1.2025505213841825e-07
39, 0, 1, 1022, 666, -0.0008757479372434318
39, 0, 2, 1102, 678, -0.008180884644389153
39, 0, 3, 1160, 707, -0.015748776495456696
39, 0, 4, 1186, 750, -0.020863130688667297
39, 0, 5, 1127, 713, -0.02226889692246914
39, 0, 6, 1145, 812, -0.03480340912938118
39, 0, 7, 1122, 798, -0.0375346876680851
39, 0, 8, 1107, 769, -0.038152121007442474
39, 0, 9, 1090, 723, -0.02852378599345684
39, 0, 10, 1108, 829, -0.03738958761096001
39, 0, 11, 1085, 808, -0.03232402727007866
39, 0, 12, 1074, 778, -0.029352646321058273
39, 0, 13, 1047, 736, -0.03447810560464859
39, 0, 14, 1064, 832, -0.04028470814228058
39, 0, 15, 1047, 812, -0.031109020113945007
39, 0, 16, 1039, 782, -0.025587812066078186
39, 0, 17, 1002, 749, -0.04054717347025871
39, 0, 18, 1025, 827, -0.04235787317156792
39, 0, 19, 1016, 816, -0.03561981022357941
39, 0, 20, 1009, 791, -0.031025923788547516
39, 1, 0, 0, 0, 0.0
39, 1, 1, 0, 0, 0.0
39, 1, 2, 0, 0, 0.0
39, 1, 3, 0, 0, 0.0
39, 1, 4, 0, 0, 0.0
39, 1, 5, 0, 0, 0.0
39, 1, 6, 0, 0, 0.0
39, 1, 7, 0, 0, 0.0
39, 1, 8, 0, 0, 0.0
39, 1, 9, 0, 0, 0.0
39, 1, 10, 0, 0, 0.0
39, 1, 11, 0, 0, 0.0
39, 1, 12, 0, 0, 0.0
39, 1, 13, 0, 0, 0.0
39, 1, 14, 0, 0, 0.0
39, 1, 15, 0, 0, 0.0
39, 1, 16, 0, 0, 0.0
39, 1, 17, 0, 0, 0.0
39, 1, 18, 0, 0, 0.0
39, 1, 19, 0, 0, 0.0
39, 1, 20, 0, 0, 0.0
40, 0, 0, 953, 686, -1.2034809060423868e-07
40, 0, 1, 1026, 664, -0.000740579329431057
40, 0, 2, 1105, 677, -0.007872124202549458
40, 0, 3, 1162, 708, -0.015260087326169014
40, 0, 4, 1187, 750, -0.02028721757233143
40, 0, 5, 1130, 712, -0.022129036486148834
40, 0, 6, 1148, 812, -0.03436794504523277
40, 0, 7, 1125, 797, -0.03699028119444847
40, 0, 8, 1111, 769, -0.037622641772031784
40, 0, 9, 1092, 722, -0.02838163822889328
40, 0, 10, 1109, 827, -0.03693043068051338
40, 0, 11, 1086, 807, -0.03176172450184822
40, 0, 12, 1075, 778, -0.028842099010944366
40, 0, 13, 1049, 735, -0.03427988663315773
40, 0, 14, 1066, 830, -0.03982144966721535
40, 0, 15, 1048, 811, -0.03056035004556179
40, 0, 16, 1040, 782, -0.02509251795709133
40, 0, 17, 1004, 747, -0.04030246287584305
40, 0, 18, 1027, 826, -0.04191331937909126
40, 0, 19, 1018, 816, -0.035051144659519196
40, 0, 20, 1011, 791, -0.03042902797460556
40, 1, 0, 0, 0, 0.0
40, 1, 1, 0, 0, 0.0
40, 1, 2, 0, 0, 0.0
40, 1, 3, 0, 0, 0.0
40, 1, 4, 0, 0, 0.0
40, 1, 5, 0, 0, 0.0
40, 1, 6, 0, 0, 0.0
40, 1, 7, 0, 0, 0.0
40, 1, 8, 0, 0, 0.0
40, 1, 9, 0, 0, 0.0
40, 1, 10, 0, 0, 0.0
40, 1, 11, 0, 0, 0.0
40, 1, 12, 0, 0, 0.0
40, 1, 13, 0, 0, 0.0
40, 1, 14, 0, 0, 0.0
40, 1, 15, 0, 0, 0.0
40, 1, 16, 0, 0, 0.0
40, 1, 17, 0, 0, 0.0
40, 1, 18, 0, 0, 0.0
40, 1, 19, 0, 0, 0.0
40, 1, 20, 0, 0, 0.0
41, 0, 0, 952, 687, -1.1655163945079039e-07
41, 0, 1, 1026, 665, -0.000532677979208529
41, 0, 2, 1106, 678, -0.00763390539214015
41, 0, 3, 1162, 708, -0.015095822513103485
41, 0, 4, 1189, 750, -0.020076889544725418
41, 0, 5, 1130, 712, -0.021366693079471588
41, 0, 6, 1149, 811, -0.03380294516682625
41, 0, 7, 1126, 799, -0.036593418568372726
41, 0, 8, 1110, 771, -0.037108972668647766
41, 0, 9, 1094, 723, -0.02767586149275303
41, 0, 10, 1111, 827, -0.036227136850357056
41, 0, 11, 1088, 809, -0.031227370724081993
41, 0, 12, 1076, 779, -0.028323490172624588
41, 0, 13, 1050, 735, -0.03370574861764908
41, 0, 14, 1068, 830, -0.03931131586432457
41, 0, 15, 1050, 813, -0.03006351739168167
41, 0, 16, 1041, 784, -0.024510590359568596
41, 0, 17, 1005, 747, -0.03982795402407646
41, 0, 18, 1028, 826, -0.04153086245059967
41, 0, 19, 1019, 816, -0.034570131450891495
41, 0, 20, 1012, 791, -0.029800035059452057
41, 1, 0, 0, 0, 0.0
41, 1, 1, 0, 0, 0.0
41, 1, 2, 0, 0, 0.0
41, 1, 3, 0, 0, 0.0
41, 1, 4, 0, 0, 0.0
41, 1, 5, 0, 0, 0.0
41, 1, 6, 0, 0, 0.0
41, 1, 7, 0, 0, 0.0
41, 1, 8, 0, 0, 0.0
41, 1, 9, 0, 0, 0.0
41, 1, 10, 0, 0, 0.0
41, 1, 11, 0, 0, 0.0
41, 1, 12, 0, 0, 0.0
41, 1, 13, 0, 0, 0.0
41, 1, 14, 0, 0, 0.0
41, 1, 15, 0, 0, 0.0
41, 1, 16, 0, 0, 0.0
41, 1, 17, 0, 0, 0.0
41, 1, 18, 0, 0, 0.0
41, 1, 19, 0, 0, 0.0
41, 1, 20, 0, 0, 0.0
42, 0, 0, 953, 689, -1.1893774853888317e-07
42, 0, 1, 1028, 667, -0.0007655360968783498
42, 0, 2, 1108, 679, -0.00800204835832119
42, 0, 3, 1165, 710, -0.015575634315609932
42, 0, 4, 1189, 753, -0.020673081278800964
42, 0, 5, 1134, 715, -0.021552249789237976
42, 0, 6, 1152, 814, -0.03372207656502724
42, 0, 7, 1128, 799, -0.03635372221469879
42, 0, 8, 1114, 771, -0.037016287446022034
42, 0, 9, 1096, 724, -0.027931906282901764
42, 0, 10, 1112, 830, -0.036413345485925674
42, 0, 11, 1089, 809, -0.0313386432826519
42, 0, 12, 1078, 779, -0.028483113273978233
42, 0, 13, 1053, 737, -0.0340099073946476
42, 0, 14, 1068, 833, -0.039461199194192886
42, 0, 15, 1051, 813, -0.03027254156768322
42, 0, 16, 1043, 783, -0.024897998198866844
42, 0, 17, 1008, 748, -0.04023517668247223
42, 0, 18, 1029, 828, -0.0417528860270977
42, 0, 19, 1020, 817, -0.03484450280666351
42, 0, 20, 1014, 792, -0.03020436316728592
42, 1, 0, 0, 0, 0.0
42, 1, 1, 0, 0, 0.0
42, 1, 2, 0, 0, 0.0
42, 1, 3, 0, 0, 0.0
42, 1, 4, 0, 0, 0.0
42, 1, 5, 0, 0, 0.0
42, 1, 6, 0, 0, 0.0
42, 1, 7, 0, 0, 0.0
42, 1, 8, 0, 0, 0.0
42, 1, 9, 0, 0, 0.0
42, 1, 10, 0, 0, 0.0
42, 1, 11, 0, 0, 0.0
42, 1, 12, 0, 0, 0.0
42, 1, 13, 0, 0, 0.0
42, 1, 14, 0, 0, 0.0
42, 1, 15, 0, 0, 0.0
42, 1, 16, 0, 0, 0.0
42, 1, 17, 0, 0, 0.0
42, 1, 18, 0, 0, 0.0
42, 1, 19, 0, 0, 0.0
42, 1, 20, 0, 0, 0.0
43, 0, 0, 955, 690, -1.2601502419329336e-07
43, 0, 1, 1030, 669, 4.219721813569777e-05
43, 0, 2, 1110, 682, -0.00669947499409318
43, 0, 3, 1168, 713, -0.013909532688558102
43, 0, 4, 1190, 757, -0.018628042191267014
43, 0, 5, 1133, 720, -0.020281512290239334
43, 0, 6, 1153, 817, -0.03179372847080231
43, 0, 7, 1131, 802, -0.03402586281299591
43, 0, 8, 1117, 774, -0.034642353653907776
43, 0, 9, 1096, 729, -0.026839977130293846
43, 0, 10, 1114, 834, -0.03506539389491081
43, 0, 11, 1091, 813, -0.02999730035662651
43, 0, 12, 1081, 783, -0.027167653664946556
43, 0, 13, 1054, 741, -0.03303074836730957
43, 0, 14, 1071, 837, -0.03810587525367737
43, 0, 15, 1053, 818, -0.028944628313183784
43, 0, 16, 1046, 789, -0.02369297854602337
43, 0, 17, 1011, 752, -0.0393475703895092
43, 0, 18, 1030, 832, -0.04073600098490715
43, 0, 19, 1022, 822, -0.03414929658174515
43, 0, 20, 1017, 798, -0.0298258438706398
43, 1, 0, 0, 0, 0.0
43, 1, 1, 0, 0, 0.0
43, 1, 2, 0, 0, 0.0
43, 1, 3, 0, 0, 0.0
43, 1, 4, 0, 0, 0.0
43, 1, 5, 0, 0, 0.0
43, 1, 6, 0, 0, 0.0
43, 1, 7, 0, 0, 0.0
43, 1, 8, 0, 0, 0.0
43, 1, 9, 0, 0, 0.0
43, 1, 10, 0, 0, 0.0
43, 1, 11, 0, 0, 0.0
43, 1, 12, 0, 0, 0.0
43, 1, 13, 0, 0, 0.0
43, 1, 14, 0, 0, 0.0
43, 1, 15, 0, 0, 0.0
43, 1, 16, 0, 0, 0.0
43, 1, 17, 0, 0, 0.0
43, 1, 18, 0, 0, 0.0
43, 1, 19, 0, 0, 0.0
43, 1, 20, 0, 0, 0.0
44, 0, 0, 954, 697, -1.2109418889849621e-07
44, 0, 1, 1028, 673, -0.00013346615014597774
44, 0, 2, 1109, 685, -0.0069045815616846085
44, 0, 3, 1167, 716, -0.014222372323274612
44, 0, 4, 1191, 761, -0.0189263503998518
44, 0, 5, 1135, 723, -0.019272953271865845
44, 0, 6, 1156, 821, -0.030866015702486038
44, 0, 7, 1133, 808, -0.03327011689543724
44, 0, 8, 1118, 779, -0.03374411165714264
44, 0, 9, 1099, 733, -0.025763966143131256
44, 0, 10, 1117, 838, -0.03370644152164459
44, 0, 11, 1094, 818, -0.028854520991444588
44, 0, 12, 1083, 787, -0.026092058047652245
44, 0, 13, 1057, 745, -0.031972486525774
44, 0, 14, 1073, 842, -0.03692873939871788
44, 0, 15, 1055, 822, -0.027873989194631577
44, 0, 16, 1048, 792, -0.02262839488685131
44, 0, 17, 1012, 757, -0.038308851420879364
44, 0, 18, 1032, 836, -0.039544083178043365
44, 0, 19, 1022, 824, -0.03259730339050293
44, 0, 20, 1015, 797, -0.027948258444666862
44, 1, 0, 0, 0, 0.0
44, 1, 1, 0, 0, 0.0
44, 1, 2, 0, 0, 0.0
44, 1, 3, 0, 0, 0.0
44, 1, 4, 0, 0, 0.0
44, 1, 5, 0, 0, 0.0
44, 1, 6, 0, 0, 0.0
44, 1, 7, 0, 0, 0.0
44, 1, 8, 0, 0, 0.0
44, 1, 9, 0, 0, 0.0
44, 1, 10, 0, 0, 0.0
44, 1, 11, 0, 0, 0.0
44, 1, 12, 0, 0, 0.0
44, 1, 13, 0, 0, 0.0
44, 1, 14, 0, 0, 0.0
44, 1, 15, 0, 0, 0.0
44, 1, 16, 0, 0, 0.0
44, 1, 17, 0, 0, 0.0
44, 1, 18, 0, 0, 0.0
44, 1, 19, 0, 0, 0.0
44, 1, 20, 0, 0, 0.0
45, 0, 0, 956, 699, -1.2318872677496984e-07
45, 0, 1, 1032, 676, 7.696614920860156e-05
45, 0, 2, 1113, 689, -0.0062987045384943485
45, 0, 3, 1171, 722, -0.013292348943650723
45, 0, 4, 1193, 767, -0.01776605285704136
45, 0, 5, 1136, 728, -0.018221430480480194
45, 0, 6, 1158, 826, -0.02960171550512314
45, 0, 7, 1135, 812, -0.03216652199625969
45, 0, 8, 1120, 783, -0.03290987387299538
45, 0, 9, 1100, 738, -0.0247235968708992
45, 0, 10, 1119, 843, -0.03246341645717621
45, 0, 11, 1096, 823, -0.027650143951177597
45, 0, 12, 1085, 793, -0.02495814487338066
45, 0, 13, 1058, 751, -0.03099166974425316
45, 0, 14, 1075, 847, -0.03566424548625946
45, 0, 15, 1057, 827, -0.02667728066444397
45, 0, 16, 1049, 796, -0.021553603932261467
45, 0, 17, 1014, 762, -0.03743486851453781
45, 0, 18, 1034, 841, -0.038397323340177536
45, 0, 19, 1024, 829, -0.03152243420481682
45, 0, 20, 1017, 803, -0.02698613703250885
45, 1, 0, 0, 0, 0.0
45, 1, 1, 0, 0, 0.0
45, 1, 2, 0, 0, 0.0
45, 1, 3, 0, 0, 0.0
45, 1, 4, 0, 0, 0.0
45, 1, 5, 0, 0, 0.0
45, 1, 6, 0, 0, 0.0
45, 1, 7, 0, 0, 0.0
45, 1, 8, 0, 0, 0.0
45, 1, 9, 0, 0, 0.0
45, 1, 10, 0, 0, 0.0
45, 1, 11, 0, 0, 0.0
45, 1, 12, 0, 0, 0.0
45, 1, 13, 0, 0, 0.0
45, 1, 14, 0, 0, 0.0
45, 1, 15, 0, 0, 0.0
45, 1, 16, 0, 0, 0.0
45, 1, 17, 0, 0, 0.0
45, 1, 18, 0, 0, 0.0
45, 1, 19, 0, 0, 0.0
45, 1, 20, 0, 0, 0.0
46, 0, 0, 957, 704, -1.2098139734462166e-07
46, 0, 1, 1034, 683, 0.0006260030204430223
46, 0, 2, 1115, 697, -0.005480684340000153
46, 0, 3, 1173, 729, -0.012225155718624592
46, 0, 4, 1195, 775, -0.01645831950008869
46, 0, 5, 1139, 737, -0.018064266070723534
46, 0, 6, 1160, 834, -0.02889156900346279
46, 0, 7, 1137, 822, -0.031039079651236534
46, 0, 8, 1121, 793, -0.03153575211763382
46, 0, 9, 1104, 747, -0.024782465770840645
46, 0, 10, 1122, 851, -0.03228438273072243
46, 0, 11, 1098, 833, -0.02753770723938942
46, 0, 12, 1087, 803, -0.0249424297362566
46, 0, 13, 1062, 759, -0.031120475381612778
46, 0, 14, 1078, 855, -0.035686928778886795
46, 0, 15, 1059, 836, -0.026672277599573135
46, 0, 16, 1052, 805, -0.021579429507255554
46, 0, 17, 1017, 770, -0.037555593997240067
46, 0, 18, 1035, 848, -0.038679033517837524
46, 0, 19, 1025, 835, -0.03172878548502922
46, 0, 20, 1018, 807, -0.027140647172927856
46, 1, 0, 0, 0, 0.0
46, 1, 1, 0, 0, 0.0
46, 1, 2, 0, 0, 0.0
46, 1, 3, 0, 0, 0.0
46, 1, 4, 0, 0, 0.0
46, 1, 5, 0, 0, 0.0
46, 1, 6, 0, 0, 0.0
46, 1, 7, 0, 0, 0.0
46, 1, 8, 0, 0, 0.0
46, 1, 9, 0, 0, 0.0
46, 1, 10, 0, 0, 0.0
46, 1, 11, 0, 0, 0.0
46, 1, 12, 0, 0, 0.0
46, 1, 13, 0, 0, 0.0
46, 1, 14, 0, 0, 0.0
46, 1, 15, 0, 0, 0.0
46, 1, 16, 0, 0, 0.0
46, 1, 17, 0, 0, 0.0
46, 1, 18, 0, 0, 0.0
46, 1, 19, 0, 0, 0.0
46, 1, 20, 0, 0, 0.0
47, 0, 0, 959, 714, -1.2822513895116572e-07
47, 0, 1, 1035, 691, 0.00027737056370824575
47, 0, 2, 1117, 705, -0.005610225256532431
47, 0, 3, 1174, 738, -0.012092554941773415
47, 0, 4, 1198, 782, -0.015997815877199173
47, 0, 5, 1143, 745, -0.01846197433769703
47, 0, 6, 1164, 844, -0.030018994584679604
47, 0, 7, 1141, 829, -0.03233322501182556
47, 0, 8, 1125, 801, -0.03273956850171089
47, 0, 9, 1106, 756, -0.02508031576871872
47, 0, 10, 1125, 861, -0.033678267151117325
47, 0, 11, 1103, 841, -0.029029011726379395
47, 0, 12, 1092, 810, -0.026193469762802124
47, 0, 13, 1063, 768, -0.031432051211595535
47, 0, 14, 1079, 863, -0.0369098074734211
47, 0, 15, 1062, 843, -0.027835054323077202
47, 0, 16, 1055, 812, -0.022398751229047775
47, 0, 17, 1018, 779, -0.03788566216826439
47, 0, 18, 1038, 858, -0.03932014852762222
47, 0, 19, 1028, 844, -0.03223830834031105
47, 0, 20, 1022, 816, -0.027452709153294563
47, 1, 0, 0, 0, 0.0
47, 1, 1, 0, 0, 0.0
47, 1, 2, 0, 0, 0.0
47, 1, 3, 0, 0, 0.0
47, 1, 4, 0, 0, 0.0
47, 1, 5, 0, 0, 0.0
47, 1, 6, 0, 0, 0.0
47, 1, 7, 0, 0, 0.0
47, 1, 8, 0, 0, 0.0
47, 1, 9, 0, 0, 0.0
47, 1, 10, 0, 0, 0.0
47, 1, 11, 0, 0, 0.0
47, 1, 12, 0, 0, 0.0
47, 1, 13, 0, 0, 0.0
47, 1, 14, 0, 0, 0.0
47, 1, 15, 0, 0, 0.0
47, 1, 16, 0, 0, 0.0
47, 1, 17, 0, 0, 0.0
47, 1, 18, 0, 0, 0.0
47, 1, 19, 0, 0, 0.0
47, 1, 20, 0, 0, 0.0
48, 0, 0, 959, 728, -6.783267991750108e-08
48, 0, 1, 1036, 704, 0.0008893206831999123
48, 0, 2, 1117, 718, -0.00578242028132081
48, 0, 3, 1174, 751, -0.013166758231818676
48, 0, 4, 1202, 795, -0.018291058018803596
48, 0, 5, 1144, 752, -0.019481144845485687
48, 0, 6, 1170, 850, -0.030775368213653564
48, 0, 7, 1147, 851, -0.032820165157318115
48, 0, 8, 1128, 830, -0.03263489902019501
48, 0, 9, 1108, 763, -0.026358723640441895
48, 0, 10, 1132, 872, -0.03475610539317131
48, 0, 11, 1106, 864, -0.03019283153116703
48, 0, 12, 1093, 838, -0.02714787982404232
48, 0, 13, 1066, 777, -0.03262345865368843
48, 0, 14, 1088, 877, -0.03768627718091011
48, 0, 15, 1067, 866, -0.027701830491423607
48, 0, 16, 1056, 839, -0.021344855427742004
48, 0, 17, 1020, 791, -0.0388839952647686
48, 0, 18, 1047, 873, -0.0397915355861187
48, 0, 19, 1038, 869, -0.03161973878741264
48, 0, 20, 1031, 848, -0.025744156911969185
48, 1, 0, 0, 0, 0.0
48, 1, 1, 0, 0, 0.0
48, 1, 2, 0, 0, 0.0
48, 1, 3, 0, 0, 0.0
48, 1, 4, 0, 0, 0.0
48, 1, 5, 0, 0, 0.0
48, 1, 6, 0, 0, 0.0
48, 1, 7, 0, 0, 0.0
48, 1, 8, 0, 0, 0.0
48, 1, 9, 0, 0, 0.0
48, 1, 10, 0, 0, 0.0
48, 1, 11, 0, 0, 0.0
48, 1, 12, 0, 0, 0.0
48, 1, 13, 0, 0, 0.0
48, 1, 14, 0, 0, 0.0
48, 1, 15, 0, 0, 0.0
48, 1, 16, 0, 0, 0.0
48, 1, 17, 0, 0, 0.0
48, 1, 18, 0, 0, 0.0
48, 1, 19, 0, 0, 0.0
48, 1, 20, 0, 0, 0.0
49, 0, 0, 963, 747, 9.3074717710806e-08
49, 0, 1, 1040, 724, 0.002700414741411805
49, 0, 2, 1117, 736, -0.0037140550557523966
49, 0, 3, 1173, 767, -0.010735630989074707
49, 0, 4, 1206, 803, -0.016616512089967728
49, 0, 5, 1144, 760, -0.02283368818461895
49, 0, 6, 1178, 853, -0.0330389179289341
49, 0, 7, 1165, 884, -0.0342656672000885
49, 0, 8, 1147, 890, -0.03299036994576454
49, 0, 9, 1110, 773, -0.029742849990725517
49, 0, 10, 1145, 883, -0.036844175308942795
49, 0, 11, 1126, 904, -0.03191002830862999
49, 0, 12, 1108, 899, -0.02824360877275467
49, 0, 13, 1068, 792, -0.03526122495532036
49, 0, 14, 1103, 892, -0.03953788802027702
49, 0, 15, 1091, 908, -0.030551807954907417
49, 0, 16, 1076, 900, -0.024326441809535027
49, 0, 17, 1023, 810, -0.040353454649448395
49, 0, 18, 1059, 887, -0.040798068046569824
49, 0, 19, 1063, 908, -0.03320257365703583
49, 0, 20, 1060, 909, -0.027247322723269463
49, 1, 0, 0, 0, 0.0
49, 1, 1, 0, 0, 0.0
49, 1, 2, 0, 0, 0.0
49, 1, 3, 0, 0, 0.0
49, 1, 4, 0, 0, 0.0
49, 1, 5, 0, 0, 0.0
49, 1, 6, 0, 0, 0.0
49, 1, 7, 0, 0, 0.0
49, 1, 8, 0, 0, 0.0
49, 1, 9, 0, 0, 0.0
49, 1, 10, 0, 0, 0.0
49, 1, 11, 0, 0, 0.0
49, 1, 12, 0, 0, 0.0
49, 1, 13, 0, 0, 0.0
49, 1, 14, 0, 0, 0.0
49, 1, 15, 0, 0, 0.0
49, 1, 16, 0, 0, 0.0
49, 1, 17, 0, 0, 0.0
49, 1, 18, 0, 0, 0.0
49, 1, 19, 0, 0, 0.0
49, 1, 20, 0, 0, 0.0
50, 0, 0, 963, 778, 1.662692028503443e-07
50, 0, 1, 1036, 754, 0.004351556301116943
50, 0, 2, 1116, 762, -0.0009999722242355347
50, 0, 3, 1174, 788, -0.007198792416602373
50, 0, 4, 1215, 813, -0.012567220255732536
50, 0, 5, 1133, 781, -0.023458128795027733
50, 0, 6, 1186, 864, -0.03395354002714157
50, 0, 7, 1183, 906, -0.03416384756565094
50, 0, 8, 1166, 924, -0.03117813915014267
50, 0, 9, 1102, 799, -0.030365558341145515
50, 0, 10, 1154, 900, -0.03704933077096939
50, 0, 11, 1146, 936, -0.030711594969034195
50, 0, 12, 1129, 943, -0.02489699237048626
50, 0, 13, 1063, 823, -0.03565189614892006
50, 0, 14, 1113, 916, -0.0390569269657135
50, 0, 15, 1112, 945, -0.029039675369858742
50, 0, 16, 1099, 947, -0.021190788596868515
50, 0, 17, 1024, 847, -0.04041077569127083
50, 0, 18, 1066, 920, -0.041012704372406006
50, 0, 19, 1078, 948, -0.03365333750844002
50, 0, 20, 1080, 956, -0.02679370902478695
50, 1, 0, 0, 0, 0.0
50, 1, 1, 0, 0, 0.0
50, 1, 2, 0, 0, 0.0
50, 1, 3, 0, 0, 0.0
50, 1, 4, 0, 0, 0.0
50, 1, 5, 0, 0, 0.0
50, 1, 6, 0, 0, 0.0
50, 1, 7, 0, 0, 0.0
50, 1, 8, 0, 0, 0.0
50, 1, 9, 0, 0, 0.0
50, 1, 10, 0, 0, 0.0
50, 1, 11, 0, 0, 0.0
50, 1, 12, 0, 0, 0.0
50, 1, 13, 0, 0, 0.0
50, 1, 14, 0, 0, 0.0
50, 1, 15, 0, 0, 0.0
50, 1, 16, 0, 0, 0.0
50, 1, 17, 0, 0, 0.0
50, 1, 18, 0, 0, 0.0
50, 1, 19, 0, 0, 0.0
50, 1, 20, 0, 0, 0.0
51, 0, 0, 956, 815, 2.3736933485452028e-07
51, 0, 1, 1027, 792, 0.0032808848191052675
51, 0, 2, 1107, 801, -0.0019597597420215607
51, 0, 3, 1168, 826, -0.007726320065557957
51, 0, 4, 1214, 842, -0.013328357599675655
51, 0, 5, 1125, 814, -0.0233381986618042
51, 0, 6, 1188, 891, -0.03400145843625069
51, 0, 7, 1197, 935, -0.036397144198417664
51, 0, 8, 1194, 964, -0.03616974875330925
51, 0, 9, 1093, 837, -0.030680596828460693
51, 0, 10, 1155, 927, -0.03911907970905304
51, 0, 11, 1168, 973, -0.03757789731025696
51, 0, 12, 1168, 999, -0.03605351597070694
51, 0, 13, 1055, 865, -0.03654911741614342
51, 0, 14, 1113, 949, -0.04170728474855423
51, 0, 15, 1134, 992, -0.03855794668197632
51, 0, 16, 1144, 1015, -0.03650948777794838
51, 0, 17, 1016, 892, -0.04176962003111839
51, 0, 18, 1063, 959, -0.04420280456542969
51, 0, 19, 1088, 993, -0.04139075055718422
51, 0, 20, 1106, 1015, -0.039014965295791626
51, 1, 0, 0, 0, 0.0
51, 1, 1, 0, 0, 0.0
51, 1, 2, 0, 0, 0.0
51, 1, 3, 0, 0, 0.0
51, 1, 4, 0, 0, 0.0
51, 1, 5, 0, 0, 0.0
51, 1, 6, 0, 0, 0.0
51, 1, 7, 0, 0, 0.0
51, 1, 8, 0, 0, 0.0
51, 1, 9, 0, 0, 0.0
51, 1, 10, 0, 0, 0.0
51, 1, 11, 0, 0, 0.0
51, 1, 12, 0, 0, 0.0
51, 1, 13, 0, 0, 0.0
51, 1, 14, 0, 0, 0.0
51, 1, 15, 0, 0, 0.0
51, 1, 16, 0, 0, 0.0
51, 1, 17, 0, 0, 0.0
51, 1, 18, 0, 0, 0.0
51, 1, 19, 0, 0, 0.0
51, 1, 20, 0, 0, 0.0
52, 0, 0, 947, 865, 2.9189374117777334e-07
52, 0, 1, 1016, 841, -0.0007272064103744924
52, 0, 2, 1096, 848, -0.006807980593293905
52, 0, 3, 1158, 868, -0.012564057484269142
52, 0, 4, 1208, 878, -0.018110018223524094
52, 0, 5, 1112, 865, -0.02431619167327881
52, 0, 6, 1183, 935, -0.03603624552488327
52, 0, 7, 1205, 981, -0.040530040860176086
52, 0, 8, 1212, 1015, -0.04206036776304245
52, 0, 9, 1082, 894, -0.029882093891501427
52, 0, 10, 1153, 973, -0.03947475552558899
52, 0, 11, 1180, 1021, -0.04039064049720764
52, 0, 12, 1192, 1053, -0.040662385523319244
52, 0, 13, 1045, 924, -0.0344170480966568
52, 0, 14, 1114, 1001, -0.04132777824997902
52, 0, 15, 1145, 1047, -0.040510646998882294
52, 0, 16, 1163, 1075, -0.040017254650592804
52, 0, 17, 1008, 953, -0.038553059101104736
52, 0, 18, 1052, 1017, -0.04293632134795189
52, 0, 19, 1078, 1051, -0.04148314893245697
52, 0, 20, 1098, 1074, -0.039915088564157486
52, 1, 0, 0, 0, 0.0
52, 1, 1, 0, 0, 0.0
52, 1, 2, 0, 0, 0.0
52, 1, 3, 0, 0, 0.0
52, 1, 4, 0, 0, 0.0
52, 1, 5, 0, 0, 0.0
52, 1, 6, 0, 0, 0.0
52, 1, 7, 0, 0, 0.0
52, 1, 8, 0, 0, 0.0
52, 1, 9, 0, 0, 0.0
52, 1, 10, 0, 0, 0.0
52, 1, 11, 0, 0, 0.0
52, 1, 12, 0, 0, 0.0
52, 1, 13, 0, 0, 0.0
52, 1, 14, 0, 0, 0.0
52, 1, 15, 0, 0, 0.0
52, 1, 16, 0, 0, 0.0
52, 1, 17, 0, 0, 0.0
52, 1, 18, 0, 0, 0.0
52, 1, 19, 0, 0, 0.0
52, 1, 20, 0, 0, 0.0
53, 0, 0, 927, 922, 2.5589687879801204e-07
53, 0, 1, 1000, 897, -0.0009232675074599683
53, 0, 2, 1081, 903, -0.006226549856364727
53, 0, 3, 1144, 921, -0.01093655452132225
53, 0, 4, 1194, 931, -0.015977006405591965
53, 0, 5, 1092, 936, -0.0237705297768116
53, 0, 6, 1162, 1001, -0.032882001250982285
53, 0, 7, 1195, 1041, -0.0352267287671566
53, 0, 8, 1214, 1071, -0.03516993671655655
53, 0, 9, 1062, 968, -0.02776132896542549
53, 0, 10, 1139, 1039, -0.03312668949365616
53, 0, 11, 1172, 1080, -0.03200294449925423
53, 0, 12, 1190, 1107, -0.03127850592136383
53, 0, 13, 1028, 1000, -0.030366813763976097
53, 0, 14, 1097, 1067, -0.0337347574532032
53, 0, 15, 1129, 1105, -0.03088059462606907
53, 0, 16, 1149, 1129, -0.029475225135684013
53, 0, 17, 994, 1028, -0.032633572816848755
53, 0, 18, 1042, 1083, -0.03404761105775833
53, 0, 19, 1065, 1115, -0.03004363179206848
53, 0, 20, 1079, 1135, -0.026843102648854256
53, 1, 0, 0, 0, 0.0
53, 1, 1, 0, 0, 0.0
53, 1, 2, 0, 0, 0.0
53, 1, 3, 0, 0, 0.0
53, 1, 4, 0, 0, 0.0
53, 1, 5, 0, 0, 0.0
53, 1, 6, 0, 0, 0.0
53, 1, 7, 0, 0, 0.0
53, 1, 8, 0, 0, 0.0
53, 1, 9, 0, 0, 0.0
53, 1, 10, 0, 0, 0.0
53, 1, 11, 0, 0, 0.0
53, 1, 12, 0, 0, 0.0
53, 1, 13, 0, 0, 0.0
53, 1, 14, 0, 0, 0.0
53, 1, 15, 0, 0, 0.0
53, 1, 16, 0, 0, 0.0
53, 1, 17, 0, 0, 0.0
53, 1, 18, 0, 0, 0.0
53, 1, 19, 0, 0, 0.0
53, 1, 20, 0, 0, 0.0
54, 0, 0, 918, 988, 1.7309024258338468e-07
54, 0, 1, 989, 961, -0.005194203462451696
54, 0, 2, 1068, 970, -0.00924050621688366
54, 0, 3, 1130, 993, -0.01228238083422184
54, 0, 4, 1180, 1007, -0.015000153332948685
54, 0, 5, 1078, 1025, -0.012996559962630272
54, 0, 6, 1146, 1076, -0.020709693431854248
54, 0, 7, 1181, 1107, -0.025135107338428497
54, 0, 8, 1205, 1128, -0.027200855314731598
54, 0, 9, 1055, 1058, -0.013976716436445713
54, 0, 10, 1125, 1107, -0.01777191460132599
54, 0, 11, 1160, 1134, -0.01956172101199627
54, 0, 12, 1182, 1152, -0.02135499194264412
54, 0, 13, 1028, 1084, -0.014844768680632114
54, 0, 14, 1089, 1128, -0.016938958317041397
54, 0, 15, 1124, 1155, -0.015138549730181694
54, 0, 16, 1148, 1177, -0.014576621353626251
54, 0, 17, 1001, 1102, -0.016199596226215363
54, 0, 18, 1048, 1140, -0.01700202189385891
54, 0, 19, 1076, 1165, -0.013845862820744514
54, 0, 20, 1098, 1184, -0.011397227644920349
54, 1, 0, 0, 0, 0.0
54, 1, 1, 0, 0, 0.0
54, 1, 2, 0, 0, 0.0
54, 1, 3, 0, 0, 0.0
54, 1, 4, 0, 0, 0.0
54, 1, 5, 0, 0, 0.0
54, 1, 6, 0, 0, 0.0
54, 1, 7, 0, 0, 0.0
54, 1, 8, 0, 0, 0.0
54, 1, 9, 0, 0, 0.0
54, 1, 10, 0, 0, 0.0
54, 1, 11, 0, 0, 0.0
54, 1, 12, 0, 0, 0.0
54, 1, 13, 0, 0, 0.0
54, 1, 14, 0, 0, 0.0
54, 1, 15, 0, 0, 0.0
54, 1, 16, 0, 0, 0.0
54, 1, 17, 0, 0, 0.0
54, 1, 18, 0, 0, 0.0
54, 1, 19, 0, 0, 0.0
54, 1, 20, 0, 0, 0.0
55, 0, 0, 0, 0, 0.0
55, 0, 1, 0, 0, 0.0
55, 0, 2, 0, 0, 0.0
55, 0, 3, 0, 0, 0.0
55, 0, 4, 0, 0, 0.0
55, 0, 5, 0, 0, 0.0
55, 0, 6, 0, 0, 0.0
55, 0, 7, 0, 0, 0.0
55, 0, 8, 0, 0, 0.0
55, 0, 9, 0, 0, 0.0
55, 0, 10, 0, 0, 0.0
55, 0, 11, 0, 0, 0.0
55, 0, 12, 0, 0, 0.0
55, 0, 13, 0, 0, 0.0
55, 0, 14, 0, 0, 0.0
55, 0, 15, 0, 0, 0.0
55, 0, 16, 0, 0, 0.0
55, 0, 17, 0, 0, 0.0
55, 0, 18, 0, 0, 0.0
55, 0, 19, 0, 0, 0.0
55, 0, 20, 0, 0, 0.0
55, 1, 0, 0, 0, 0.0
55, 1, 1, 0, 0, 0.0
55, 1, 2, 0, 0, 0.0
55, 1, 3, 0, 0, 0.0
55, 1, 4, 0, 0, 0.0
55, 1, 5, 0, 0, 0.0
55, 1, 6, 0, 0, 0.0
55, 1, 7, 0, 0, 0.0
55, 1, 8, 0, 0, 0.0
55, 1, 9, 0, 0, 0.0
55, 1, 10, 0, 0, 0.0
55, 1, 11, 0, 0, 0.0
55, 1, 12, 0, 0, 0.0
55, 1, 13, 0, 0, 0.0
55, 1, 14, 0, 0, 0.0
55, 1, 15, 0, 0, 0.0
55, 1, 16, 0, 0, 0.0
55, 1, 17, 0, 0, 0.0
55, 1, 18, 0, 0, 0.0
55, 1, 19, 0, 0, 0.0
55, 1, 20, 0, 0, 0.0
56, 0, 0, 0, 0, 0.0
56, 0, 1, 0, 0, 0.0
56, 0, 2, 0, 0, 0.0
56, 0, 3, 0, 0, 0.0
56, 0, 4, 0, 0, 0.0
56, 0, 5, 0, 0, 0.0
56, 0, 6, 0, 0, 0.0
56, 0, 7, 0, 0, 0.0
56, 0, 8, 0, 0, 0.0
56, 0, 9, 0, 0, 0.0
56, 0, 10, 0, 0, 0.0
56, 0, 11, 0, 0, 0.0
56, 0, 12, 0, 0, 0.0
56, 0, 13, 0, 0, 0.0
56, 0, 14, 0, 0, 0.0
56, 0, 15, 0, 0, 0.0
56, 0, 16, 0, 0, 0.0
56, 0, 17, 0, 0, 0.0
56, 0, 18, 0, 0, 0.0
56, 0, 19, 0, 0, 0.0
56, 0, 20, 0, 0, 0.0
56, 1, 0, 0, 0, 0.0
56, 1, 1, 0, 0, 0.0
56, 1, 2, 0, 0, 0.0
56, 1, 3, 0, 0, 0.0
56, 1, 4, 0, 0, 0.0
56, 1, 5, 0, 0, 0.0
56, 1, 6, 0, 0, 0.0
56, 1, 7, 0, 0, 0.0
56, 1, 8, 0, 0, 0.0
56, 1, 9, 0, 0, 0.0
56, 1, 10, 0, 0, 0.0
56, 1, 11, 0, 0, 0.0
56, 1, 12, 0, 0, 0.0
56, 1, 13, 0, 0, 0.0
56, 1, 14, 0, 0, 0.0
56, 1, 15, 0, 0, 0.0
56, 1, 16, 0, 0, 0.0
56, 1, 17, 0, 0, 0.0
56, 1, 18, 0, 0, 0.0
56, 1, 19, 0, 0, 0.0
56, 1, 20, 0, 0, 0.0
57, 0, 0, 0, 0, 0.0
57, 0, 1, 0, 0, 0.0
57, 0, 2, 0, 0, 0.0
57, 0, 3, 0, 0, 0.0
57, 0, 4, 0, 0, 0.0
57, 0, 5, 0, 0, 0.0
57, 0, 6, 0, 0, 0.0
57, 0, 7, 0, 0, 0.0
57, 0, 8, 0, 0, 0.0
57, 0, 9, 0, 0, 0.0
57, 0, 10, 0, 0, 0.0
57, 0, 11, 0, 0, 0.0
57, 0, 12, 0, 0, 0.0
57, 0, 13, 0, 0, 0.0
57, 0, 14, 0, 0, 0.0
57, 0, 15, 0, 0, 0.0
57, 0, 16, 0, 0, 0.0
57, 0, 17, 0, 0, 0.0
57, 0, 18, 0, 0, 0.0
57, 0, 19, 0, 0, 0.0
57, 0, 20, 0, 0, 0.0
57, 1, 0, 0, 0, 0.0
57, 1, 1, 0, 0, 0.0
57, 1, 2, 0, 0, 0.0
57, 1, 3, 0, 0, 0.0
57, 1, 4, 0, 0, 0.0
57, 1, 5, 0, 0, 0.0
57, 1, 6, 0, 0, 0.0
57, 1, 7, 0, 0, 0.0
57, 1, 8, 0, 0, 0.0
57, 1, 9, 0, 0, 0.0
57, 1, 10, 0, 0, 0.0
57, 1, 11, 0, 0, 0.0
57, 1, 12, 0, 0, 0.0
57, 1, 13, 0, 0, 0.0
57, 1, 14, 0, 0, 0.0
57, 1, 15, 0, 0, 0.0
57, 1, 16, 0, 0, 0.0
57, 1, 17, 0, 0, 0.0
57, 1, 18, 0, 0, 0.0
57, 1, 19, 0, 0, 0.0
57, 1, 20, 0, 0, 0.0
58, 0, 0, 0, 0, 0.0
58, 0, 1, 0, 0, 0.0
58, 0, 2, 0, 0, 0.0
58, 0, 3, 0, 0, 0.0
58, 0, 4, 0, 0, 0.0
58, 0, 5, 0, 0, 0.0
58, 0, 6, 0, 0, 0.0
58, 0, 7, 0, 0, 0.0
58, 0, 8, 0, 0, 0.0
58, 0, 9, 0, 0, 0.0
58, 0, 10, 0, 0, 0.0
58, 0, 11, 0, 0, 0.0
58, 0, 12, 0, 0, 0.0
58, 0, 13, 0, 0, 0.0
58, 0, 14, 0, 0, 0.0
58, 0, 15, 0, 0, 0.0
58, 0, 16, 0, 0, 0.0
58, 0, 17, 0, 0, 0.0
58, 0, 18, 0, 0, 0.0
58, 0, 19, 0, 0, 0.0
58, 0, 20, 0, 0, 0.0
58, 1, 0, 0, 0, 0.0
58, 1, 1, 0, 0, 0.0
58, 1, 2, 0, 0, 0.0
58, 1, 3, 0, 0, 0.0
58, 1, 4, 0, 0, 0.0
58, 1, 5, 0, 0, 0.0
58, 1, 6, 0, 0, 0.0
58, 1, 7, 0, 0, 0.0
58, 1, 8, 0, 0, 0.0
58, 1, 9, 0, 0, 0.0
58, 1, 10, 0, 0, 0.0
58, 1, 11, 0, 0, 0.0
58, 1, 12, 0, 0, 0.0
58, 1, 13, 0, 0, 0.0
58, 1, 14, 0, 0, 0.0
58, 1, 15, 0, 0, 0.0
58, 1, 16, 0, 0, 0.0
58, 1, 17, 0, 0, 0.0
58, 1, 18, 0, 0, 0.0
58, 1, 19, 0, 0, 0.0
58, 1, 20, 0, 0, 0.0
59, 0, 0, 0, 0, 0.0
59, 0, 1, 0, 0, 0.0
59, 0, 2, 0, 0, 0.0
59, 0, 3, 0, 0, 0.0
59, 0, 4, 0, 0, 0.0
59, 0, 5, 0, 0, 0.0
59, 0, 6, 0, 0, 0.0
59, 0, 7, 0, 0, 0.0
59, 0, 8, 0, 0, 0.0
59, 0, 9, 0, 0, 0.0
59, 0, 10, 0, 0, 0.0
59, 0, 11, 0, 0, 0.0
59, 0, 12, 0, 0, 0.0
59, 0, 13, 0, 0, 0.0
59, 0, 14, 0, 0, 0.0
59, 0, 15, 0, 0, 0.0
59, 0, 16, 0, 0, 0.0
59, 0, 17, 0, 0, 0.0
59, 0, 18, 0, 0, 0.0
59, 0, 19, 0, 0, 0.0
59, 0, 20, 0, 0, 0.0
59, 1, 0, 0, 0, 0.0
59, 1, 1, 0, 0, 0.0
59, 1, 2, 0, 0, 0.0
59, 1, 3, 0, 0, 0.0
59, 1, 4, 0, 0, 0.0
59, 1, 5, 0, 0, 0.0
59, 1, 6, 0, 0, 0.0
59, 1, 7, 0, 0, 0.0
59, 1, 8, 0, 0, 0.0
59, 1, 9, 0, 0, 0.0
59, 1, 10, 0, 0, 0.0
59, 1, 11, 0, 0, 0.0
59, 1, 12, 0, 0, 0.0
59, 1, 13, 0, 0, 0.0
59, 1, 14, 0, 0, 0.0
59, 1, 15, 0, 0, 0.0
59, 1, 16, 0, 0, 0.0
59, 1, 17, 0, 0, 0.0
59, 1, 18, 0, 0, 0.0
59, 1, 19, 0, 0, 0.0
59, 1, 20, 0, 0, 0.0
60, 0, 0, 0, 0, 0.0
60, 0, 1, 0, 0, 0.0
60, 0, 2, 0, 0, 0.0
60, 0, 3, 0, 0, 0.0
60, 0, 4, 0, 0, 0.0
60, 0, 5, 0, 0, 0.0
60, 0, 6, 0, 0, 0.0
60, 0, 7, 0, 0, 0.0
60, 0, 8, 0, 0, 0.0
60, 0, 9, 0, 0, 0.0
60, 0, 10, 0, 0, 0.0
60, 0, 11, 0, 0, 0.0
60, 0, 12, 0, 0, 0.0
60, 0, 13, 0, 0, 0.0
60, 0, 14, 0, 0, 0.0
60, 0, 15, 0, 0, 0.0
60, 0, 16, 0, 0, 0.0
60, 0, 17, 0, 0, 0.0
60, 0, 18, 0, 0, 0.0
60, 0, 19, 0, 0, 0.0
60, 0, 20, 0, 0, 0.0
60, 1, 0, 0, 0, 0.0
60, 1, 1, 0, 0, 0.0
60, 1, 2, 0, 0, 0.0
60, 1, 3, 0, 0, 0.0
60, 1, 4, 0, 0, 0.0
60, 1, 5, 0, 0, 0.0
60, 1, 6, 0, 0, 0.0
60, 1, 7, 0, 0, 0.0
60, 1, 8, 0, 0, 0.0
60, 1, 9, 0, 0, 0.0
60, 1, 10, 0, 0, 0.0
60, 1, 11, 0, 0, 0.0
60, 1, 12, 0, 0, 0.0
60, 1, 13, 0, 0, 0.0
60, 1, 14, 0, 0, 0.0
60, 1, 15, 0, 0, 0.0
60, 1, 16, 0, 0, 0.0
60, 1, 17, 0, 0, 0.0
60, 1, 18, 0, 0, 0.0
60, 1, 19, 0, 0, 0.0
60, 1, 20, 0, 0, 0.0
61, 0, 0, 0, 0, 0.0
61, 0, 1, 0, 0, 0.0
61, 0, 2, 0, 0, 0.0
61, 0, 3, 0, 0, 0.0
61, 0, 4, 0, 0, 0.0
61, 0, 5, 0, 0, 0.0
61, 0, 6, 0, 0, 0.0
61, 0, 7, 0, 0, 0.0
61, 0, 8, 0, 0, 0.0
61, 0, 9, 0, 0, 0.0
61, 0, 10, 0, 0, 0.0
61, 0, 11, 0, 0, 0.0
61, 0, 12, 0, 0, 0.0
61, 0, 13, 0, 0, 0.0
61, 0, 14, 0, 0, 0.0
61, 0, 15, 0, 0, 0.0
61, 0, 16, 0, 0, 0.0
61, 0, 17, 0, 0, 0.0
61, 0, 18, 0, 0, 0.0
61, 0, 19, 0, 0, 0.0
61, 0, 20, 0, 0, 0.0
61, 1, 0, 0, 0, 0.0
61, 1, 1, 0, 0, 0.0
61, 1, 2, 0, 0, 0.0
61, 1, 3, 0, 0, 0.0
61, 1, 4, 0, 0, 0.0
61, 1, 5, 0, 0, 0.0
61, 1, 6, 0, 0, 0.0
61, 1, 7, 0, 0, 0.0
61, 1, 8, 0, 0, 0.0
61, 1, 9, 0, 0, 0.0
61, 1, 10, 0, 0, 0.0
61, 1, 11, 0, 0, 0.0
61, 1, 12, 0, 0, 0.0
61, 1, 13, 0, 0, 0.0
61, 1, 14, 0, 0, 0.0
61, 1, 15, 0, 0, 0.0
61, 1, 16, 0, 0, 0.0
61, 1, 17, 0, 0, 0.0
61, 1, 18, 0, 0, 0.0
61, 1, 19, 0, 0, 0.0
61, 1, 20, 0, 0, 0.0
62, 0, 0, 0, 0, 0.0
62, 0, 1, 0, 0, 0.0
62, 0, 2, 0, 0, 0.0
62, 0, 3, 0, 0, 0.0
62, 0, 4, 0, 0, 0.0
62, 0, 5, 0, 0, 0.0
62, 0, 6, 0, 0, 0.0
62, 0, 7, 0, 0, 0.0
62, 0, 8, 0, 0, 0.0
62, 0, 9, 0, 0, 0.0
62, 0, 10, 0, 0, 0.0
62, 0, 11, 0, 0, 0.0
62, 0, 12, 0, 0, 0.0
62, 0, 13, 0, 0, 0.0
62, 0, 14, 0, 0, 0.0
62, 0, 15, 0, 0, 0.0
62, 0, 16, 0, 0, 0.0
62, 0, 17, 0, 0, 0.0
62, 0, 18, 0, 0, 0.0
62, 0, 19, 0, 0, 0.0
62, 0, 20, 0, 0, 0.0
62, 1, 0, 0, 0, 0.0
62, 1, 1, 0, 0, 0.0
62, 1, 2, 0, 0, 0.0
62, 1, 3, 0, 0, 0.0
62, 1, 4, 0, 0, 0.0
62, 1, 5, 0, 0, 0.0
62, 1, 6, 0, 0, 0.0
62, 1, 7, 0, 0, 0.0
62, 1, 8, 0, 0, 0.0
62, 1, 9, 0, 0, 0.0
62, 1, 10, 0, 0, 0.0
62, 1, 11, 0, 0, 0.0
62, 1, 12, 0, 0, 0.0
62, 1, 13, 0, 0, 0.0
62, 1, 14, 0, 0, 0.0
62, 1, 15, 0, 0, 0.0
62, 1, 16, 0, 0, 0.0
62, 1, 17, 0, 0, 0.0
62, 1, 18, 0, 0, 0.0
62, 1, 19, 0, 0, 0.0
62, 1, 20, 0, 0, 0.0
63, 0, 0, 0, 0, 0.0
63, 0, 1, 0, 0, 0.0
63, 0, 2, 0, 0, 0.0
63, 0, 3, 0, 0, 0.0
63, 0, 4, 0, 0, 0.0
63, 0, 5, 0, 0, 0.0
63, 0, 6, 0, 0, 0.0
63, 0, 7, 0, 0, 0.0
63, 0, 8, 0, 0, 0.0
63, 0, 9, 0, 0, 0.0
63, 0, 10, 0, 0, 0.0
63, 0, 11, 0, 0, 0.0
63, 0, 12, 0, 0, 0.0
63, 0, 13, 0, 0, 0.0
63, 0, 14, 0, 0, 0.0
63, 0, 15, 0, 0, 0.0
63, 0, 16, 0, 0, 0.0
63, 0, 17, 0, 0, 0.0
63, 0, 18, 0, 0, 0.0
63, 0, 19, 0, 0, 0.0
63, 0, 20, 0, 0, 0.0
63, 1, 0, 0, 0, 0.0
63, 1, 1, 0, 0, 0.0
63, 1, 2, 0, 0, 0.0
63, 1, 3, 0, 0, 0.0
63, 1, 4, 0, 0, 0.0
63, 1, 5, 0, 0, 0.0
63, 1, 6, 0, 0, 0.0
63, 1, 7, 0, 0, 0.0
63, 1, 8, 0, 0, 0.0
63, 1, 9, 0, 0, 0.0
63, 1, 10, 0, 0, 0.0
63, 1, 11, 0, 0, 0.0
63, 1, 12, 0, 0, 0.0
63, 1, 13, 0, 0, 0.0
63, 1, 14, 0, 0, 0.0
63, 1, 15, 0, 0, 0.0
63, 1, 16, 0, 0, 0.0
63, 1, 17, 0, 0, 0.0
63, 1, 18, 0, 0, 0.0
63, 1, 19, 0, 0, 0.0
63, 1, 20, 0, 0, 0.0
64, 0, 0, 0, 0, 0.0
64, 0, 1, 0, 0, 0.0
64, 0, 2, 0, 0, 0.0
64, 0, 3, 0, 0, 0.0
64, 0, 4, 0, 0, 0.0
64, 0, 5, 0, 0, 0.0
64, 0, 6, 0, 0, 0.0
64, 0, 7, 0, 0, 0.0
64, 0, 8, 0, 0, 0.0
64, 0, 9, 0, 0, 0.0
64, 0, 10, 0, 0, 0.0
64, 0, 11, 0, 0, 0.0
64, 0, 12, 0, 0, 0.0
64, 0, 13, 0, 0, 0.0
64, 0, 14, 0, 0, 0.0
64, 0, 15, 0, 0, 0.0
64, 0, 16, 0, 0, 0.0
64, 0, 17, 0, 0, 0.0
64, 0, 18, 0, 0, 0.0
64, 0, 19, 0, 0, 0.0
64, 0, 20, 0, 0, 0.0
64, 1, 0, 0, 0, 0.0
64, 1, 1, 0, 0, 0.0
64, 1, 2, 0, 0, 0.0
64, 1, 3, 0, 0, 0.0
64, 1, 4, 0, 0, 0.0
64, 1, 5, 0, 0, 0.0
64, 1, 6, 0, 0, 0.0
64, 1, 7, 0, 0, 0.0
64, 1, 8, 0, 0, 0.0
64, 1, 9, 0, 0, 0.0
64, 1, 10, 0, 0, 0.0
64, 1, 11, 0, 0, 0.0
64, 1, 12, 0, 0, 0.0
64, 1, 13, 0, 0, 0.0
64, 1, 14, 0, 0, 0.0
64, 1, 15, 0, 0, 0.0
64, 1, 16, 0, 0, 0.0
64, 1, 17, 0, 0, 0.0
64, 1, 18, 0, 0, 0.0
64, 1, 19, 0, 0, 0.0
64, 1, 20, 0, 0, 0.0
65, 0, 0, 0, 0, 0.0
65, 0, 1, 0, 0, 0.0
65, 0, 2, 0, 0, 0.0
65, 0, 3, 0, 0, 0.0
65, 0, 4, 0, 0, 0.0
65, 0, 5, 0, 0, 0.0
65, 0, 6, 0, 0, 0.0
65, 0, 7, 0, 0, 0.0
65, 0, 8, 0, 0, 0.0
65, 0, 9, 0, 0, 0.0
65, 0, 10, 0, 0, 0.0
65, 0, 11, 0, 0, 0.0
65, 0, 12, 0, 0, 0.0
65, 0, 13, 0, 0, 0.0
65, 0, 14, 0, 0, 0.0
65, 0, 15, 0, 0, 0.0
65, 0, 16, 0, 0, 0.0
65, 0, 17, 0, 0, 0.0
65, 0, 18, 0, 0, 0.0
65, 0, 19, 0, 0, 0.0
65, 0, 20, 0, 0, 0.0
65, 1, 0, 0, 0, 0.0
65, 1, 1, 0, 0, 0.0
65, 1, 2, 0, 0, 0.0
65, 1, 3, 0, 0, 0.0
65, 1, 4, 0, 0, 0.0
65, 1, 5, 0, 0, 0.0
65, 1, 6, 0, 0, 0.0
65, 1, 7, 0, 0, 0.0
65, 1, 8, 0, 0, 0.0
65, 1, 9, 0, 0, 0.0
65, 1, 10, 0, 0, 0.0
65, 1, 11, 0, 0, 0.0
65, 1, 12, 0, 0, 0.0
65, 1, 13, 0, 0, 0.0
65, 1, 14, 0, 0, 0.0
65, 1, 15, 0, 0, 0.0
65, 1, 16, 0, 0, 0.0
65, 1, 17, 0, 0, 0.0
65, 1, 18, 0, 0, 0.0
65, 1, 19, 0, 0, 0.0
65, 1, 20, 0, 0, 0.0
66, 0, 0, 0, 0, 0.0
66, 0, 1, 0, 0, 0.0
66, 0, 2, 0, 0, 0.0
66, 0, 3, 0, 0, 0.0
66, 0, 4, 0, 0, 0.0
66, 0, 5, 0, 0, 0.0
66, 0, 6, 0, 0, 0.0
66, 0, 7, 0, 0, 0.0
66, 0, 8, 0, 0, 0.0
66, 0, 9, 0, 0, 0.0
66, 0, 10, 0, 0, 0.0
66, 0, 11, 0, 0, 0.0
66, 0, 12, 0, 0, 0.0
66, 0, 13, 0, 0, 0.0
66, 0, 14, 0, 0, 0.0
66, 0, 15, 0, 0, 0.0
66, 0, 16, 0, 0, 0.0
66, 0, 17, 0, 0, 0.0
66, 0, 18, 0, 0, 0.0
66, 0, 19, 0, 0, 0.0
66, 0, 20, 0, 0, 0.0
66, 1, 0, 0, 0, 0.0
66, 1, 1, 0, 0, 0.0
66, 1, 2, 0, 0, 0.0
66, 1, 3, 0, 0, 0.0
66, 1, 4, 0, 0, 0.0
66, 1, 5, 0, 0, 0.0
66, 1, 6, 0, 0, 0.0
66, 1, 7, 0, 0, 0.0
66, 1, 8, 0, 0, 0.0
66, 1, 9, 0, 0, 0.0
66, 1, 10, 0, 0, 0.0
66, 1, 11, 0, 0, 0.0
66, 1, 12, 0, 0, 0.0
66, 1, 13, 0, 0, 0.0
66, 1, 14, 0, 0, 0.0
66, 1, 15, 0, 0, 0.0
66, 1, 16, 0, 0, 0.0
66, 1, 17, 0, 0, 0.0
66, 1, 18, 0, 0, 0.0
66, 1, 19, 0, 0, 0.0
66, 1, 20, 0, 0, 0.0
67, 0, 0, 0, 0, 0.0
67, 0, 1, 0, 0, 0.0
67, 0, 2, 0, 0, 0.0
67, 0, 3, 0, 0, 0.0
67, 0, 4, 0, 0, 0.0
67, 0, 5, 0, 0, 0.0
67, 0, 6, 0, 0, 0.0
67, 0, 7, 0, 0, 0.0
67, 0, 8, 0, 0, 0.0
67, 0, 9, 0, 0, 0.0
67, 0, 10, 0, 0, 0.0
67, 0, 11, 0, 0, 0.0
67, 0, 12, 0, 0, 0.0
67, 0, 13, 0, 0, 0.0
67, 0, 14, 0, 0, 0.0
67, 0, 15, 0, 0, 0.0
67, 0, 16, 0, 0, 0.0
67, 0, 17, 0, 0, 0.0
67, 0, 18, 0, 0, 0.0
67, 0, 19, 0, 0, 0.0
67, 0, 20, 0, 0, 0.0
67, 1, 0, 0, 0, 0.0
67, 1, 1, 0, 0, 0.0
67, 1, 2, 0, 0, 0.0
67, 1, 3, 0, 0, 0.0
67, 1, 4, 0, 0, 0.0
67, 1, 5, 0, 0, 0.0
67, 1, 6, 0, 0, 0.0
67, 1, 7, 0, 0, 0.0
67, 1, 8, 0, 0, 0.0
67, 1, 9, 0, 0, 0.0
67, 1, 10, 0, 0, 0.0
67, 1, 11, 0, 0, 0.0
67, 1, 12, 0, 0, 0.0
67, 1, 13, 0, 0, 0.0
67, 1, 14, 0, 0, 0.0
67, 1, 15, 0, 0, 0.0
67, 1, 16, 0, 0, 0.0
67, 1, 17, 0, 0, 0.0
67, 1, 18, 0, 0, 0.0
67, 1, 19, 0, 0, 0.0
67, 1, 20, 0, 0, 0.0
68, 0, 0, 0, 0, 0.0
68, 0, 1, 0, 0, 0.0
68, 0, 2, 0, 0, 0.0
68, 0, 3, 0, 0, 0.0
68, 0, 4, 0, 0, 0.0
68, 0, 5, 0, 0, 0.0
68, 0, 6, 0, 0, 0.0
68, 0, 7, 0, 0, 0.0
68, 0, 8, 0, 0, 0.0
68, 0, 9, 0, 0, 0.0
68, 0, 10, 0, 0, 0.0
68, 0, 11, 0, 0, 0.0
68, 0, 12, 0, 0, 0.0
68, 0, 13, 0, 0, 0.0
68, 0, 14, 0, 0, 0.0
68, 0, 15, 0, 0, 0.0
68, 0, 16, 0, 0, 0.0
68, 0, 17, 0, 0, 0.0
68, 0, 18, 0, 0, 0.0
68, 0, 19, 0, 0, 0.0
68, 0, 20, 0, 0, 0.0
68, 1, 0, 0, 0, 0.0
68, 1, 1, 0, 0, 0.0
68, 1, 2, 0, 0, 0.0
68, 1, 3, 0, 0, 0.0
68, 1, 4, 0, 0, 0.0
68, 1, 5, 0, 0, 0.0
68, 1, 6, 0, 0, 0.0
68, 1, 7, 0, 0, 0.0
68, 1, 8, 0, 0, 0.0
68, 1, 9, 0, 0, 0.0
68, 1, 10, 0, 0, 0.0
68, 1, 11, 0, 0, 0.0
68, 1, 12, 0, 0, 0.0
68, 1, 13, 0, 0, 0.0
68, 1, 14, 0, 0, 0.0
68, 1, 15, 0, 0, 0.0
68, 1, 16, 0, 0, 0.0
68, 1, 17, 0, 0, 0.0
68, 1, 18, 0, 0, 0.0
68, 1, 19, 0, 0, 0.0
68, 1, 20, 0, 0, 0.0
69, 0, 0, 0, 0, 0.0
69, 0, 1, 0, 0, 0.0
69, 0, 2, 0, 0, 0.0
69, 0, 3, 0, 0, 0.0
69, 0, 4, 0, 0, 0.0
69, 0, 5, 0, 0, 0.0
69, 0, 6, 0, 0, 0.0
69, 0, 7, 0, 0, 0.0
69, 0, 8, 0, 0, 0.0
69, 0, 9, 0, 0, 0.0
69, 0, 10, 0, 0, 0.0
69, 0, 11, 0, 0, 0.0
69, 0, 12, 0, 0, 0.0
69, 0, 13, 0, 0, 0.0
69, 0, 14, 0, 0, 0.0
69, 0, 15, 0, 0, 0.0
69, 0, 16, 0, 0, 0.0
69, 0, 17, 0, 0, 0.0
69, 0, 18, 0, 0, 0.0
69, 0, 19, 0, 0, 0.0
69, 0, 20, 0, 0, 0.0
69, 1, 0, 0, 0, 0.0
69, 1, 1, 0, 0, 0.0
69, 1, 2, 0, 0, 0.0
69, 1, 3, 0, 0, 0.0
69, 1, 4, 0, 0, 0.0
69, 1, 5, 0, 0, 0.0
69, 1, 6, 0, 0, 0.0
69, 1, 7, 0, 0, 0.0
69, 1, 8, 0, 0, 0.0
69, 1, 9, 0, 0, 0.0
69, 1, 10, 0, 0, 0.0
69, 1, 11, 0, 0, 0.0
69, 1, 12, 0, 0, 0.0
69, 1, 13, 0, 0, 0.0
69, 1, 14, 0, 0, 0.0
69, 1, 15, 0, 0, 0.0
69, 1, 16, 0, 0, 0.0
69, 1, 17, 0, 0, 0.0
69, 1, 18, 0, 0, 0.0
69, 1, 19, 0, 0, 0.0
69, 1, 20, 0, 0, 0.0
70, 0, 0, 0, 0, 0.0
70, 0, 1, 0, 0, 0.0
70, 0, 2, 0, 0, 0.0
70, 0, 3, 0, 0, 0.0
70, 0, 4, 0, 0, 0.0
70, 0, 5, 0, 0, 0.0
70, 0, 6, 0, 0, 0.0
70, 0, 7, 0, 0, 0.0
70, 0, 8, 0, 0, 0.0
70, 0, 9, 0, 0, 0.0
70, 0, 10, 0, 0, 0.0
70, 0, 11, 0, 0, 0.0
70, 0, 12, 0, 0, 0.0
70, 0, 13, 0, 0, 0.0
70, 0, 14, 0, 0, 0.0
70, 0, 15, 0, 0, 0.0
70, 0, 16, 0, 0, 0.0
70, 0, 17, 0, 0, 0.0
70, 0, 18, 0, 0, 0.0
70, 0, 19, 0, 0, 0.0
70, 0, 20, 0, 0, 0.0
70, 1, 0, 0, 0, 0.0
70, 1, 1, 0, 0, 0.0
70, 1, 2, 0, 0, 0.0
70, 1, 3, 0, 0, 0.0
70, 1, 4, 0, 0, 0.0
70, 1, 5, 0, 0, 0.0
70, 1, 6, 0, 0, 0.0
70, 1, 7, 0, 0, 0.0
70, 1, 8, 0, 0, 0.0
70, 1, 9, 0, 0, 0.0
70, 1, 10, 0, 0, 0.0
70, 1, 11, 0, 0, 0.0
70, 1, 12, 0, 0, 0.0
70, 1, 13, 0, 0, 0.0
70, 1, 14, 0, 0, 0.0
70, 1, 15, 0, 0, 0.0
70, 1, 16, 0, 0, 0.0
70, 1, 17, 0, 0, 0.0
70, 1, 18, 0, 0, 0.0
70, 1, 19, 0, 0, 0.0
70, 1, 20, 0, 0, 0.0
71, 0, 0, 0, 0, 0.0
71, 0, 1, 0, 0, 0.0
71, 0, 2, 0, 0, 0.0
71, 0, 3, 0, 0, 0.0
71, 0, 4, 0, 0, 0.0
71, 0, 5, 0, 0, 0.0
71, 0, 6, 0, 0, 0.0
71, 0, 7, 0, 0, 0.0
71, 0, 8, 0, 0, 0.0
71, 0, 9, 0, 0, 0.0
71, 0, 10, 0, 0, 0.0
71, 0, 11, 0, 0, 0.0
71, 0, 12, 0, 0, 0.0
71, 0, 13, 0, 0, 0.0
71, 0, 14, 0, 0, 0.0
71, 0, 15, 0, 0, 0.0
71, 0, 16, 0, 0, 0.0
71, 0, 17, 0, 0, 0.0
71, 0, 18, 0, 0, 0.0
71, 0, 19, 0, 0, 0.0
71, 0, 20, 0, 0, 0.0
71, 1, 0, 0, 0, 0.0
71, 1, 1, 0, 0, 0.0
71, 1, 2, 0, 0, 0.0
71, 1, 3, 0, 0, 0.0
71, 1, 4, 0, 0, 0.0
71, 1, 5, 0, 0, 0.0
71, 1, 6, 0, 0, 0.0
71, 1, 7, 0, 0, 0.0
71, 1, 8, 0, 0, 0.0
71, 1, 9, 0, 0, 0.0
71, 1, 10, 0, 0, 0.0
71, 1, 11, 0, 0, 0.0
71, 1, 12, 0, 0, 0.0
71, 1, 13, 0, 0, 0.0
71, 1, 14, 0, 0, 0.0
71, 1, 15, 0, 0, 0.0
71, 1, 16, 0, 0, 0.0
71, 1, 17, 0, 0, 0.0
71, 1, 18, 0, 0, 0.0
71, 1, 19, 0, 0, 0.0
71, 1, 20, 0, 0, 0.0
72, 0, 0, 0, 0, 0.0
72, 0, 1, 0, 0, 0.0
72, 0, 2, 0, 0, 0.0
72, 0, 3, 0, 0, 0.0
72, 0, 4, 0, 0, 0.0
72, 0, 5, 0, 0, 0.0
72, 0, 6, 0, 0, 0.0
72, 0, 7, 0, 0, 0.0
72, 0, 8, 0, 0, 0.0
72, 0, 9, 0, 0, 0.0
72, 0, 10, 0, 0, 0.0
72, 0, 11, 0, 0, 0.0
72, 0, 12, 0, 0, 0.0
72, 0, 13, 0, 0, 0.0
72, 0, 14, 0, 0, 0.0
72, 0, 15, 0, 0, 0.0
72, 0, 16, 0, 0, 0.0
72, 0, 17, 0, 0, 0.0
72, 0, 18, 0, 0, 0.0
72, 0, 19, 0, 0, 0.0
72, 0, 20, 0, 0, 0.0
72, 1, 0, 0, 0, 0.0
72, 1, 1, 0, 0, 0.0
72, 1, 2, 0, 0, 0.0
72, 1, 3, 0, 0, 0.0
72, 1, 4, 0, 0, 0.0
72, 1, 5, 0, 0, 0.0
72, 1, 6, 0, 0, 0.0
72, 1, 7, 0, 0, 0.0
72, 1, 8, 0, 0, 0.0
72, 1, 9, 0, 0, 0.0
72, 1, 10, 0, 0, 0.0
72, 1, 11, 0, 0, 0.0
72, 1, 12, 0, 0, 0.0
72, 1, 13, 0, 0, 0.0
72, 1, 14, 0, 0, 0.0
72, 1, 15, 0, 0, 0.0
72, 1, 16, 0, 0, 0.0
72, 1, 17, 0, 0, 0.0
72, 1, 18, 0, 0, 0.0
72, 1, 19, 0, 0, 0.0
72, 1, 20, 0, 0, 0.0
73, 0, 0, 0, 0, 0.0
73, 0, 1, 0, 0, 0.0
73, 0, 2, 0, 0, 0.0
73, 0, 3, 0, 0, 0.0
73, 0, 4, 0, 0, 0.0
73, 0, 5, 0, 0, 0.0
73, 0, 6, 0, 0, 0.0
73, 0, 7, 0, 0, 0.0
73, 0, 8, 0, 0, 0.0
73, 0, 9, 0, 0, 0.0
73, 0, 10, 0, 0, 0.0
73, 0, 11, 0, 0, 0.0
73, 0, 12, 0, 0, 0.0
73, 0, 13, 0, 0, 0.0
73, 0, 14, 0, 0, 0.0
73, 0, 15, 0, 0, 0.0
73, 0, 16, 0, 0, 0.0
73, 0, 17, 0, 0, 0.0
73, 0, 18, 0, 0, 0.0
73, 0, 19, 0, 0, 0.0
73, 0, 20, 0, 0, 0.0
73, 1, 0, 0, 0, 0.0
73, 1, 1, 0, 0, 0.0
73, 1, 2, 0, 0, 0.0
73, 1, 3, 0, 0, 0.0
73, 1, 4, 0, 0, 0.0
73, 1, 5, 0, 0, 0.0
73, 1, 6, 0, 0, 0.0
73, 1, 7, 0, 0, 0.0
73, 1, 8, 0, 0, 0.0
73, 1, 9, 0, 0, 0.0
73, 1, 10, 0, 0, 0.0
73, 1, 11, 0, 0, 0.0
73, 1, 12, 0, 0, 0.0
73, 1, 13, 0, 0, 0.0
73, 1, 14, 0, 0, 0.0
73, 1, 15, 0, 0, 0.0
73, 1, 16, 0, 0, 0.0
73, 1, 17, 0, 0, 0.0
73, 1, 18, 0, 0, 0.0
73, 1, 19, 0, 0, 0.0
73, 1, 20, 0, 0, 0.0
